0.676 0.587 0.693 0.487
0.656 0.635 0.691 0.487
0.636 0.662 0.682 0.533
0.607 0.673 0.676 0.554
0.590 0.702 0.685 0.533
0.589 0.708 0.665 0.631
0.555 0.706 0.642 0.646
0.571 0.722 0.622 0.687
0.588 0.713 0.764 0.544
0.526 0.737 0.879 0.503
0.546 0.734 0.620 0.672
0.526 0.743 0.646 0.656
0.524 0.746 0.714 0.610
0.510 0.754 0.594 0.703
0.540 0.755 0.735 0.626
0.532 0.727 0.628 0.662
0.505 0.754 1.189 0.497
0.507 0.762 0.757 0.605
0.513 0.766 0.609 0.677
0.503 0.755 0.596 0.692
0.537 0.766 0.908 0.538
0.537 0.752 0.583 0.697
0.531 0.756 0.880 0.503
0.521 0.755 0.664 0.656
0.520 0.756 0.590 0.718
0.490 0.771 0.669 0.677
0.496 0.774 0.566 0.713
0.478 0.788 0.571 0.713
0.480 0.782 0.908 0.549
0.516 0.770 0.722 0.656
0.499 0.760 0.871 0.564
0.465 0.785 0.709 0.631
0.447 0.799 0.570 0.728
0.476 0.798 0.551 0.759
0.465 0.791 0.550 0.723
0.453 0.797 0.897 0.544
0.456 0.778 0.810 0.641
0.448 0.788 0.555 0.749
0.490 0.806 0.567 0.723
0.464 0.787 0.768 0.615
0.431 0.797 0.604 0.677
0.450 0.774 0.563 0.759
0.468 0.815 0.558 0.754
0.459 0.778 0.912 0.569
0.426 0.793 0.687 0.697
0.448 0.797 0.700 0.646
0.454 0.819 0.676 0.682
0.541 0.778 0.570 0.749
0.467 0.792 1.045 0.528
0.449 0.779 0.613 0.687
0.443 0.801 0.649 0.718
0.443 0.830 0.551 0.754
0.444 0.808 0.776 0.662
0.482 0.815 0.758 0.687
0.434 0.814 0.738 0.651
0.395 0.826 0.736 0.641
0.401 0.824 0.519 0.769
0.407 0.820 0.546 0.718
0.413 0.822 0.640 0.703
0.399 0.830 0.546 0.744
0.394 0.822 0.743 0.677
0.414 0.833 0.525 0.769
0.383 0.833 0.636 0.718
0.396 0.833 0.593 0.749
0.406 0.828 0.586 0.718
0.393 0.825 0.631 0.713
0.399 0.838 0.857 0.621
0.408 0.831 0.576 0.764
0.407 0.822 0.556 0.754
0.389 0.843 0.773 0.626
0.415 0.838 0.608 0.713
0.414 0.835 0.563 0.749
0.393 0.824 0.643 0.718
0.420 0.835 0.813 0.697
0.384 0.812 0.649 0.718
0.367 0.839 0.952 0.590
0.426 0.843 0.736 0.656
0.390 0.839 1.312 0.554
0.367 0.831 0.579 0.728
0.400 0.831 0.855 0.631
0.357 0.833 0.777 0.636
0.390 0.840 0.695 0.692
0.391 0.843 0.572 0.754
0.385 0.821 0.638 0.708
0.366 0.851 0.819 0.605
0.366 0.840 0.550 0.779
0.378 0.817 0.879 0.631
0.406 0.833 0.557 0.764
0.388 0.826 0.766 0.672
0.364 0.842 0.566 0.759
0.332 0.857 0.525 0.785
0.361 0.847 0.631 0.723
0.371 0.845 0.734 0.672
0.363 0.826 0.677 0.677
0.354 0.867 0.754 0.677
0.339 0.856 0.696 0.708
0.359 0.844 0.672 0.733
0.340 0.860 0.596 0.738
0.334 0.837 0.622 0.738
0.339 0.831 0.926 0.646
0.338 0.852 0.558 0.779
0.327 0.843 0.548 0.774
0.321 0.860 0.528 0.769
0.307 0.853 0.537 0.790
0.311 0.872 0.531 0.785
0.372 0.856 0.770 0.677
0.368 0.852 0.836 0.682
0.298 0.862 0.842 0.672
0.326 0.879 0.654 0.733
0.336 0.857 0.500 0.815
0.290 0.870 0.712 0.692
0.288 0.875 0.537 0.785
0.306 0.870 0.691 0.708
0.322 0.862 0.941 0.667
0.327 0.865 0.629 0.723
0.345 0.849 0.649 0.728
0.325 0.871 1.131 0.579
0.319 0.862 0.524 0.749
0.324 0.871 0.558 0.759
0.285 0.874 0.538 0.779
0.326 0.868 0.868 0.626
0.340 0.865 0.501 0.754
0.296 0.866 0.626 0.692
0.311 0.876 0.547 0.790
0.293 0.870 0.674 0.728
0.285 0.870 0.783 0.708
0.350 0.854 0.975 0.615
0.396 0.847 0.816 0.667
0.302 0.883 0.566 0.759
0.289 0.863 0.715 0.723
0.281 0.866 1.008 0.646
0.303 0.874 0.679 0.718
0.275 0.883 0.694 0.713
0.298 0.870 0.641 0.764
0.345 0.857 0.724 0.703
0.354 0.843 0.846 0.682
0.326 0.865 0.544 0.774
0.312 0.870 0.558 0.728
0.321 0.872 0.685 0.733
0.290 0.894 0.603 0.779
0.272 0.883 0.635 0.749
0.290 0.871 1.055 0.641
0.348 0.879 0.580 0.785
0.396 0.838 1.312 0.569
0.304 0.879 0.570 0.754
0.296 0.875 0.555 0.764
0.286 0.880 0.583 0.744
0.256 0.877 0.556 0.785
0.256 0.897 0.553 0.779
0.283 0.884 0.532 0.795
0.282 0.866 0.568 0.774
0.272 0.879 0.623 0.749
0.256 0.883 0.989 0.621
0.289 0.883 0.521 0.795
0.276 0.870 0.727 0.713
0.296 0.894 0.621 0.749
0.249 0.893 0.605 0.703
0.269 0.888 0.601 0.754
0.293 0.885 0.686 0.738
0.260 0.885 0.593 0.759
0.290 0.889 0.524 0.805
0.293 0.861 0.584 0.759
0.265 0.889 0.533 0.795
0.272 0.877 0.575 0.779
0.302 0.880 0.556 0.790
0.282 0.868 0.619 0.749
0.258 0.891 1.105 0.631
0.271 0.867 0.621 0.769
0.257 0.890 0.626 0.764
0.265 0.894 0.568 0.774
0.334 0.877 0.962 0.697
0.274 0.876 0.587 0.738
0.259 0.891 0.637 0.759
0.260 0.897 0.563 0.790
0.247 0.894 0.612 0.744
0.254 0.899 0.770 0.677
0.294 0.880 0.617 0.764
0.271 0.893 0.840 0.677
0.298 0.893 0.869 0.682
0.311 0.875 0.784 0.728
0.263 0.886 0.585 0.795
0.248 0.884 0.630 0.764
0.274 0.883 0.493 0.805
0.255 0.888 0.536 0.790
0.255 0.895 0.750 0.738
0.284 0.902 0.613 0.769
0.276 0.871 0.799 0.713
0.263 0.897 0.577 0.774
0.337 0.886 1.483 0.549
0.367 0.888 0.686 0.692
0.307 0.858 0.702 0.723
0.293 0.888 0.826 0.651
0.232 0.894 0.590 0.759
0.261 0.893 0.761 0.718
0.284 0.899 0.568 0.774
0.331 0.847 0.786 0.687
0.277 0.889 0.716 0.749
0.275 0.890 0.927 0.641
0.252 0.900 0.588 0.764
0.256 0.897 0.664 0.738
0.242 0.905 0.549 0.810
0.288 0.891 0.588 0.795
0.232 0.900 0.653 0.744
0.241 0.905 0.532 0.805
0.228 0.905 0.567 0.795
0.255 0.909 0.542 0.805
0.253 0.899 0.536 0.800
0.209 0.918 0.611 0.754
0.260 0.913 0.588 0.769
0.223 0.909 0.730 0.733
0.238 0.911 0.592 0.805
0.298 0.900 0.638 0.769
0.278 0.888 0.696 0.728
0.212 0.909 0.615 0.779
0.204 0.921 0.623 0.764
0.252 0.918 0.655 0.744
0.268 0.885 0.614 0.790
0.223 0.907 0.746 0.754
0.184 0.918 0.511 0.810
0.185 0.927 0.537 0.815
0.220 0.916 0.671 0.738
0.234 0.913 1.349 0.631
0.249 0.904 0.788 0.708
0.248 0.913 0.547 0.790
0.229 0.903 0.594 0.795
0.247 0.911 0.525 0.836
0.242 0.890 0.733 0.744
0.226 0.903 0.518 0.800
0.206 0.912 0.590 0.790
0.207 0.922 0.679 0.754
0.230 0.925 0.565 0.795
0.278 0.902 0.600 0.769
0.242 0.905 0.592 0.769
0.267 0.904 0.598 0.790
0.278 0.902 0.665 0.785
0.237 0.900 0.618 0.790
0.203 0.930 0.540 0.821
0.195 0.916 0.601 0.769
0.183 0.923 0.551 0.795
0.204 0.913 0.622 0.764
0.205 0.920 0.601 0.785
0.228 0.909 0.525 0.795
0.278 0.912 0.775 0.764
0.270 0.885 0.646 0.754
0.211 0.903 0.629 0.764
0.219 0.913 0.560 0.800
0.230 0.907 0.592 0.790
0.181 0.923 0.609 0.769
0.217 0.932 0.626 0.800
0.203 0.920 0.499 0.826
0.231 0.925 0.588 0.810
0.251 0.912 0.734 0.708
0.199 0.913 0.549 0.774
0.193 0.921 0.543 0.805
0.201 0.920 0.556 0.795
0.199 0.911 0.506 0.810
0.190 0.917 0.611 0.785
0.179 0.926 0.560 0.805
0.221 0.902 0.655 0.790
0.282 0.907 0.610 0.779
0.218 0.904 0.671 0.769
0.236 0.913 0.566 0.800
0.225 0.914 0.656 0.744
0.217 0.904 0.816 0.713
0.223 0.905 0.621 0.795
0.194 0.930 0.567 0.805
0.187 0.931 0.611 0.785
0.213 0.931 0.544 0.769
0.195 0.922 0.515 0.815
0.183 0.925 0.579 0.779
0.197 0.926 0.550 0.821
0.225 0.925 0.566 0.800
0.197 0.905 0.700 0.795
0.233 0.923 0.550 0.841
0.240 0.907 0.628 0.764
0.251 0.893 0.604 0.790
0.199 0.918 0.840 0.728
0.163 0.937 0.656 0.769
0.236 0.931 0.598 0.805
0.191 0.917 0.775 0.744
0.209 0.930 0.607 0.779
0.258 0.922 1.270 0.626
0.284 0.875 0.607 0.785
0.264 0.918 0.641 0.764
0.211 0.920 0.721 0.733
0.212 0.918 0.594 0.774
0.227 0.921 0.615 0.779
0.266 0.895 0.748 0.749
0.247 0.902 0.773 0.723
0.208 0.913 1.112 0.646
0.177 0.935 0.649 0.774
0.186 0.930 0.607 0.795
0.215 0.916 0.651 0.774
0.192 0.914 0.614 0.774
0.169 0.937 0.569 0.815
0.205 0.922 0.583 0.810
0.197 0.916 0.602 0.795
0.208 0.926 0.910 0.667
0.242 0.904 1.006 0.672
0.355 0.889 1.025 0.677
0.203 0.920 1.954 0.554
0.177 0.926 0.797 0.744
0.197 0.917 0.547 0.805
0.173 0.928 0.615 0.790
0.168 0.936 0.553 0.795
0.189 0.936 0.566 0.800
0.178 0.943 0.513 0.821
0.191 0.931 0.641 0.800
0.150 0.936 0.583 0.831
0.169 0.944 0.570 0.821
0.144 0.939 0.692 0.769
0.185 0.935 0.602 0.785
0.184 0.931 0.605 0.795
0.176 0.927 0.606 0.785
0.160 0.945 0.616 0.774
0.178 0.932 0.663 0.810
0.154 0.944 0.611 0.785
0.164 0.939 0.591 0.810
0.159 0.940 0.577 0.774
0.167 0.944 0.549 0.805
0.199 0.931 0.671 0.785
0.214 0.904 0.589 0.785
0.156 0.936 0.558 0.810
0.152 0.951 0.539 0.795
0.159 0.943 0.595 0.805
0.160 0.949 0.644 0.795
0.177 0.923 0.762 0.769
0.149 0.949 0.556 0.815
0.213 0.935 0.596 0.795
0.168 0.931 0.598 0.800
0.149 0.945 0.564 0.821
0.152 0.943 0.662 0.805
0.153 0.935 0.618 0.810
0.153 0.941 0.674 0.795
0.152 0.951 0.693 0.779
0.145 0.944 0.652 0.774
0.157 0.941 0.567 0.826
0.201 0.940 0.662 0.795
0.258 0.934 1.133 0.651
0.234 0.923 1.271 0.595
0.213 0.913 0.598 0.805
0.157 0.946 0.563 0.805
0.173 0.941 0.782 0.754
0.178 0.926 0.780 0.754
0.205 0.936 0.819 0.759
0.142 0.943 0.749 0.764
0.167 0.945 0.638 0.805
0.198 0.934 0.529 0.815
0.158 0.937 0.560 0.815
0.131 0.955 0.720 0.769
0.156 0.954 0.764 0.769
0.165 0.951 0.680 0.790
0.165 0.934 0.552 0.810
0.175 0.934 0.640 0.774
0.134 0.954 0.597 0.805
0.125 0.954 0.576 0.826
0.188 0.948 0.562 0.805
0.208 0.920 0.633 0.785
0.141 0.941 0.540 0.810
0.130 0.954 0.554 0.831
0.142 0.955 0.594 0.810
0.185 0.935 0.607 0.836
0.159 0.944 0.612 0.826
0.174 0.935 0.667 0.805
0.162 0.944 0.786 0.764
0.165 0.948 0.572 0.826
0.151 0.951 0.856 0.738
0.153 0.937 0.758 0.749
0.129 0.954 0.729 0.826
0.126 0.963 0.592 0.846
0.148 0.957 0.674 0.805
0.148 0.946 0.578 0.805
0.135 0.937 0.569 0.810
0.142 0.953 0.611 0.821
0.191 0.934 0.592 0.815
0.218 0.937 0.607 0.810
0.197 0.958 1.216 0.651
0.173 0.923 1.528 0.641
0.139 0.954 0.673 0.790
0.169 0.957 0.589 0.826
0.175 0.940 0.650 0.800
0.165 0.927 0.803 0.764
0.151 0.946 0.765 0.785
0.151 0.945 0.939 0.738
0.153 0.949 0.610 0.805
0.210 0.936 0.587 0.790
0.197 0.916 0.664 0.795
0.209 0.931 0.619 0.831
0.184 0.936 0.979 0.769
0.144 0.943 0.770 0.779
0.121 0.953 0.618 0.805
0.138 0.950 0.600 0.800
0.144 0.951 0.617 0.810
0.156 0.949 0.649 0.805
0.159 0.940 0.620 0.795
0.214 0.932 0.753 0.769
0.148 0.941 0.678 0.815
0.162 0.937 0.627 0.790
0.141 0.943 0.903 0.728
0.122 0.949 0.555 0.821
0.135 0.951 0.620 0.815
0.212 0.954 0.680 0.800
0.220 0.944 0.621 0.800
0.404 0.934 0.683 0.795
0.288 0.925 0.738 0.774
0.179 0.913 0.604 0.810
0.214 0.944 0.553 0.800
0.157 0.934 0.650 0.805
0.173 0.943 0.976 0.713
0.155 0.960 0.562 0.836
0.136 0.958 0.559 0.846
0.127 0.957 0.639 0.810
0.131 0.949 0.583 0.815
0.141 0.957 0.616 0.815
0.155 0.957 0.631 0.815
0.137 0.957 0.586 0.810
0.138 0.944 0.748 0.779
0.132 0.957 0.633 0.815
0.129 0.955 0.557 0.836
0.140 0.960 0.596 0.805
0.130 0.958 0.617 0.815
0.146 0.959 0.624 0.826
0.132 0.943 0.572 0.785
0.158 0.951 0.538 0.815
0.159 0.940 0.586 0.810
0.218 0.939 0.643 0.795
0.163 0.925 0.628 0.774
0.128 0.951 0.565 0.836
0.143 0.945 0.568 0.810
0.175 0.960 0.622 0.815
0.138 0.940 0.642 0.774
0.120 0.957 0.543 0.841
0.158 0.958 0.602 0.805
0.130 0.957 0.638 0.821
0.115 0.955 0.700 0.785
0.130 0.959 0.597 0.815
0.132 0.960 0.687 0.805
0.135 0.934 0.581 0.831
0.148 0.955 0.591 0.815
0.151 0.951 0.597 0.815
0.155 0.954 0.563 0.810
0.123 0.949 0.537 0.826
0.099 0.967 0.585 0.821
0.116 0.968 0.562 0.826
0.116 0.954 0.550 0.826
0.127 0.969 0.599 0.831
0.124 0.949 0.610 0.815
0.096 0.971 0.591 0.826
0.166 0.967 0.560 0.810
0.122 0.960 0.631 0.790
0.104 0.968 0.652 0.810
0.124 0.967 0.579 0.826
0.096 0.959 0.715 0.769
0.106 0.966 0.665 0.810
0.168 0.944 0.656 0.805
0.164 0.944 0.672 0.779
0.256 0.935 0.848 0.733
0.225 0.934 0.591 0.826
0.179 0.937 0.727 0.821
0.128 0.955 0.933 0.738
0.113 0.954 0.656 0.805
0.118 0.959 0.589 0.836
0.110 0.960 0.655 0.810
0.122 0.958 0.622 0.821
0.128 0.964 0.595 0.836
0.096 0.966 0.649 0.805
0.114 0.960 0.678 0.805
0.146 0.957 0.767 0.769
0.128 0.955 1.033 0.733
0.111 0.962 0.583 0.815
0.102 0.960 0.571 0.821
0.102 0.964 0.567 0.815
0.112 0.971 0.606 0.831
0.152 0.968 0.640 0.826
0.124 0.945 0.611 0.815
0.133 0.955 0.605 0.800
0.129 0.966 0.616 0.795
0.144 0.960 0.647 0.805
0.150 0.946 0.571 0.815
0.145 0.941 0.652 0.800
0.124 0.966 0.604 0.815
0.107 0.954 0.720 0.795
0.126 0.964 0.825 0.764
0.110 0.957 0.746 0.754
0.091 0.971 0.612 0.836
0.100 0.962 0.600 0.831
0.116 0.954 0.642 0.800
0.132 0.958 0.635 0.805
0.168 0.968 0.726 0.800
0.110 0.960 0.736 0.774
0.196 0.954 0.610 0.790
0.233 0.930 1.048 0.708
0.160 0.939 0.640 0.810
0.201 0.963 0.562 0.826
0.132 0.940 0.622 0.821
0.124 0.955 0.623 0.810
0.096 0.964 0.610 0.805
0.103 0.964 0.745 0.790
0.125 0.957 0.629 0.815
0.139 0.946 0.686 0.790
0.104 0.963 0.666 0.810
0.107 0.964 0.734 0.790
0.107 0.957 0.639 0.821
0.105 0.969 0.622 0.831
0.094 0.972 0.662 0.821
0.094 0.974 0.605 0.815
0.092 0.972 0.604 0.826
0.092 0.967 0.583 0.815
0.105 0.972 0.586 0.831
0.107 0.968 0.625 0.805
0.126 0.973 0.549 0.815
0.122 0.966 0.572 0.805
0.120 0.967 0.584 0.810
0.140 0.962 0.609 0.826
0.103 0.963 0.689 0.815
0.094 0.964 0.787 0.800
0.127 0.964 0.620 0.821
0.107 0.972 0.647 0.790
0.127 0.958 0.683 0.810
0.096 0.971 0.734 0.785
0.109 0.957 0.625 0.795
0.100 0.968 0.677 0.815
0.120 0.967 0.651 0.826
0.086 0.971 0.808 0.805
0.093 0.976 0.656 0.826
0.094 0.972 0.635 0.826
0.093 0.971 0.740 0.810
0.088 0.972 0.675 0.815
0.098 0.964 0.609 0.826
0.117 0.968 0.632 0.795
0.092 0.964 0.658 0.815
0.095 0.972 0.584 0.821
0.137 0.968 0.586 0.826
0.170 0.955 0.606 0.815
0.129 0.959 0.722 0.774
0.139 0.954 0.727 0.795
0.115 0.953 0.827 0.779
0.085 0.972 0.614 0.821
0.089 0.971 0.625 0.836
0.105 0.971 0.614 0.831
0.151 0.951 0.605 0.805
0.167 0.950 1.230 0.667
0.137 0.959 0.620 0.826
0.145 0.959 0.740 0.795
0.142 0.960 0.669 0.810
0.095 0.969 0.766 0.815
0.092 0.973 0.588 0.810
0.105 0.968 0.678 0.821
0.103 0.960 0.945 0.764
0.103 0.973 0.636 0.826
0.118 0.962 0.627 0.831
0.096 0.966 0.776 0.779
0.079 0.973 0.672 0.805
0.116 0.969 0.605 0.841
0.214 0.971 0.759 0.810
0.150 0.939 1.194 0.703
0.104 0.971 0.679 0.810
0.110 0.969 0.636 0.826
0.107 0.969 0.597 0.805
0.101 0.959 0.644 0.836
0.078 0.976 0.597 0.821
0.103 0.969 0.622 0.831
0.101 0.960 0.714 0.826
0.111 0.967 0.641 0.826
0.086 0.968 0.637 0.800
0.093 0.971 0.652 0.821
0.097 0.971 0.685 0.815
0.111 0.966 0.573 0.826
0.101 0.964 0.619 0.836
0.080 0.976 0.646 0.800
0.092 0.968 0.579 0.826
0.086 0.973 0.619 0.805
0.117 0.976 0.597 0.831
0.095 0.969 0.616 0.831
0.138 0.960 0.735 0.800
0.109 0.958 0.663 0.810
0.087 0.968 0.620 0.821
0.077 0.980 0.604 0.815
0.163 0.974 0.579 0.826
0.134 0.966 0.652 0.815
0.092 0.968 0.645 0.821
0.097 0.973 0.615 0.836
0.129 0.967 0.645 0.831
0.108 0.969 0.745 0.810
0.130 0.971 0.675 0.831
0.137 0.958 0.738 0.810
0.137 0.960 0.827 0.795
0.081 0.966 0.818 0.779
0.130 0.972 0.635 0.831
0.132 0.969 0.634 0.790
0.132 0.960 0.628 0.810
0.113 0.958 0.937 0.759
0.090 0.972 0.662 0.821
0.129 0.966 0.676 0.805
0.167 0.967 0.662 0.810
0.126 0.955 0.689 0.785
0.132 0.958 0.649 0.795
0.086 0.972 0.627 0.841
0.115 0.972 0.647 0.841
0.124 0.968 0.647 0.815
0.112 0.969 0.646 0.815
0.101 0.971 0.630 0.810
0.154 0.964 0.653 0.810
0.089 0.966 0.681 0.810
0.096 0.971 0.636 0.826
0.095 0.963 0.708 0.815
0.078 0.972 0.763 0.821
0.074 0.982 0.639 0.821
0.082 0.974 0.608 0.826
0.073 0.978 0.598 0.826
0.116 0.974 0.617 0.826
0.122 0.969 0.658 0.810
0.090 0.973 0.678 0.810
0.110 0.971 0.624 0.810
0.110 0.973 0.630 0.810
0.096 0.974 0.681 0.826
0.107 0.977 0.604 0.831
0.074 0.978 0.603 0.826
0.132 0.974 0.611 0.821
0.103 0.971 0.637 0.836
0.140 0.974 0.623 0.831
0.132 0.968 0.674 0.790
0.102 0.969 0.608 0.810
0.100 0.969 0.696 0.805
0.104 0.976 0.624 0.821
0.095 0.962 0.652 0.815
0.081 0.980 0.612 0.815
0.146 0.982 0.606 0.841
0.080 0.973 0.736 0.815
0.120 0.972 0.600 0.841
0.090 0.974 0.610 0.821
0.098 0.968 0.617 0.805
0.077 0.977 0.692 0.815
0.098 0.974 0.687 0.815
0.092 0.976 0.726 0.815
0.077 0.977 0.652 0.815
0.074 0.978 0.654 0.821
0.066 0.978 0.660 0.821
0.083 0.980 0.657 0.821
0.095 0.978 0.637 0.821
0.093 0.973 0.676 0.815
0.082 0.967 0.677 0.805
0.102 0.977 0.690 0.815
0.103 0.974 0.697 0.805
0.087 0.977 0.625 0.826
0.109 0.967 0.640 0.826
0.112 0.969 0.713 0.795
0.119 0.972 0.679 0.821
0.088 0.967 0.804 0.785
0.115 0.974 0.634 0.841
0.123 0.963 0.667 0.800
0.072 0.972 0.626 0.821
0.076 0.981 0.611 0.831
0.080 0.969 0.617 0.815
0.095 0.972 0.610 0.836
0.081 0.976 0.612 0.821
0.184 0.963 0.612 0.841
0.099 0.963 0.798 0.795
0.080 0.978 0.636 0.826
0.119 0.974 0.690 0.815
0.103 0.968 0.723 0.769
0.088 0.974 0.738 0.831
0.094 0.976 0.790 0.826
0.072 0.976 0.779 0.805
0.070 0.976 0.617 0.831
0.079 0.976 0.605 0.836
0.090 0.980 0.612 0.836
0.084 0.978 0.651 0.831
0.091 0.972 0.681 0.826
0.075 0.976 0.609 0.836
0.154 0.976 0.608 0.836
0.106 0.966 0.681 0.821
0.100 0.974 0.780 0.805
0.118 0.968 0.673 0.821
0.101 0.968 0.647 0.800
0.072 0.981 0.596 0.815
0.137 0.973 0.592 0.826
0.082 0.971 0.636 0.826
0.107 0.976 0.633 0.810
0.095 0.978 0.651 0.821
0.078 0.972 0.642 0.815
0.115 0.973 0.622 0.826
0.070 0.972 0.657 0.826
0.087 0.976 0.631 0.831
0.093 0.974 0.604 0.841
0.120 0.967 0.662 0.826
0.102 0.972 0.678 0.826
0.094 0.964 1.015 0.738
0.085 0.973 0.651 0.810
0.085 0.971 0.639 0.826
0.156 0.974 0.626 0.826
0.124 0.966 0.875 0.764
0.112 0.963 0.656 0.826
0.119 0.973 0.702 0.805
0.088 0.973 0.665 0.790
0.127 0.973 0.649 0.815
0.155 0.967 0.685 0.826
0.094 0.969 0.686 0.800
0.085 0.978 0.727 0.815
0.079 0.980 0.699 0.810
0.069 0.980 0.605 0.836
0.080 0.971 0.627 0.826
0.098 0.973 0.625 0.826
0.074 0.976 0.641 0.831
0.068 0.986 0.637 0.821
0.087 0.977 0.636 0.821
0.088 0.972 0.638 0.815
0.068 0.980 0.682 0.800
0.083 0.973 0.630 0.821
0.069 0.980 0.627 0.826
0.069 0.977 0.634 0.826
0.110 0.983 0.625 0.831
0.102 0.974 0.671 0.810
0.088 0.973 0.641 0.821
0.075 0.982 0.644 0.831
0.105 0.973 0.644 0.821
0.101 0.980 0.619 0.826
0.110 0.966 0.629 0.821
0.088 0.978 0.726 0.821
0.084 0.978 0.630 0.836
0.079 0.976 0.636 0.821
0.122 0.972 0.655 0.821
0.105 0.978 0.654 0.821
0.070 0.980 0.646 0.831
0.069 0.978 0.650 0.821
0.109 0.980 0.642 0.810
0.095 0.980 0.619 0.836
0.076 0.982 0.632 0.826
0.086 0.977 0.632 0.836
0.096 0.980 0.632 0.836
0.081 0.966 0.610 0.821
0.074 0.985 0.619 0.826
0.070 0.976 0.675 0.810
0.059 0.981 0.616 0.836
0.111 0.977 0.633 0.821
0.076 0.978 0.634 0.826
0.088 0.971 0.661 0.815
0.079 0.983 0.646 0.815
0.072 0.973 0.652 0.821
0.142 0.976 0.711 0.815
0.081 0.974 0.766 0.826
0.097 0.974 0.678 0.800
0.143 0.977 0.658 0.815
0.092 0.981 0.699 0.821
0.117 0.976 0.817 0.810
0.129 0.974 0.741 0.815
0.070 0.973 0.677 0.815
0.071 0.981 0.631 0.831
0.074 0.980 0.633 0.831
0.088 0.976 0.707 0.821
0.099 0.982 0.618 0.821
0.070 0.978 0.709 0.785
0.084 0.977 0.602 0.826
0.066 0.980 0.615 0.815
0.086 0.983 0.648 0.826
0.063 0.980 0.699 0.821
0.127 0.976 0.641 0.831
0.097 0.972 0.686 0.831
0.064 0.980 0.650 0.821
0.062 0.982 0.674 0.810
0.078 0.972 0.657 0.815
0.071 0.980 0.654 0.815
0.075 0.977 0.625 0.846
0.081 0.982 0.657 0.826
0.069 0.978 0.805 0.805
0.076 0.983 0.634 0.831
0.076 0.982 0.655 0.826
0.069 0.980 0.630 0.826
0.078 0.971 0.651 0.826
0.065 0.985 0.617 0.831
0.068 0.980 0.630 0.836
0.086 0.981 0.661 0.821
0.078 0.981 0.732 0.810
0.081 0.982 0.632 0.836
0.101 0.982 0.643 0.846
0.082 0.980 0.651 0.815
0.085 0.977 0.687 0.815
0.077 0.977 0.646 0.831
0.093 0.980 0.651 0.810
0.104 0.982 0.675 0.815
0.130 0.973 0.725 0.815
0.097 0.973 0.840 0.805
0.086 0.976 0.662 0.831
0.080 0.977 0.640 0.815
0.102 0.971 0.651 0.831
0.076 0.980 0.666 0.831
0.062 0.982 0.737 0.821
0.069 0.977 0.680 0.815
0.087 0.978 0.675 0.821
0.073 0.981 0.644 0.821
0.072 0.977 0.645 0.826
0.133 0.981 0.635 0.831
0.087 0.974 0.703 0.800
0.064 0.976 0.657 0.836
0.079 0.972 0.638 0.826
0.099 0.978 0.676 0.821
0.106 0.977 0.695 0.826
0.109 0.973 0.696 0.815
0.071 0.973 0.814 0.821
0.068 0.983 0.686 0.810
0.062 0.983 0.645 0.831
0.077 0.974 0.657 0.831
0.075 0.978 0.670 0.815
0.115 0.980 0.674 0.805
0.083 0.980 0.673 0.836
0.112 0.983 0.680 0.836
0.074 0.980 0.658 0.815
0.059 0.985 0.658 0.831
0.074 0.981 0.663 0.826
0.117 0.980 0.708 0.826
0.071 0.980 0.744 0.815
0.084 0.978 0.675 0.826
0.068 0.983 0.669 0.836
0.069 0.981 0.656 0.836
0.081 0.977 0.642 0.831
0.077 0.969 0.677 0.836
0.097 0.977 0.654 0.810
0.070 0.981 0.670 0.846
0.082 0.972 0.654 0.831
0.072 0.980 0.688 0.821
0.063 0.986 0.721 0.810
0.060 0.980 0.666 0.831
0.071 0.980 0.677 0.826
0.058 0.987 0.686 0.821
0.064 0.981 0.673 0.821
0.079 0.986 0.671 0.831
0.086 0.978 0.661 0.826
0.077 0.978 0.650 0.826
0.102 0.982 0.644 0.831
0.071 0.983 0.657 0.836
0.101 0.977 0.637 0.846
0.126 0.971 0.630 0.841
0.096 0.974 0.645 0.826
0.060 0.986 0.648 0.831
0.058 0.980 0.662 0.831
0.099 0.977 0.675 0.826
0.085 0.985 0.689 0.826
0.065 0.983 0.665 0.815
0.068 0.985 0.658 0.826
0.070 0.980 0.658 0.851
0.084 0.985 0.666 0.831
0.086 0.980 0.669 0.826
0.064 0.981 0.719 0.821
0.070 0.980 0.675 0.826
0.055 0.986 0.650 0.831
0.101 0.982 0.653 0.821
0.076 0.985 0.672 0.821
0.117 0.980 0.658 0.826
0.098 0.978 0.819 0.800
0.077 0.980 0.690 0.831
0.063 0.976 0.660 0.821
0.070 0.982 0.669 0.815
0.089 0.978 0.688 0.810
0.060 0.977 0.640 0.821
0.058 0.990 0.636 0.821
0.068 0.982 0.649 0.831
0.093 0.981 0.638 0.826
0.087 0.977 0.646 0.826
0.136 0.978 0.626 0.815
0.100 0.976 0.639 0.831
0.099 0.981 0.680 0.821
0.103 0.977 0.734 0.831
0.074 0.980 0.764 0.821
0.066 0.985 0.681 0.826
0.061 0.981 0.653 0.831
0.089 0.976 0.654 0.831
0.147 0.971 0.657 0.831
0.090 0.974 0.632 0.851
0.110 0.981 0.651 0.831
0.120 0.977 0.648 0.821
0.070 0.982 0.694 0.826
0.060 0.980 0.745 0.815
0.067 0.981 0.693 0.821
0.090 0.983 0.684 0.815
0.095 0.978 0.694 0.810
0.059 0.985 0.660 0.821
0.142 0.982 0.649 0.821
0.079 0.973 0.812 0.800
0.066 0.982 0.681 0.805
0.059 0.982 0.642 0.831
0.067 0.978 0.647 0.836
0.066 0.983 0.635 0.836
0.059 0.977 0.638 0.826
0.081 0.983 0.662 0.826
0.099 0.981 0.673 0.821
0.065 0.978 0.679 0.831
0.089 0.977 0.672 0.826
0.067 0.978 0.674 0.826
0.057 0.981 0.666 0.826
0.097 0.980 0.703 0.826
0.069 0.982 0.665 0.831
0.077 0.983 0.663 0.841
0.083 0.976 0.668 0.810
0.094 0.978 0.732 0.805
0.072 0.981 0.656 0.836
0.068 0.983 0.711 0.821
0.064 0.981 0.676 0.826
0.096 0.977 0.679 0.836
0.099 0.978 0.672 0.836
0.101 0.978 0.696 0.821
0.063 0.983 0.675 0.831
0.088 0.989 0.671 0.841
0.065 0.982 0.704 0.836
0.072 0.978 0.669 0.831
0.077 0.976 0.669 0.831
0.069 0.980 0.660 0.831
0.108 0.981 0.670 0.831
0.066 0.981 0.683 0.831
0.085 0.987 0.677 0.841
0.069 0.974 0.662 0.836
0.057 0.985 0.663 0.836
0.067 0.982 0.660 0.836
0.084 0.985 0.671 0.826
0.059 0.982 0.676 0.831
0.063 0.978 0.671 0.836
0.070 0.982 0.678 0.821
0.088 0.980 0.665 0.821
0.093 0.974 0.660 0.821
0.077 0.982 0.655 0.826
0.084 0.976 0.667 0.831
0.059 0.985 0.651 0.831
0.069 0.983 0.638 0.821
0.056 0.983 0.648 0.826
0.068 0.982 0.660 0.831
0.058 0.983 0.677 0.826
0.083 0.983 0.674 0.826
0.112 0.980 0.687 0.821
0.068 0.978 0.667 0.815
0.065 0.987 0.672 0.821
0.069 0.977 0.691 0.821
0.071 0.978 0.689 0.826
0.054 0.990 0.653 0.815
0.053 0.986 0.654 0.826
0.075 0.983 0.658 0.836
0.064 0.980 0.682 0.821
0.069 0.982 0.662 0.836
0.071 0.987 0.675 0.826
0.099 0.982 0.673 0.821
0.066 0.983 0.661 0.841
0.074 0.983 0.658 0.831
0.065 0.982 0.675 0.821
0.059 0.982 0.700 0.815
0.061 0.980 0.703 0.810
0.104 0.982 0.680 0.836
0.068 0.980 0.712 0.821
0.071 0.983 0.716 0.821
0.060 0.981 0.721 0.815
0.076 0.978 0.693 0.826
0.127 0.982 0.702 0.826
0.059 0.986 0.743 0.821
0.080 0.976 0.682 0.826
0.060 0.977 0.674 0.831
0.056 0.989 0.671 0.836
0.064 0.983 0.693 0.815
0.068 0.978 0.698 0.815
0.079 0.983 0.720 0.810
0.069 0.983 0.709 0.815
0.079 0.981 0.694 0.826
0.060 0.982 0.680 0.826
0.054 0.981 0.688 0.826
0.057 0.983 0.701 0.826
0.126 0.983 0.715 0.821
0.067 0.986 0.738 0.810
0.069 0.987 0.691 0.821
0.100 0.982 0.666 0.821
0.059 0.983 0.653 0.846
0.062 0.986 0.686 0.815
0.051 0.990 0.682 0.821
0.053 0.985 0.678 0.831
0.090 0.985 0.689 0.826
0.072 0.983 0.681 0.815
0.082 0.978 0.707 0.826
0.065 0.976 0.743 0.826
0.094 0.983 0.686 0.831
0.152 0.977 0.662 0.831
0.068 0.978 0.662 0.821
0.070 0.973 0.670 0.826
0.073 0.977 0.651 0.836
0.055 0.989 0.659 0.831
0.076 0.983 0.678 0.821
0.075 0.991 0.725 0.826
0.086 0.982 0.734 0.815
0.056 0.982 0.715 0.826
0.135 0.981 0.677 0.821
0.076 0.982 0.674 0.810
0.057 0.985 0.672 0.821
0.101 0.978 0.658 0.831
0.085 0.976 0.642 0.826
0.070 0.986 0.657 0.836
0.058 0.986 0.647 0.826
0.064 0.983 0.667 0.815
0.152 0.976 0.656 0.815
0.055 0.986 0.671 0.810
0.074 0.983 0.647 0.821
0.092 0.981 0.642 0.846
0.069 0.977 0.655 0.836
0.054 0.986 0.665 0.836
0.127 0.982 0.664 0.826
0.050 0.985 0.744 0.826
0.062 0.986 0.716 0.821
