0.677 0.591 0.696 0.487
0.652 0.637 0.690 0.472
0.641 0.617 0.702 0.487
0.604 0.702 0.688 0.518
0.584 0.706 0.731 0.487
0.598 0.695 0.651 0.636
0.604 0.724 0.635 0.672
0.563 0.700 0.639 0.662
0.549 0.747 0.717 0.600
0.541 0.733 1.020 0.518
0.514 0.754 0.718 0.631
0.520 0.752 0.771 0.559
0.521 0.754 1.021 0.508
0.500 0.751 0.945 0.513
0.500 0.760 0.711 0.605
0.516 0.750 1.468 0.497
0.492 0.756 0.772 0.579
0.483 0.774 0.903 0.538
0.505 0.784 0.709 0.621
0.505 0.775 0.637 0.687
0.498 0.771 0.632 0.656
0.502 0.765 0.707 0.626
0.449 0.803 1.167 0.533
0.484 0.774 0.749 0.585
0.461 0.779 0.984 0.569
0.465 0.797 0.594 0.697
0.440 0.806 1.063 0.544
0.427 0.815 0.971 0.523
0.423 0.805 1.044 0.564
0.437 0.798 0.690 0.662
0.438 0.816 1.673 0.497
0.489 0.805 1.270 0.528
0.438 0.792 1.064 0.564
0.415 0.817 0.722 0.641
0.398 0.819 0.838 0.626
0.466 0.798 0.933 0.610
0.455 0.814 0.907 0.595
0.399 0.824 0.650 0.656
0.414 0.817 0.683 0.662
0.422 0.812 1.100 0.574
0.471 0.799 0.604 0.728
0.423 0.816 0.646 0.697
0.468 0.810 0.666 0.682
0.420 0.819 0.562 0.708
0.421 0.828 0.634 0.718
0.395 0.839 0.642 0.672
0.418 0.840 1.320 0.533
0.407 0.820 1.068 0.615
0.438 0.819 0.990 0.600
0.412 0.825 0.659 0.692
0.369 0.845 0.767 0.656
0.388 0.840 0.600 0.744
0.371 0.838 0.602 0.697
0.362 0.853 0.619 0.708
0.362 0.860 0.839 0.636
0.358 0.852 0.638 0.708
0.352 0.861 0.602 0.708
0.390 0.837 0.752 0.641
0.338 0.851 0.841 0.600
0.324 0.879 0.585 0.779
0.329 0.852 0.750 0.708
0.329 0.849 0.997 0.636
0.349 0.845 0.807 0.672
0.368 0.848 0.717 0.703
0.395 0.835 0.685 0.692
0.369 0.835 0.589 0.738
0.342 0.875 0.622 0.713
0.330 0.849 0.592 0.754
0.384 0.837 0.598 0.749
0.319 0.863 0.573 0.733
0.320 0.868 0.637 0.723
0.326 0.856 0.717 0.682
0.325 0.870 0.637 0.708
0.316 0.884 0.623 0.713
0.335 0.866 0.782 0.667
0.322 0.858 0.756 0.703
0.300 0.877 0.617 0.779
0.336 0.874 0.768 0.677
0.329 0.876 0.758 0.641
0.317 0.863 0.663 0.708
0.342 0.884 0.597 0.744
0.333 0.877 0.654 0.708
0.367 0.868 0.624 0.749
0.337 0.858 1.256 0.574
0.380 0.839 0.815 0.682
0.327 0.871 0.678 0.723
0.304 0.861 0.693 0.733
0.312 0.875 0.934 0.656
0.324 0.865 1.066 0.579
0.294 0.883 0.569 0.779
0.342 0.889 0.608 0.733
0.274 0.889 0.702 0.708
0.354 0.888 0.612 0.759
0.304 0.861 0.613 0.749
0.340 0.883 0.598 0.744
0.282 0.890 0.627 0.749
0.288 0.898 0.714 0.692
0.317 0.881 0.691 0.728
0.327 0.881 0.889 0.610
0.337 0.868 0.957 0.651
0.321 0.886 0.552 0.764
0.310 0.879 0.623 0.733
0.238 0.912 0.796 0.687
0.242 0.902 0.543 0.785
0.255 0.916 0.514 0.795
0.229 0.903 0.631 0.718
0.221 0.913 0.541 0.785
0.238 0.918 0.551 0.785
0.235 0.913 0.540 0.774
0.225 0.922 0.575 0.800
0.263 0.903 0.628 0.764
0.253 0.900 0.614 0.759
0.254 0.913 0.594 0.785
0.271 0.890 0.641 0.754
0.273 0.898 0.596 0.754
0.260 0.898 0.604 0.728
0.233 0.917 0.547 0.779
0.219 0.905 0.555 0.779
0.262 0.890 0.678 0.708
0.279 0.905 0.707 0.718
0.287 0.883 0.643 0.738
0.271 0.885 0.619 0.774
0.248 0.916 0.563 0.790
0.283 0.921 0.679 0.718
0.231 0.912 0.594 0.738
0.224 0.916 0.576 0.764
0.223 0.930 0.559 0.759
0.289 0.900 0.587 0.774
0.303 0.867 0.676 0.738
0.240 0.902 0.641 0.744
0.226 0.921 0.685 0.733
0.228 0.912 0.576 0.774
0.295 0.902 0.579 0.774
0.262 0.897 0.649 0.744
0.224 0.922 0.615 0.805
0.220 0.925 0.607 0.785
0.256 0.918 0.554 0.795
0.229 0.917 0.616 0.744
0.232 0.922 0.580 0.769
0.242 0.921 0.690 0.764
0.271 0.883 0.638 0.759
0.271 0.898 0.733 0.703
0.221 0.932 0.643 0.759
0.218 0.926 0.579 0.759
0.221 0.911 0.936 0.626
0.230 0.921 0.727 0.703
0.270 0.920 0.615 0.754
0.238 0.902 0.568 0.805
0.235 0.926 0.735 0.672
0.237 0.909 0.704 0.703
0.239 0.925 0.661 0.785
0.253 0.914 0.659 0.759
0.291 0.880 1.197 0.610
0.270 0.903 0.847 0.697
0.222 0.912 0.656 0.779
0.223 0.918 0.886 0.641
0.217 0.921 0.881 0.697
0.182 0.925 0.681 0.764
0.219 0.927 0.688 0.774
0.231 0.920 0.765 0.744
0.199 0.918 0.645 0.759
0.214 0.928 0.816 0.682
0.222 0.903 0.728 0.713
0.209 0.931 0.575 0.785
0.236 0.912 0.700 0.733
0.208 0.921 0.621 0.769
0.204 0.931 0.855 0.703
0.212 0.908 0.572 0.749
0.187 0.916 0.612 0.790
0.176 0.935 0.591 0.774
0.189 0.935 0.714 0.718
0.183 0.922 1.028 0.662
0.245 0.936 0.716 0.744
0.200 0.926 0.820 0.718
0.201 0.932 0.607 0.785
0.197 0.932 0.678 0.774
0.193 0.935 0.639 0.754
0.183 0.934 0.647 0.764
0.164 0.940 0.740 0.744
0.268 0.936 0.630 0.749
0.234 0.903 0.682 0.708
0.219 0.903 0.639 0.749
0.210 0.934 0.604 0.764
0.174 0.941 0.551 0.785
0.185 0.932 0.613 0.738
0.158 0.944 0.741 0.703
0.181 0.927 0.646 0.754
0.187 0.926 0.612 0.759
0.175 0.939 0.715 0.708
0.185 0.926 0.778 0.687
0.206 0.935 1.355 0.605
0.209 0.925 0.777 0.718
0.222 0.914 0.795 0.738
0.180 0.926 0.678 0.790
0.179 0.935 0.570 0.805
0.200 0.926 0.672 0.774
0.197 0.921 0.776 0.687
0.193 0.925 0.649 0.764
0.201 0.918 0.630 0.759
0.221 0.907 1.058 0.672
0.176 0.943 0.645 0.744
0.148 0.944 0.593 0.769
0.168 0.951 0.815 0.723
0.178 0.928 0.671 0.790
0.164 0.945 0.557 0.785
0.171 0.935 0.608 0.779
0.187 0.934 0.589 0.774
0.165 0.936 0.649 0.774
0.161 0.923 0.650 0.779
0.150 0.945 0.633 0.754
0.154 0.946 0.590 0.785
0.150 0.944 0.604 0.779
0.153 0.943 0.580 0.800
0.159 0.939 0.601 0.785
0.167 0.953 0.658 0.774
0.167 0.945 0.689 0.764
0.153 0.939 0.728 0.764
0.142 0.951 0.744 0.738
0.139 0.948 0.603 0.800
0.164 0.937 0.591 0.769
0.176 0.949 0.596 0.774
0.180 0.927 0.823 0.728
0.193 0.937 0.835 0.677
0.155 0.928 0.626 0.764
0.134 0.957 0.552 0.795
0.150 0.943 0.593 0.769
0.177 0.939 0.608 0.774
0.165 0.944 0.585 0.795
0.176 0.940 0.596 0.800
0.191 0.923 0.621 0.779
0.187 0.931 0.991 0.662
0.199 0.950 0.818 0.687
0.189 0.920 0.625 0.779
0.178 0.948 0.809 0.723
0.164 0.930 0.617 0.764
0.157 0.943 0.666 0.785
0.144 0.937 0.565 0.800
0.150 0.953 0.571 0.815
0.205 0.935 1.062 0.687
0.151 0.949 1.414 0.631
0.144 0.941 0.686 0.728
0.123 0.957 0.722 0.718
0.118 0.950 0.644 0.785
0.131 0.958 0.612 0.779
0.187 0.945 1.293 0.610
0.200 0.926 1.097 0.672
0.156 0.948 0.567 0.785
0.160 0.936 0.633 0.779
0.147 0.943 0.586 0.769
0.131 0.953 0.643 0.779
0.137 0.946 0.608 0.785
0.165 0.948 0.604 0.785
0.139 0.941 0.630 0.785
0.155 0.955 0.852 0.713
0.146 0.944 0.702 0.769
0.177 0.943 0.866 0.692
0.179 0.928 0.650 0.779
0.209 0.923 0.984 0.749
0.205 0.913 0.786 0.769
0.192 0.925 0.666 0.759
0.207 0.930 0.803 0.733
0.176 0.935 0.758 0.754
0.145 0.944 0.643 0.785
0.166 0.932 0.924 0.738
0.151 0.946 0.598 0.800
0.116 0.959 0.602 0.790
0.142 0.954 0.589 0.800
0.155 0.945 0.687 0.754
0.163 0.949 0.934 0.703
0.164 0.950 0.711 0.764
0.144 0.948 0.723 0.759
0.136 0.954 0.924 0.713
0.133 0.951 0.647 0.785
0.148 0.944 0.733 0.749
0.156 0.949 0.738 0.749
0.153 0.946 0.664 0.759
0.131 0.951 0.663 0.764
0.121 0.962 0.689 0.733
0.111 0.957 0.654 0.749
0.122 0.955 0.613 0.785
0.135 0.949 0.738 0.744
0.136 0.949 0.715 0.744
0.128 0.948 0.608 0.815
0.143 0.955 0.875 0.703
0.137 0.960 0.701 0.764
0.145 0.949 0.630 0.779
0.158 0.954 0.640 0.785
0.141 0.946 0.825 0.733
0.177 0.941 0.642 0.774
0.158 0.943 1.664 0.600
0.167 0.948 0.636 0.779
0.191 0.945 0.683 0.759
0.161 0.937 0.603 0.795
0.157 0.957 0.885 0.692
0.193 0.935 0.733 0.764
0.187 0.931 0.805 0.728
0.146 0.941 0.748 0.738
0.131 0.950 0.692 0.774
0.123 0.946 0.640 0.795
0.128 0.955 0.841 0.713
0.139 0.959 0.785 0.713
0.167 0.943 0.661 0.769
0.135 0.955 0.593 0.785
0.110 0.962 0.624 0.790
0.115 0.959 0.553 0.785
0.140 0.962 0.612 0.779
0.132 0.963 0.650 0.779
0.119 0.959 0.601 0.790
0.107 0.964 0.577 0.810
0.115 0.967 0.712 0.769
0.109 0.972 0.866 0.733
0.098 0.966 0.618 0.785
0.108 0.968 0.549 0.815
0.128 0.968 0.608 0.795
0.123 0.963 0.651 0.795
0.125 0.964 0.681 0.749
0.118 0.954 0.702 0.744
0.101 0.968 0.558 0.800
0.109 0.971 0.646 0.779
0.114 0.957 0.604 0.779
0.121 0.958 0.601 0.790
0.115 0.962 0.560 0.795
0.127 0.959 0.549 0.790
0.141 0.937 1.033 0.682
0.167 0.957 0.662 0.785
0.119 0.960 0.725 0.733
0.120 0.949 0.883 0.723
0.099 0.963 0.671 0.790
0.114 0.966 0.696 0.764
0.102 0.967 0.754 0.769
0.133 0.960 0.756 0.749
0.105 0.955 1.076 0.662
0.137 0.968 0.630 0.785
0.127 0.963 0.624 0.795
0.144 0.962 0.908 0.703
0.110 0.963 0.611 0.785
0.099 0.960 0.726 0.759
0.099 0.969 0.603 0.769
0.093 0.974 0.632 0.805
0.102 0.964 0.660 0.779
0.116 0.950 0.772 0.749
0.129 0.958 0.722 0.774
0.133 0.955 0.773 0.744
0.129 0.959 0.770 0.744
0.115 0.966 0.785 0.744
0.101 0.963 0.711 0.774
0.096 0.969 0.679 0.795
0.105 0.958 0.695 0.779
0.096 0.962 0.707 0.795
0.102 0.957 0.844 0.733
0.089 0.972 0.695 0.785
0.102 0.971 0.624 0.805
0.106 0.968 0.684 0.790
0.089 0.971 0.709 0.774
0.082 0.976 0.713 0.764
0.094 0.969 0.615 0.800
0.091 0.971 0.628 0.790
0.091 0.964 0.665 0.800
0.119 0.971 0.633 0.785
0.105 0.964 0.770 0.749
0.100 0.963 0.661 0.759
0.113 0.964 0.616 0.785
0.101 0.966 0.622 0.815
0.145 0.958 0.936 0.754
0.125 0.946 0.758 0.759
0.097 0.968 0.725 0.759
0.094 0.974 0.583 0.815
0.085 0.973 0.583 0.805
0.121 0.966 0.640 0.785
0.160 0.939 0.871 0.754
0.096 0.973 0.749 0.764
0.129 0.967 0.690 0.779
0.142 0.934 0.761 0.759
0.117 0.959 0.738 0.754
0.099 0.964 0.702 0.790
0.086 0.972 0.646 0.795
0.095 0.966 0.623 0.790
0.120 0.971 0.710 0.749
0.104 0.966 0.721 0.764
0.149 0.964 0.716 0.785
0.154 0.935 0.918 0.774
0.136 0.955 0.691 0.805
0.155 0.958 0.662 0.805
0.168 0.953 0.766 0.738
0.158 0.946 0.757 0.785
0.100 0.964 0.808 0.779
0.076 0.971 0.679 0.785
0.091 0.964 0.659 0.785
0.083 0.980 0.625 0.774
0.108 0.962 0.681 0.759
0.109 0.969 0.689 0.790
0.097 0.969 0.642 0.800
0.096 0.973 0.590 0.785
0.154 0.960 0.720 0.764
0.162 0.934 0.740 0.790
0.114 0.957 0.804 0.764
0.148 0.948 1.200 0.692
0.137 0.949 1.173 0.708
0.114 0.972 0.873 0.764
0.153 0.949 0.742 0.779
0.085 0.972 0.758 0.774
0.078 0.964 0.622 0.815
0.096 0.976 0.607 0.800
0.102 0.971 0.620 0.790
0.083 0.974 0.596 0.810
0.087 0.978 0.591 0.821
0.091 0.973 0.595 0.805
0.098 0.977 0.602 0.805
0.094 0.978 0.662 0.759
0.088 0.980 0.632 0.805
0.079 0.982 0.713 0.785
0.090 0.974 0.625 0.800
0.094 0.974 0.692 0.795
0.069 0.981 0.682 0.790
0.084 0.973 0.607 0.800
0.095 0.977 0.603 0.805
0.084 0.974 0.555 0.790
0.085 0.973 0.631 0.790
0.069 0.985 0.589 0.815
0.073 0.981 0.622 0.805
0.082 0.974 0.618 0.805
0.076 0.986 0.625 0.779
0.077 0.978 0.706 0.805
0.083 0.977 0.661 0.795
0.087 0.966 0.689 0.779
0.134 0.972 0.569 0.821
0.111 0.954 0.577 0.790
0.084 0.974 0.660 0.779
0.104 0.966 0.585 0.805
0.077 0.977 0.837 0.744
0.071 0.978 0.673 0.810
0.089 0.976 0.646 0.790
0.187 0.963 0.583 0.785
0.170 0.955 0.771 0.785
0.094 0.967 0.616 0.805
0.085 0.974 0.600 0.815
0.075 0.981 0.605 0.826
0.116 0.976 0.648 0.800
0.146 0.951 0.762 0.774
0.168 0.958 0.772 0.790
0.082 0.966 0.756 0.779
0.073 0.981 0.645 0.800
0.065 0.986 0.589 0.805
0.084 0.980 0.662 0.810
0.068 0.980 0.810 0.749
0.071 0.974 0.601 0.805
0.076 0.981 0.620 0.805
0.082 0.974 0.680 0.795
0.090 0.976 0.749 0.795
0.073 0.983 0.666 0.800
0.103 0.982 0.643 0.795
0.101 0.971 0.626 0.821
0.092 0.966 0.686 0.800
0.071 0.982 0.661 0.805
0.094 0.976 0.633 0.810
0.125 0.980 0.734 0.759
0.086 0.968 0.960 0.723
0.079 0.980 0.758 0.795
0.085 0.978 0.647 0.800
0.082 0.973 0.642 0.810
0.088 0.972 0.827 0.779
0.086 0.971 0.760 0.764
0.088 0.978 0.751 0.779
0.105 0.982 0.827 0.769
0.108 0.969 1.011 0.738
0.076 0.973 1.107 0.692
0.086 0.976 0.767 0.785
0.086 0.969 0.824 0.759
0.124 0.968 1.118 0.713
0.148 0.955 0.694 0.774
0.103 0.962 0.592 0.785
0.114 0.972 0.745 0.769
0.148 0.953 1.595 0.626
0.086 0.971 1.391 0.667
0.067 0.986 0.637 0.805
0.104 0.973 0.671 0.810
0.097 0.973 0.666 0.785
0.081 0.977 0.891 0.769
0.071 0.976 0.715 0.779
0.059 0.982 0.688 0.795
0.064 0.986 0.653 0.795
0.070 0.983 0.631 0.800
0.077 0.981 0.653 0.800
0.064 0.980 0.625 0.821
0.076 0.983 0.634 0.826
0.072 0.974 0.643 0.805
0.061 0.980 0.595 0.821
0.085 0.980 0.616 0.810
0.074 0.990 0.672 0.790
0.081 0.978 0.602 0.821
0.100 0.972 0.630 0.831
0.057 0.986 0.712 0.785
0.061 0.987 0.594 0.800
0.098 0.977 0.719 0.805
0.082 0.971 0.678 0.800
0.090 0.981 0.625 0.800
0.214 0.976 0.932 0.744
0.230 0.923 0.923 0.769
0.242 0.930 0.956 0.769
0.096 0.964 0.929 0.749
0.074 0.973 0.697 0.790
0.062 0.982 0.762 0.785
0.099 0.980 0.710 0.779
0.063 0.980 0.636 0.821
0.068 0.982 0.646 0.805
0.073 0.978 0.630 0.821
0.058 0.985 0.627 0.821
0.063 0.986 0.610 0.836
0.056 0.986 0.672 0.805
0.066 0.989 0.616 0.810
0.064 0.974 0.604 0.810
0.057 0.983 0.637 0.805
0.092 0.983 0.649 0.795
0.075 0.974 0.882 0.779
0.062 0.987 0.696 0.815
0.072 0.983 0.634 0.821
0.081 0.977 0.610 0.826
0.069 0.978 0.583 0.831
0.064 0.982 0.561 0.836
0.064 0.980 0.670 0.785
0.056 0.985 0.625 0.800
0.055 0.985 0.627 0.810
0.091 0.983 0.630 0.810
0.068 0.982 0.755 0.785
0.068 0.973 0.708 0.795
0.064 0.985 0.646 0.800
0.062 0.986 0.669 0.821
0.057 0.983 0.662 0.810
0.074 0.981 0.608 0.831
0.073 0.985 0.603 0.815
0.079 0.977 0.608 0.831
0.077 0.976 0.675 0.795
0.055 0.982 0.651 0.810
0.069 0.985 0.655 0.800
0.074 0.986 0.662 0.795
0.066 0.982 0.764 0.795
0.049 0.986 0.690 0.805
0.079 0.981 0.754 0.779
0.130 0.982 0.679 0.754
0.084 0.982 1.469 0.662
0.068 0.978 0.980 0.733
0.061 0.986 0.608 0.831
0.056 0.987 0.723 0.785
0.058 0.985 0.637 0.800
0.051 0.986 0.613 0.795
0.061 0.978 0.581 0.826
0.066 0.982 0.557 0.815
0.085 0.982 0.573 0.821
0.108 0.982 0.642 0.810
0.114 0.960 0.652 0.810
0.088 0.968 0.862 0.790
0.053 0.990 0.622 0.826
0.076 0.982 0.741 0.779
0.073 0.973 0.690 0.800
0.085 0.982 0.642 0.831
0.062 0.977 0.708 0.785
0.051 0.986 0.579 0.831
0.065 0.986 0.608 0.821
0.058 0.982 0.625 0.810
0.058 0.985 0.662 0.800
0.098 0.983 0.645 0.815
0.100 0.974 0.835 0.774
0.149 0.976 1.191 0.713
0.088 0.974 0.878 0.754
0.055 0.986 0.673 0.800
0.053 0.991 0.656 0.815
0.053 0.987 0.617 0.836
0.058 0.987 0.647 0.821
0.054 0.987 0.626 0.805
0.071 0.983 0.662 0.821
0.058 0.983 0.640 0.795
0.069 0.983 0.625 0.815
0.113 0.978 0.645 0.815
0.096 0.969 0.662 0.831
0.070 0.986 0.741 0.779
0.052 0.989 0.668 0.795
0.069 0.987 0.664 0.810
0.066 0.978 0.687 0.785
0.080 0.983 0.615 0.790
0.110 0.983 0.657 0.815
0.066 0.977 0.767 0.779
0.050 0.986 0.690 0.805
0.056 0.989 0.639 0.821
0.046 0.986 0.686 0.810
0.087 0.989 0.675 0.800
0.119 0.983 0.801 0.759
0.073 0.974 0.688 0.815
0.051 0.982 0.700 0.795
0.054 0.983 0.700 0.779
0.059 0.985 0.650 0.815
0.069 0.992 0.648 0.821
0.076 0.978 0.671 0.831
0.060 0.982 0.715 0.779
0.063 0.987 0.620 0.821
0.060 0.989 0.682 0.815
0.049 0.985 0.606 0.826
0.070 0.990 0.632 0.815
0.077 0.986 0.858 0.774
0.068 0.981 0.793 0.800
0.071 0.980 0.688 0.810
0.055 0.983 0.658 0.821
0.054 0.992 0.619 0.826
0.057 0.987 0.592 0.836
0.051 0.986 0.612 0.826
0.052 0.989 0.613 0.831
0.057 0.991 0.636 0.821
0.039 0.995 0.631 0.821
0.052 0.986 0.604 0.836
0.051 0.986 0.598 0.841
0.050 0.990 0.625 0.800
0.082 0.986 0.666 0.795
0.056 0.989 0.681 0.790
0.072 0.994 0.674 0.805
0.062 0.981 0.782 0.815
0.056 0.987 0.675 0.805
0.062 0.985 0.704 0.800
0.066 0.983 0.686 0.815
0.045 0.991 0.671 0.815
0.097 0.986 0.617 0.841
0.073 0.977 0.620 0.831
0.061 0.981 0.700 0.815
0.064 0.992 0.677 0.815
0.051 0.986 0.721 0.800
0.076 0.980 0.711 0.821
0.047 0.986 0.678 0.785
0.051 0.990 0.637 0.810
0.063 0.985 0.638 0.810
0.104 0.985 0.635 0.821
0.059 0.986 0.678 0.779
0.092 0.982 0.573 0.836
0.054 0.981 0.617 0.821
0.044 0.991 0.613 0.805
0.055 0.990 0.616 0.826
0.046 0.983 0.644 0.815
0.054 0.986 0.638 0.831
0.068 0.987 0.679 0.815
0.048 0.985 0.663 0.815
0.058 0.987 0.638 0.841
0.047 0.990 0.677 0.826
0.044 0.991 0.653 0.836
0.052 0.989 0.662 0.821
0.065 0.992 0.705 0.810
0.053 0.989 0.783 0.810
0.052 0.990 0.690 0.810
0.060 0.987 0.598 0.826
0.053 0.989 0.620 0.810
0.064 0.985 0.626 0.826
0.064 0.983 0.745 0.754
0.047 0.987 0.846 0.785
0.043 0.990 0.648 0.836
0.058 0.987 0.614 0.841
0.049 0.987 0.592 0.821
0.052 0.990 0.568 0.836
0.053 0.987 0.626 0.831
0.048 0.995 0.622 0.815
0.039 0.995 0.625 0.831
0.045 0.991 0.603 0.836
0.051 0.991 0.666 0.810
0.076 0.977 0.782 0.805
0.049 0.989 0.722 0.800
0.053 0.986 0.652 0.821
0.056 0.992 0.637 0.815
0.059 0.989 0.634 0.846
0.042 0.992 0.660 0.815
0.052 0.987 0.628 0.821
0.128 0.983 0.659 0.790
0.073 0.980 0.609 0.810
0.043 0.992 0.581 0.831
0.051 0.991 0.603 0.841
0.047 0.990 0.594 0.831
0.064 0.991 0.615 0.826
0.045 0.995 0.645 0.810
0.039 0.992 0.623 0.831
0.049 0.991 0.632 0.826
0.071 0.989 0.638 0.831
0.061 0.987 0.659 0.815
0.052 0.990 0.659 0.815
0.052 0.991 0.631 0.821
0.046 0.997 0.660 0.815
0.048 0.991 0.631 0.826
0.063 0.995 0.631 0.836
0.055 0.986 0.713 0.826
0.054 0.987 0.633 0.836
0.043 0.999 0.661 0.821
0.041 0.991 0.639 0.831
0.042 0.994 0.625 0.836
0.044 0.989 0.622 0.831
0.053 0.992 0.655 0.826
0.060 0.989 0.685 0.805
0.055 0.989 0.654 0.821
0.102 0.983 0.691 0.810
0.077 0.981 0.618 0.826
0.042 0.990 0.677 0.815
0.046 0.989 0.620 0.846
0.058 0.986 0.685 0.810
0.043 0.985 0.744 0.790
0.045 0.994 0.643 0.821
0.049 0.991 0.646 0.841
0.061 0.989 0.663 0.826
0.046 0.986 0.746 0.810
0.093 0.990 0.613 0.831
0.045 0.987 0.689 0.810
0.059 0.989 0.632 0.831
0.090 0.995 0.628 0.815
0.058 0.987 0.635 0.805
0.041 0.991 0.655 0.821
0.048 0.992 0.622 0.815
0.047 0.991 0.713 0.785
0.045 0.990 0.633 0.841
0.047 0.990 0.631 0.831
0.042 0.994 0.652 0.821
0.044 0.995 0.652 0.831
0.057 0.986 0.627 0.831
0.047 0.995 0.618 0.841
0.091 0.987 0.631 0.821
0.056 0.989 0.603 0.841
0.050 0.990 0.625 0.841
0.041 0.992 0.637 0.836
0.045 0.990 0.623 0.836
0.045 0.987 0.642 0.841
0.051 0.992 0.645 0.815
0.045 0.995 0.638 0.831
0.059 0.992 0.706 0.821
0.076 0.989 0.648 0.831
0.048 0.986 0.681 0.821
0.080 0.987 0.640 0.810
0.077 0.985 0.764 0.800
0.048 0.989 0.637 0.841
0.092 0.980 0.631 0.846
0.143 0.991 0.676 0.821
0.043 0.991 0.747 0.800
0.045 0.991 0.669 0.826
0.040 0.992 0.648 0.831
0.037 0.995 0.645 0.821
0.061 0.992 0.648 0.831
0.054 0.986 0.683 0.826
0.079 0.987 0.816 0.769
0.062 0.990 0.679 0.821
0.042 0.994 0.661 0.821
0.055 0.996 0.664 0.826
0.063 0.982 0.678 0.831
0.054 0.989 0.726 0.831
0.041 0.990 0.692 0.831
0.045 0.990 0.672 0.831
0.060 0.992 0.672 0.826
0.039 0.991 0.763 0.810
0.047 0.989 0.657 0.821
0.053 0.994 0.636 0.831
0.068 0.990 0.632 0.836
0.040 0.991 0.626 0.836
0.068 0.992 0.698 0.785
0.055 0.989 1.000 0.744
0.039 0.995 0.642 0.821
0.041 0.994 0.625 0.836
0.044 0.991 0.644 0.831
0.043 0.991 0.667 0.826
0.038 0.991 0.647 0.831
0.041 0.992 0.656 0.815
0.045 0.994 0.656 0.831
0.045 0.991 0.654 0.821
0.041 0.990 0.636 0.826
0.036 0.992 0.634 0.826
0.077 0.992 0.644 0.836
0.040 0.995 0.671 0.846
0.039 0.994 0.646 0.821
0.049 0.991 0.633 0.836
0.114 0.983 0.664 0.826
0.064 0.980 0.887 0.779
0.035 0.995 0.661 0.810
0.080 0.987 0.638 0.836
0.050 0.989 0.655 0.831
0.046 0.989 0.651 0.821
0.045 0.986 0.659 0.831
0.043 0.994 0.642 0.826
0.064 0.994 0.677 0.821
0.063 0.987 0.692 0.821
0.050 0.986 0.658 0.826
0.046 0.990 0.664 0.836
0.060 0.990 0.668 0.826
0.073 0.989 0.849 0.759
0.042 0.994 0.907 0.754
0.041 0.992 0.679 0.831
0.053 0.992 0.652 0.826
0.053 0.989 0.628 0.846
0.061 0.986 0.649 0.815
0.060 0.989 0.665 0.841
0.055 0.990 0.757 0.815
0.058 0.985 0.628 0.826
0.059 0.985 0.675 0.836
0.042 0.994 0.720 0.826
0.040 0.996 0.652 0.846
0.048 0.990 0.641 0.841
0.061 0.989 0.670 0.810
0.066 0.986 0.692 0.810
0.061 0.986 0.872 0.805
0.039 0.991 0.757 0.815
0.064 0.992 0.674 0.821
0.066 0.992 0.646 0.826
0.047 0.994 0.632 0.831
0.056 0.992 0.640 0.831
0.041 0.991 0.650 0.836
0.047 0.989 0.642 0.831
0.046 0.989 0.655 0.831
0.083 0.991 0.676 0.826
0.044 0.994 0.722 0.821
0.051 0.994 0.661 0.831
0.071 0.992 0.636 0.846
0.039 0.991 0.678 0.826
0.057 0.992 0.656 0.831
0.040 0.990 0.673 0.831
0.053 0.989 0.676 0.826
0.045 0.989 0.717 0.826
0.062 0.992 0.655 0.826
0.043 0.990 0.635 0.836
0.048 0.990 0.629 0.831
0.049 0.987 0.657 0.826
0.056 0.989 0.661 0.841
0.052 0.985 0.677 0.826
0.042 0.994 0.665 0.841
0.065 0.995 0.645 0.831
0.042 0.991 0.671 0.821
0.040 0.991 0.670 0.821
0.042 0.989 0.653 0.836
0.063 0.986 0.653 0.836
0.034 0.994 0.701 0.831
0.035 0.996 0.672 0.831
0.058 0.991 0.672 0.831
0.046 0.994 0.818 0.790
0.058 0.991 0.676 0.821
0.060 0.986 0.661 0.815
0.043 0.987 0.687 0.821
0.077 0.985 0.641 0.841
0.054 0.989 0.647 0.851
0.062 0.986 0.665 0.841
0.037 0.996 0.677 0.826
0.045 0.989 0.636 0.831
0.038 0.992 0.641 0.826
0.043 0.990 0.641 0.841
0.041 0.994 0.654 0.831
0.035 0.990 0.656 0.826
0.033 0.997 0.653 0.836
0.053 0.994 0.663 0.846
0.048 0.989 0.659 0.836
0.076 0.989 0.646 0.841
0.048 0.986 0.632 0.846
0.045 0.992 0.651 0.826
0.052 0.987 0.653 0.826
0.060 0.987 0.637 0.831
0.046 0.992 0.650 0.836
0.048 0.989 0.664 0.841
0.052 0.992 0.636 0.821
0.038 0.994 0.678 0.826
0.056 0.990 0.639 0.826
0.046 0.989 0.643 0.826
0.055 0.995 0.664 0.836
0.052 0.989 0.708 0.831
0.063 0.986 0.645 0.836
0.041 0.992 0.655 0.831
0.052 0.990 0.640 0.846
0.061 0.995 0.653 0.836
0.042 0.991 0.651 0.836
0.062 0.986 0.746 0.821
0.049 0.990 0.743 0.815
0.042 0.987 0.721 0.810
0.076 0.986 0.660 0.826
0.035 0.996 0.684 0.815
0.036 0.995 0.665 0.831
0.043 0.991 0.665 0.851
0.050 0.987 0.662 0.841
0.040 0.995 0.689 0.810
0.041 0.985 0.646 0.836
0.037 0.991 0.659 0.826
0.076 0.986 0.673 0.836
0.076 0.990 0.708 0.846
0.072 0.987 0.722 0.831
0.072 0.995 0.742 0.821
0.053 0.989 0.626 0.826
0.061 0.990 0.643 0.821
0.039 0.991 0.630 0.810
0.052 0.992 0.625 0.836
0.042 0.995 0.679 0.800
0.062 0.996 0.655 0.800
0.094 0.992 0.609 0.841
0.036 0.995 0.653 0.821
0.058 0.991 0.694 0.831
0.032 0.995 0.736 0.815
0.041 0.995 0.662 0.836
0.069 0.989 0.702 0.826
0.041 0.990 0.717 0.821
0.071 0.987 0.728 0.815
0.045 0.986 0.735 0.815
0.049 0.986 0.675 0.795
0.052 0.990 0.666 0.836
0.074 0.990 0.677 0.856
0.053 0.994 0.653 0.836
0.036 0.992 0.666 0.826
0.046 0.995 0.667 0.826
0.042 0.994 0.651 0.831
0.060 0.987 0.653 0.831
0.041 0.995 0.687 0.826
0.070 0.990 0.678 0.831
0.061 0.985 0.731 0.826
0.034 0.995 0.694 0.846
0.086 0.987 0.664 0.841
0.041 0.994 0.645 0.841
0.077 0.991 0.660 0.836
0.043 0.990 0.655 0.821
0.047 0.994 0.659 0.836
0.034 0.991 0.662 0.836
0.045 0.992 0.670 0.831
0.064 0.987 0.686 0.836
0.047 0.987 0.669 0.815
0.043 0.982 0.663 0.836
0.034 0.991 0.652 0.841
0.048 0.996 0.661 0.836
0.057 0.991 0.664 0.831
0.039 0.991 0.660 0.821
0.042 0.990 0.655 0.826
0.039 0.994 0.666 0.826
0.042 0.992 0.640 0.831
0.048 0.992 0.654 0.826
0.080 0.990 0.656 0.841
0.036 0.990 0.656 0.836
0.084 0.992 0.662 0.821
0.037 0.992 0.657 0.831
0.035 0.990 0.653 0.836
0.038 0.987 0.657 0.826
0.042 0.992 0.659 0.826
0.081 0.981 0.680 0.821
0.032 0.994 0.667 0.851
0.032 0.994 0.661 0.836
0.044 0.992 0.644 0.836
0.036 0.991 0.652 0.836
0.031 0.997 0.646 0.841
0.051 0.991 0.646 0.841
0.032 0.991 0.658 0.836
0.032 0.995 0.653 0.831
0.042 0.995 0.651 0.836
0.049 0.992 0.653 0.836
0.037 0.989 0.666 0.831
0.043 0.992 0.647 0.836
0.046 0.990 0.680 0.826
0.051 0.992 0.650 0.831
0.042 0.987 0.668 0.831
0.086 0.987 0.679 0.815
0.048 0.989 0.714 0.815
0.045 0.991 0.671 0.826
0.061 0.989 0.674 0.821
0.062 0.991 0.691 0.826
0.036 0.995 0.688 0.815
0.038 0.991 0.675 0.831
0.058 0.987 0.673 0.836
0.042 0.989 0.680 0.826
0.039 0.992 0.678 0.815
0.036 0.990 0.669 0.826
0.035 0.996 0.667 0.821
0.052 0.992 0.667 0.821
0.063 0.990 0.655 0.826
0.038 0.991 0.656 0.831
0.036 0.992 0.655 0.826
0.033 0.992 0.663 0.836
0.086 0.991 0.661 0.836
0.104 0.990 0.685 0.800
0.040 0.991 0.775 0.790
0.041 0.991 0.674 0.805
0.057 0.991 0.653 0.815
0.042 0.994 0.665 0.815
0.035 0.996 0.664 0.836
0.038 0.994 0.666 0.821
0.047 0.989 0.658 0.836
0.039 0.992 0.666 0.826
0.047 0.992 0.674 0.836
0.033 0.992 0.677 0.826
0.048 0.994 0.656 0.841
0.044 0.990 0.649 0.841
0.055 0.989 0.637 0.841
0.044 0.991 0.639 0.826
0.038 0.994 0.646 0.826
0.060 0.986 0.652 0.815
0.040 0.992 0.693 0.810
0.051 0.991 0.661 0.821
0.079 0.991 0.676 0.821
0.051 0.987 0.847 0.779
0.036 0.995 0.674 0.821
0.046 0.991 0.668 0.831
0.048 0.986 0.704 0.841
0.036 0.995 0.668 0.836
0.040 0.994 0.647 0.841
0.057 0.991 0.635 0.841
0.043 0.987 0.652 0.831
0.039 0.990 0.657 0.831
0.031 0.995 0.684 0.815
0.053 0.991 0.676 0.826
0.034 0.995 0.685 0.815
0.033 0.994 0.666 0.831
0.035 0.990 0.656 0.841
0.047 0.991 0.663 0.836
0.056 0.994 0.652 0.846
0.036 0.994 0.660 0.831
0.157 0.990 0.686 0.831
