0.672 0.568 0.697 0.487
0.658 0.616 0.690 0.482
0.644 0.627 0.695 0.482
0.639 0.651 0.694 0.508
0.624 0.653 0.720 0.497
0.626 0.672 0.687 0.549
0.615 0.673 0.645 0.667
0.583 0.687 0.688 0.574
0.578 0.658 0.629 0.656
0.611 0.700 0.696 0.579
0.590 0.706 0.860 0.523
0.594 0.691 0.793 0.492
0.555 0.700 0.689 0.621
0.545 0.714 0.668 0.626
0.559 0.702 0.745 0.549
0.557 0.710 0.764 0.569
0.578 0.722 0.647 0.621
0.559 0.714 0.604 0.667
0.541 0.714 0.706 0.631
0.540 0.731 0.763 0.564
0.554 0.745 0.716 0.641
0.552 0.714 0.709 0.626
0.537 0.731 0.781 0.590
0.524 0.737 0.633 0.687
0.530 0.738 0.701 0.641
0.531 0.733 0.624 0.672
0.503 0.743 0.662 0.687
0.502 0.750 0.963 0.528
0.482 0.762 0.617 0.703
0.509 0.752 0.704 0.605
0.518 0.759 0.956 0.528
0.527 0.742 0.887 0.538
0.498 0.741 0.835 0.549
0.520 0.748 0.623 0.723
0.495 0.745 0.695 0.656
0.481 0.745 0.665 0.667
0.489 0.766 0.856 0.585
0.459 0.774 0.859 0.569
0.506 0.766 1.172 0.513
0.484 0.760 0.597 0.749
0.453 0.792 0.677 0.662
0.458 0.784 0.615 0.708
0.462 0.787 0.868 0.564
0.455 0.784 0.617 0.718
0.483 0.789 0.712 0.610
0.474 0.779 0.709 0.610
0.505 0.757 0.657 0.672
0.506 0.788 0.723 0.662
0.509 0.764 0.667 0.692
0.480 0.775 0.638 0.677
0.480 0.802 0.590 0.718
0.467 0.779 0.595 0.718
0.452 0.782 0.608 0.723
0.429 0.801 0.659 0.713
0.433 0.808 0.925 0.579
0.445 0.810 0.759 0.621
0.460 0.819 0.628 0.718
0.433 0.817 1.037 0.533
0.434 0.810 0.613 0.733
0.438 0.806 0.673 0.708
0.417 0.833 1.302 0.528
0.446 0.803 0.891 0.538
0.492 0.780 0.957 0.564
0.492 0.764 0.592 0.749
0.451 0.797 0.632 0.703
0.410 0.808 0.584 0.749
0.416 0.820 0.637 0.677
0.433 0.822 1.017 0.523
0.408 0.807 0.871 0.585
0.395 0.816 1.450 0.503
0.421 0.814 0.608 0.759
0.438 0.810 1.103 0.528
0.469 0.794 0.641 0.697
0.381 0.835 0.657 0.692
0.405 0.824 0.776 0.595
0.384 0.828 0.712 0.672
0.390 0.839 1.021 0.595
0.420 0.831 0.608 0.733
0.469 0.810 0.695 0.656
0.459 0.787 0.579 0.749
0.414 0.820 0.853 0.662
0.418 0.844 1.759 0.492
0.408 0.838 1.638 0.544
0.399 0.825 0.865 0.631
0.449 0.825 1.197 0.518
0.413 0.811 0.831 0.585
0.352 0.853 1.316 0.549
0.359 0.843 0.722 0.697
0.402 0.825 0.751 0.662
0.413 0.847 0.615 0.713
0.383 0.845 0.923 0.554
0.406 0.845 0.784 0.641
0.353 0.835 0.974 0.595
0.357 0.857 0.865 0.610
0.386 0.830 1.141 0.554
0.443 0.825 0.791 0.646
0.412 0.822 0.680 0.692
0.401 0.820 0.843 0.641
0.404 0.851 0.985 0.564
0.393 0.825 1.326 0.513
0.321 0.847 0.980 0.544
0.388 0.857 0.869 0.600
0.366 0.843 0.756 0.672
0.366 0.854 0.796 0.646
0.338 0.875 0.670 0.697
0.374 0.835 0.609 0.723
0.352 0.833 0.709 0.682
0.333 0.863 0.848 0.651
0.375 0.847 0.781 0.692
0.382 0.814 1.020 0.579
0.382 0.853 0.606 0.744
0.388 0.831 1.397 0.518
0.372 0.833 0.607 0.759
0.394 0.843 0.925 0.610
0.334 0.860 0.676 0.718
0.306 0.876 0.794 0.631
0.295 0.885 0.619 0.738
0.319 0.870 1.130 0.549
0.370 0.870 1.473 0.508
0.383 0.849 0.990 0.600
0.358 0.845 0.743 0.662
0.357 0.852 1.205 0.569
0.343 0.862 0.998 0.590
0.346 0.870 1.322 0.544
0.307 0.866 1.007 0.590
0.326 0.867 0.831 0.667
0.383 0.849 1.065 0.615
0.353 0.845 1.181 0.595
0.435 0.825 0.854 0.631
0.349 0.847 1.101 0.554
0.354 0.848 1.368 0.528
0.393 0.845 0.979 0.621
0.398 0.854 0.686 0.749
0.290 0.893 0.815 0.636
0.353 0.876 0.769 0.687
0.311 0.867 0.784 0.708
0.329 0.874 1.056 0.585
0.355 0.858 1.277 0.538
0.301 0.877 1.167 0.569
0.335 0.875 0.879 0.626
0.318 0.883 0.668 0.718
0.291 0.876 1.134 0.590
0.288 0.877 0.783 0.677
0.352 0.885 0.538 0.810
0.399 0.845 0.686 0.733
0.332 0.861 0.720 0.656
0.315 0.865 0.562 0.795
0.301 0.888 0.722 0.692
0.282 0.877 0.613 0.749
0.287 0.879 1.283 0.544
0.318 0.894 1.047 0.579
0.304 0.879 0.877 0.656
0.292 0.879 0.887 0.621
0.319 0.865 1.267 0.590
0.333 0.858 0.816 0.692
0.293 0.874 0.704 0.728
0.306 0.885 1.091 0.610
0.322 0.848 0.691 0.738
0.296 0.888 0.737 0.687
0.277 0.889 0.598 0.769
0.287 0.880 1.002 0.636
0.291 0.895 1.282 0.564
0.355 0.871 0.700 0.728
0.290 0.868 1.137 0.585
0.260 0.899 0.614 0.790
0.292 0.885 0.979 0.600
0.270 0.881 1.209 0.574
0.271 0.884 1.328 0.549
0.291 0.877 0.738 0.697
0.272 0.884 0.657 0.718
0.263 0.876 0.883 0.656
0.271 0.881 0.630 0.774
0.321 0.886 0.681 0.738
0.335 0.877 1.569 0.533
0.297 0.874 1.182 0.600
0.320 0.852 1.085 0.600
0.293 0.866 0.791 0.708
0.268 0.884 0.707 0.703
0.245 0.900 1.210 0.585
0.247 0.904 0.787 0.692
0.264 0.889 1.171 0.605
0.260 0.886 0.885 0.656
0.298 0.885 1.325 0.559
0.263 0.886 0.597 0.790
0.301 0.867 1.216 0.595
0.296 0.875 1.918 0.528
0.262 0.890 0.674 0.728
0.284 0.886 1.158 0.631
0.355 0.879 0.637 0.733
0.276 0.867 1.402 0.554
0.277 0.876 0.878 0.672
0.264 0.908 1.722 0.508
0.283 0.881 1.029 0.651
0.323 0.862 0.572 0.769
0.353 0.870 0.639 0.744
0.340 0.857 0.942 0.610
0.298 0.862 0.660 0.718
0.314 0.880 0.700 0.708
0.309 0.886 1.178 0.574
0.285 0.872 0.899 0.667
0.291 0.891 1.107 0.610
0.259 0.904 0.767 0.713
0.252 0.891 1.044 0.621
0.261 0.894 0.793 0.738
0.233 0.912 0.962 0.636
0.260 0.890 0.748 0.718
0.237 0.898 0.980 0.672
0.231 0.911 0.935 0.667
0.269 0.902 0.585 0.785
0.206 0.918 1.128 0.600
0.234 0.916 0.956 0.667
0.231 0.899 0.766 0.723
0.215 0.922 0.752 0.718
0.216 0.916 0.684 0.759
0.215 0.920 0.656 0.774
0.233 0.908 0.843 0.703
0.239 0.908 0.873 0.656
0.278 0.912 0.756 0.754
0.252 0.902 1.596 0.564
0.262 0.897 0.900 0.718
0.220 0.921 0.926 0.662
0.204 0.893 0.973 0.662
0.238 0.913 1.590 0.533
0.263 0.898 1.114 0.600
0.267 0.894 0.511 0.810
0.260 0.908 0.533 0.769
0.232 0.904 1.014 0.651
0.248 0.888 1.044 0.621
0.291 0.890 1.388 0.574
0.282 0.880 0.864 0.682
0.290 0.891 0.732 0.764
0.244 0.905 0.963 0.641
0.212 0.916 1.439 0.554
0.239 0.914 0.558 0.769
0.253 0.884 0.664 0.744
0.287 0.908 0.785 0.697
0.298 0.871 0.788 0.703
0.219 0.912 0.931 0.662
0.203 0.916 1.183 0.595
0.218 0.917 1.018 0.626
0.212 0.918 1.119 0.600
0.224 0.903 1.186 0.574
0.263 0.907 1.382 0.579
0.277 0.879 0.925 0.682
0.215 0.913 0.677 0.754
0.220 0.903 0.961 0.662
0.260 0.907 0.954 0.646
0.289 0.881 0.684 0.759
0.274 0.894 1.027 0.667
0.241 0.912 1.376 0.600
0.235 0.905 0.782 0.723
0.310 0.894 1.046 0.626
0.258 0.903 1.169 0.626
0.219 0.916 1.216 0.605
0.225 0.912 0.705 0.769
0.232 0.913 0.758 0.744
0.227 0.925 0.716 0.723
0.207 0.909 0.909 0.708
0.195 0.911 0.836 0.713
0.204 0.918 0.791 0.703
0.194 0.920 0.527 0.800
0.241 0.911 0.810 0.703
0.219 0.897 0.989 0.651
0.214 0.920 0.690 0.759
0.199 0.913 1.416 0.585
0.233 0.902 0.918 0.651
0.246 0.898 0.871 0.687
0.245 0.903 0.831 0.728
0.249 0.912 0.984 0.682
0.269 0.907 1.235 0.615
0.220 0.917 0.944 0.682
0.232 0.928 0.617 0.795
0.241 0.917 0.591 0.805
0.223 0.912 0.760 0.754
0.216 0.917 0.964 0.677
0.214 0.921 0.828 0.697
0.211 0.918 0.628 0.785
0.191 0.911 0.805 0.728
0.224 0.928 0.634 0.779
0.205 0.928 1.033 0.651
0.211 0.912 0.596 0.805
0.203 0.928 0.615 0.785
0.231 0.899 1.110 0.656
0.280 0.905 0.643 0.785
0.235 0.907 0.968 0.682
0.256 0.913 0.982 0.687
0.225 0.916 0.618 0.800
0.194 0.917 1.896 0.528
0.197 0.917 1.485 0.585
0.219 0.921 0.723 0.718
0.200 0.935 0.793 0.749
0.222 0.899 0.903 0.708
0.199 0.921 0.613 0.764
0.206 0.921 1.107 0.682
0.166 0.932 0.640 0.785
0.173 0.932 0.720 0.754
0.168 0.932 1.252 0.621
0.189 0.936 0.702 0.785
0.271 0.923 0.642 0.759
0.289 0.875 1.195 0.631
0.221 0.913 0.928 0.703
0.190 0.920 0.704 0.754
0.189 0.941 0.780 0.733
0.233 0.935 1.083 0.615
0.178 0.937 0.748 0.744
0.169 0.945 0.964 0.692
0.170 0.941 1.435 0.574
0.171 0.935 0.824 0.723
0.169 0.928 0.773 0.744
0.181 0.936 0.800 0.733
0.161 0.931 0.553 0.831
0.179 0.934 0.845 0.718
0.172 0.932 0.614 0.779
0.184 0.939 0.546 0.815
0.181 0.939 0.700 0.759
0.202 0.940 0.709 0.785
0.193 0.930 0.982 0.692
0.165 0.945 0.939 0.697
0.204 0.932 1.240 0.631
0.179 0.931 0.976 0.713
0.190 0.925 0.680 0.764
0.183 0.931 1.254 0.651
0.167 0.936 1.060 0.662
0.166 0.935 0.847 0.723
0.201 0.941 0.741 0.785
0.164 0.935 0.685 0.805
0.166 0.949 0.696 0.769
0.157 0.936 1.467 0.579
0.160 0.939 1.125 0.667
0.174 0.928 0.874 0.738
0.221 0.923 0.870 0.718
0.202 0.918 0.560 0.815
0.168 0.940 0.838 0.718
0.172 0.940 0.985 0.687
0.150 0.939 1.203 0.631
0.147 0.943 1.047 0.656
0.165 0.950 0.903 0.708
0.199 0.921 0.706 0.795
0.171 0.932 1.084 0.646
0.234 0.943 0.628 0.785
0.244 0.921 0.762 0.754
0.149 0.941 1.205 0.651
0.152 0.950 0.672 0.805
0.212 0.918 1.013 0.692
0.192 0.909 0.674 0.790
0.163 0.946 0.730 0.805
0.153 0.935 1.298 0.646
0.145 0.943 0.758 0.759
0.171 0.930 0.648 0.785
0.175 0.943 0.647 0.795
0.157 0.939 1.037 0.682
0.153 0.948 0.766 0.744
0.163 0.928 0.815 0.759
0.147 0.937 0.850 0.738
0.157 0.944 0.914 0.708
0.137 0.946 0.725 0.759
0.131 0.950 0.675 0.790
0.157 0.951 0.590 0.805
0.164 0.937 0.853 0.728
0.184 0.940 0.721 0.769
0.221 0.926 0.753 0.759
0.156 0.949 0.768 0.764
0.170 0.945 0.726 0.790
0.230 0.931 1.183 0.662
0.186 0.932 1.102 0.672
0.170 0.943 0.614 0.800
0.220 0.927 1.179 0.672
0.166 0.927 0.727 0.795
0.146 0.945 0.939 0.723
0.146 0.950 0.748 0.769
0.148 0.941 0.600 0.821
0.145 0.951 0.932 0.733
0.136 0.943 0.691 0.795
0.138 0.960 0.677 0.790
0.163 0.953 0.590 0.785
0.163 0.944 1.110 0.692
0.190 0.920 0.733 0.790
0.192 0.940 1.031 0.713
0.215 0.935 0.763 0.754
0.260 0.930 0.719 0.790
0.209 0.908 0.742 0.785
0.170 0.943 1.030 0.708
0.180 0.941 0.584 0.815
0.175 0.940 0.712 0.779
0.153 0.935 1.247 0.626
0.139 0.948 0.787 0.749
0.176 0.953 0.747 0.759
0.175 0.949 1.087 0.708
0.189 0.944 0.984 0.713
0.147 0.943 0.723 0.769
0.144 0.944 0.934 0.687
0.133 0.957 0.596 0.810
0.159 0.955 0.929 0.713
0.149 0.949 1.060 0.697
0.166 0.946 0.973 0.713
0.177 0.946 0.789 0.754
0.182 0.951 1.078 0.682
0.168 0.934 0.701 0.785
0.142 0.954 0.593 0.810
0.163 0.940 0.650 0.805
0.152 0.954 0.706 0.795
0.151 0.945 0.836 0.749
0.128 0.950 0.627 0.810
0.140 0.958 1.061 0.692
0.158 0.954 0.872 0.728
0.162 0.944 0.606 0.810
0.145 0.957 0.710 0.785
0.123 0.949 0.725 0.738
0.122 0.964 0.650 0.805
0.139 0.969 0.929 0.723
0.129 0.951 1.117 0.708
0.106 0.963 0.656 0.815
0.127 0.959 0.830 0.769
0.139 0.951 0.809 0.764
0.159 0.955 0.595 0.810
0.127 0.964 0.761 0.785
0.111 0.962 0.722 0.774
0.125 0.960 0.672 0.779
0.114 0.966 0.954 0.708
0.130 0.959 0.741 0.774
0.162 0.955 0.850 0.744
0.165 0.939 1.035 0.697
0.132 0.955 1.368 0.646
0.110 0.960 0.639 0.790
0.163 0.959 0.662 0.795
0.161 0.941 0.799 0.759
0.155 0.940 0.587 0.800
0.137 0.951 0.540 0.800
0.137 0.951 0.914 0.728
0.158 0.955 0.628 0.821
0.221 0.934 0.984 0.728
0.185 0.925 1.066 0.682
0.140 0.963 0.568 0.810
0.159 0.953 0.647 0.785
0.120 0.962 0.790 0.749
0.145 0.949 1.282 0.646
0.124 0.955 0.918 0.728
0.112 0.966 0.560 0.815
0.112 0.964 0.807 0.754
0.109 0.964 0.750 0.785
0.136 0.962 0.881 0.744
0.123 0.953 1.266 0.641
0.157 0.967 0.639 0.821
0.139 0.966 0.667 0.774
0.122 0.964 0.817 0.774
0.109 0.963 0.616 0.836
0.110 0.974 0.690 0.790
0.145 0.963 0.890 0.764
0.120 0.963 0.703 0.795
0.110 0.966 0.621 0.821
0.123 0.962 0.714 0.821
0.123 0.959 0.588 0.810
0.149 0.944 0.796 0.769
0.126 0.966 0.761 0.800
0.107 0.963 0.880 0.744
0.148 0.962 0.762 0.790
0.133 0.954 1.070 0.687
0.135 0.948 0.653 0.805
0.134 0.958 0.964 0.708
0.132 0.949 0.800 0.769
0.115 0.968 0.679 0.810
0.114 0.967 0.712 0.805
0.136 0.957 0.870 0.759
0.155 0.934 1.082 0.697
0.140 0.943 1.219 0.682
0.128 0.957 1.162 0.682
0.158 0.960 1.113 0.692
0.106 0.971 0.849 0.723
0.122 0.963 0.810 0.759
0.125 0.966 0.841 0.744
0.112 0.962 0.885 0.728
0.158 0.959 0.917 0.738
0.126 0.963 1.333 0.621
0.127 0.963 0.629 0.810
0.103 0.953 1.095 0.703
0.149 0.964 0.871 0.754
0.183 0.946 0.820 0.769
0.120 0.949 1.137 0.703
0.109 0.962 0.739 0.805
0.108 0.960 1.022 0.733
0.109 0.963 1.157 0.687
0.093 0.973 0.828 0.754
0.097 0.964 0.619 0.815
0.110 0.969 0.725 0.785
0.105 0.967 0.815 0.764
0.116 0.967 0.705 0.800
0.100 0.972 0.731 0.769
0.109 0.971 0.758 0.795
0.109 0.964 0.718 0.759
0.091 0.972 0.727 0.800
0.094 0.969 0.730 0.800
0.096 0.971 0.999 0.703
0.112 0.971 1.207 0.656
0.105 0.963 1.102 0.708
0.110 0.962 0.738 0.795
0.096 0.968 1.041 0.708
0.126 0.964 0.916 0.733
0.133 0.944 0.878 0.749
0.147 0.950 1.489 0.651
0.140 0.932 0.887 0.754
0.116 0.948 0.698 0.805
0.125 0.959 0.906 0.769
0.111 0.971 0.784 0.764
0.112 0.962 0.728 0.774
0.087 0.973 0.931 0.733
0.130 0.962 0.711 0.810
0.114 0.949 0.634 0.800
0.110 0.969 0.678 0.815
0.128 0.973 0.653 0.826
0.127 0.960 0.594 0.821
0.120 0.955 0.876 0.764
0.102 0.966 0.814 0.800
0.110 0.976 0.719 0.836
0.153 0.963 0.824 0.779
0.142 0.963 1.365 0.672
0.173 0.963 1.263 0.672
0.131 0.958 0.718 0.790
0.109 0.972 0.689 0.810
0.099 0.969 0.949 0.754
0.088 0.967 0.732 0.800
0.114 0.971 0.831 0.790
0.090 0.969 1.008 0.733
0.097 0.968 0.879 0.790
0.105 0.973 0.893 0.779
0.156 0.963 0.810 0.790
0.130 0.959 1.000 0.723
0.106 0.959 0.779 0.821
0.101 0.974 0.679 0.810
0.117 0.967 0.831 0.800
0.114 0.969 0.698 0.815
0.122 0.955 0.618 0.815
0.127 0.973 0.635 0.815
0.106 0.969 0.652 0.836
0.109 0.974 0.726 0.790
0.111 0.959 1.390 0.651
0.129 0.971 0.722 0.815
0.118 0.954 0.938 0.779
0.091 0.972 0.985 0.754
0.094 0.972 1.235 0.677
0.094 0.973 0.939 0.749
0.083 0.973 0.849 0.779
0.110 0.976 0.784 0.790
0.105 0.966 0.609 0.810
0.117 0.964 0.649 0.785
0.109 0.964 1.276 0.656
0.108 0.969 0.809 0.764
0.113 0.963 0.682 0.805
0.096 0.971 1.126 0.697
0.110 0.976 0.662 0.790
0.097 0.971 0.673 0.805
0.107 0.974 0.957 0.754
0.116 0.973 0.927 0.764
0.106 0.962 0.859 0.764
0.084 0.972 0.951 0.744
0.086 0.976 0.955 0.733
0.107 0.966 0.744 0.790
0.128 0.968 0.842 0.759
0.098 0.974 1.194 0.672
0.093 0.971 0.795 0.785
0.159 0.962 0.587 0.831
0.133 0.963 0.660 0.810
0.119 0.954 1.257 0.667
0.078 0.978 0.961 0.733
0.089 0.974 0.780 0.795
0.086 0.968 1.009 0.749
0.135 0.972 0.890 0.764
0.108 0.959 1.127 0.692
0.144 0.960 1.399 0.651
0.090 0.980 1.204 0.692
0.066 0.981 0.755 0.779
0.084 0.983 0.678 0.800
0.106 0.983 0.779 0.795
0.111 0.968 0.700 0.795
0.098 0.969 0.749 0.785
0.094 0.968 0.937 0.759
0.094 0.978 0.688 0.790
0.095 0.971 0.697 0.790
0.077 0.978 0.920 0.754
0.112 0.974 0.730 0.815
0.112 0.964 0.643 0.805
0.085 0.976 0.813 0.790
0.096 0.974 0.830 0.764
0.100 0.973 0.925 0.749
0.128 0.969 1.112 0.697
0.115 0.974 0.663 0.810
0.116 0.968 0.825 0.774
0.127 0.959 0.782 0.805
0.089 0.969 0.826 0.785
0.097 0.972 0.642 0.810
0.128 0.966 0.697 0.826
0.110 0.966 1.002 0.754
0.108 0.980 0.893 0.795
0.090 0.971 0.858 0.790
0.078 0.976 0.686 0.821
0.066 0.985 0.695 0.805
0.075 0.977 0.711 0.805
0.085 0.978 0.832 0.785
0.110 0.978 0.981 0.759
0.104 0.969 0.883 0.785
0.131 0.962 0.880 0.769
0.097 0.978 0.779 0.795
0.086 0.981 0.710 0.800
0.087 0.974 0.688 0.800
0.076 0.982 0.689 0.810
0.074 0.983 0.706 0.810
0.105 0.977 0.785 0.805
0.091 0.973 0.696 0.800
0.110 0.974 0.896 0.800
0.078 0.974 0.772 0.826
0.092 0.973 0.690 0.810
0.080 0.978 0.632 0.810
0.069 0.982 0.635 0.821
0.104 0.983 0.687 0.826
0.068 0.981 0.665 0.810
0.082 0.980 0.804 0.805
0.091 0.986 0.745 0.805
0.138 0.971 0.769 0.805
0.094 0.972 0.988 0.744
0.081 0.977 0.610 0.810
0.080 0.972 0.783 0.805
0.178 0.973 0.704 0.805
0.087 0.976 0.645 0.805
0.120 0.978 0.831 0.779
0.112 0.968 0.706 0.810
0.071 0.977 0.650 0.815
0.091 0.973 0.932 0.759
0.086 0.976 0.909 0.759
0.099 0.969 0.605 0.821
0.107 0.969 0.597 0.821
0.078 0.974 0.592 0.815
0.070 0.977 0.748 0.805
0.077 0.981 0.703 0.815
0.073 0.976 0.841 0.800
0.076 0.973 0.955 0.774
0.093 0.978 0.849 0.805
0.090 0.971 0.803 0.805
0.089 0.980 0.698 0.810
0.074 0.973 0.809 0.810
0.093 0.981 0.725 0.821
0.083 0.983 0.702 0.810
0.079 0.976 0.835 0.790
0.092 0.974 0.804 0.795
0.105 0.973 0.837 0.800
0.074 0.969 0.726 0.800
0.060 0.982 0.689 0.810
0.075 0.978 0.676 0.815
0.079 0.976 0.681 0.826
0.075 0.980 0.668 0.815
0.076 0.982 0.695 0.815
0.084 0.973 0.653 0.815
0.087 0.978 0.572 0.815
0.075 0.974 0.740 0.805
0.072 0.982 0.845 0.785
0.066 0.978 0.621 0.826
0.081 0.976 0.781 0.800
0.097 0.978 0.849 0.785
0.071 0.973 0.670 0.821
0.080 0.980 0.712 0.810
0.099 0.980 0.812 0.815
0.098 0.983 0.832 0.795
0.071 0.983 0.604 0.821
0.079 0.977 0.795 0.810
0.080 0.978 0.782 0.805
0.074 0.976 0.685 0.800
0.078 0.981 0.722 0.815
0.072 0.976 0.756 0.815
0.071 0.986 0.657 0.821
0.078 0.982 0.663 0.815
0.065 0.981 0.796 0.785
0.102 0.977 0.773 0.800
0.081 0.976 0.660 0.795
0.079 0.977 0.619 0.821
0.112 0.981 0.791 0.810
0.104 0.986 0.672 0.821
0.090 0.982 0.740 0.805
0.070 0.985 0.676 0.795
0.091 0.980 0.639 0.815
0.065 0.977 0.729 0.810
0.101 0.977 0.828 0.795
0.098 0.976 0.784 0.795
0.111 0.978 0.603 0.826
0.097 0.964 0.732 0.795
0.078 0.972 0.791 0.795
0.095 0.978 0.670 0.836
0.078 0.977 0.687 0.821
0.065 0.982 0.707 0.810
0.111 0.973 0.762 0.800
0.075 0.985 0.731 0.805
0.080 0.980 0.784 0.805
0.069 0.980 0.688 0.779
0.076 0.983 0.679 0.821
0.101 0.980 0.899 0.774
0.115 0.973 1.142 0.723
0.085 0.973 1.009 0.738
0.073 0.978 0.814 0.785
0.093 0.982 0.789 0.810
0.132 0.966 0.888 0.785
0.096 0.959 0.661 0.810
0.071 0.982 0.863 0.790
0.079 0.977 0.923 0.779
0.086 0.976 0.698 0.800
0.066 0.981 0.749 0.815
0.064 0.982 0.689 0.815
0.074 0.985 0.773 0.800
0.129 0.983 0.860 0.779
0.061 0.986 0.766 0.800
0.073 0.981 0.719 0.815
0.071 0.986 0.602 0.836
0.071 0.976 0.588 0.831
0.073 0.978 0.678 0.815
0.073 0.980 0.732 0.826
0.085 0.977 0.673 0.821
0.063 0.986 0.636 0.831
0.071 0.981 0.684 0.810
0.077 0.981 0.709 0.805
0.063 0.986 0.684 0.800
0.125 0.985 0.726 0.815
0.110 0.976 0.705 0.815
0.073 0.985 0.620 0.815
0.059 0.986 0.674 0.805
0.065 0.986 0.698 0.815
0.073 0.985 0.783 0.800
0.073 0.977 0.792 0.795
0.124 0.977 0.715 0.810
0.086 0.982 0.601 0.826
0.100 0.981 0.645 0.810
0.068 0.980 0.860 0.800
0.069 0.985 0.751 0.826
0.094 0.983 0.835 0.800
0.064 0.980 0.733 0.815
0.061 0.985 0.722 0.810
0.111 0.982 0.804 0.805
0.077 0.974 0.640 0.836
0.087 0.980 0.626 0.826
0.095 0.973 0.674 0.810
0.084 0.983 0.678 0.810
0.099 0.977 0.624 0.841
0.072 0.977 0.707 0.826
0.091 0.982 0.687 0.815
0.086 0.982 0.772 0.795
0.069 0.985 0.872 0.810
0.061 0.985 0.750 0.800
0.083 0.982 0.785 0.805
0.079 0.981 0.809 0.805
0.066 0.982 1.027 0.744
0.073 0.985 0.699 0.821
0.074 0.985 0.704 0.826
0.055 0.987 0.802 0.790
0.061 0.985 0.777 0.790
0.073 0.982 0.823 0.790
0.075 0.985 0.740 0.821
0.075 0.978 0.631 0.805
0.078 0.983 0.745 0.810
0.126 0.987 0.789 0.815
0.053 0.989 0.764 0.821
0.066 0.981 0.713 0.821
0.066 0.982 0.678 0.831
0.058 0.985 0.650 0.841
0.058 0.982 0.678 0.821
0.057 0.990 0.695 0.805
0.057 0.985 0.745 0.821
0.078 0.983 0.819 0.800
0.085 0.982 0.951 0.774
0.057 0.982 1.233 0.697
0.092 0.985 0.812 0.810
0.085 0.976 0.724 0.810
0.074 0.982 0.670 0.831
0.068 0.985 0.683 0.836
0.064 0.989 0.718 0.821
0.095 0.978 0.819 0.805
0.076 0.983 1.009 0.764
0.060 0.989 0.842 0.769
0.058 0.986 0.822 0.805
0.074 0.980 0.860 0.805
0.064 0.982 1.004 0.759
0.082 0.991 0.840 0.800
0.102 0.983 0.763 0.815
0.066 0.986 0.897 0.790
0.063 0.981 0.812 0.805
0.061 0.989 0.658 0.810
0.086 0.982 0.726 0.826
0.102 0.973 0.865 0.795
0.065 0.978 0.714 0.805
0.066 0.986 0.678 0.826
0.140 0.977 0.635 0.815
0.080 0.974 0.815 0.810
0.103 0.989 0.650 0.821
0.070 0.978 0.690 0.815
0.090 0.981 0.702 0.821
0.059 0.981 0.873 0.795
0.055 0.989 0.763 0.821
0.059 0.983 0.706 0.821
0.057 0.985 0.726 0.826
0.063 0.982 0.707 0.810
0.072 0.983 0.731 0.805
0.062 0.978 0.720 0.805
0.063 0.983 0.708 0.815
0.057 0.982 0.804 0.815
0.114 0.980 0.793 0.805
0.083 0.982 0.761 0.810
0.097 0.985 0.735 0.821
0.061 0.987 0.756 0.810
0.054 0.990 0.720 0.826
0.076 0.987 0.725 0.821
0.069 0.982 0.719 0.810
0.063 0.989 0.872 0.810
0.064 0.983 0.769 0.821
0.061 0.981 0.738 0.821
0.065 0.983 0.720 0.821
0.053 0.985 0.732 0.810
0.082 0.982 0.735 0.810
0.054 0.985 0.716 0.826
0.054 0.990 0.695 0.821
0.060 0.986 0.663 0.826
0.052 0.983 0.670 0.836
0.060 0.986 0.664 0.821
0.053 0.981 0.699 0.810
0.067 0.987 0.678 0.826
0.070 0.987 0.696 0.805
0.074 0.985 0.752 0.815
0.057 0.990 0.723 0.815
0.067 0.985 0.795 0.810
0.060 0.989 0.695 0.821
0.054 0.987 0.692 0.821
0.059 0.981 0.746 0.815
0.101 0.986 0.817 0.815
0.094 0.982 0.770 0.815
0.056 0.985 0.883 0.795
0.057 0.990 0.760 0.821
0.065 0.985 0.815 0.805
0.070 0.983 0.819 0.815
0.081 0.982 0.685 0.821
0.057 0.985 0.669 0.826
0.065 0.990 0.659 0.821
0.080 0.981 0.735 0.805
0.068 0.986 0.968 0.779
0.056 0.986 0.773 0.810
0.053 0.986 0.745 0.821
0.052 0.987 0.709 0.826
0.074 0.982 0.719 0.815
0.071 0.981 0.808 0.810
0.055 0.985 0.700 0.821
0.069 0.983 0.732 0.815
0.083 0.976 0.718 0.815
0.091 0.980 0.726 0.810
0.065 0.981 0.766 0.821
0.078 0.986 0.738 0.821
0.069 0.983 0.648 0.821
0.072 0.980 0.651 0.810
0.062 0.989 0.668 0.810
0.089 0.985 0.838 0.800
0.097 0.991 0.895 0.790
0.076 0.986 0.862 0.779
0.061 0.985 0.726 0.821
0.063 0.985 0.681 0.815
0.057 0.983 0.674 0.815
0.059 0.987 0.674 0.826
0.058 0.982 0.652 0.821
0.053 0.983 0.670 0.836
0.066 0.983 0.655 0.821
0.051 0.987 0.744 0.815
0.184 0.980 0.703 0.826
0.095 0.976 0.764 0.815
0.098 0.985 0.682 0.810
0.055 0.985 0.712 0.810
0.055 0.983 0.689 0.805
0.057 0.983 0.709 0.815
0.049 0.990 0.704 0.826
0.084 0.978 0.675 0.821
0.054 0.989 0.717 0.795
0.055 0.986 0.705 0.810
0.048 0.990 0.712 0.800
0.058 0.985 0.722 0.810
0.064 0.985 0.782 0.815
0.066 0.983 0.734 0.826
0.054 0.987 0.726 0.815
0.065 0.983 0.686 0.821
0.077 0.974 0.772 0.805
0.085 0.981 0.939 0.779
0.064 0.983 1.037 0.779
0.052 0.982 0.729 0.815
0.066 0.980 0.678 0.815
0.073 0.986 0.638 0.821
0.065 0.982 0.649 0.826
0.052 0.990 0.691 0.826
0.052 0.985 0.745 0.815
0.064 0.987 0.684 0.821
0.066 0.994 0.651 0.836
0.070 0.987 0.719 0.815
0.077 0.990 0.904 0.800
0.059 0.986 1.010 0.759
0.071 0.987 0.746 0.815
0.054 0.986 0.685 0.810
0.052 0.987 0.672 0.810
0.058 0.989 0.737 0.810
0.066 0.978 0.708 0.826
0.059 0.987 0.717 0.826
0.050 0.986 0.704 0.815
0.066 0.982 0.720 0.815
0.076 0.986 0.765 0.821
0.078 0.987 0.756 0.821
0.117 0.982 0.681 0.846
0.061 0.987 0.669 0.831
0.059 0.980 0.660 0.826
0.085 0.983 0.690 0.826
0.052 0.989 0.674 0.805
0.092 0.981 0.697 0.815
0.066 0.989 0.774 0.810
0.079 0.985 0.765 0.815
0.118 0.983 1.018 0.744
0.050 0.990 0.874 0.815
0.062 0.982 0.702 0.815
0.056 0.989 0.674 0.826
0.054 0.985 0.663 0.831
0.054 0.982 0.687 0.826
0.055 0.981 0.704 0.821
0.099 0.985 0.711 0.821
0.061 0.983 0.657 0.821
0.060 0.985 0.665 0.826
0.049 0.982 0.752 0.821
0.050 0.989 0.731 0.821
0.086 0.983 0.702 0.826
0.107 0.986 0.760 0.815
0.071 0.982 0.855 0.800
0.075 0.983 0.745 0.810
0.072 0.991 0.664 0.831
0.059 0.989 0.676 0.826
0.060 0.986 0.683 0.826
0.076 0.990 0.727 0.815
0.053 0.989 0.746 0.810
0.048 0.989 0.729 0.821
0.081 0.990 0.670 0.810
0.075 0.982 0.645 0.815
0.050 0.987 0.680 0.810
0.052 0.987 0.708 0.821
0.058 0.986 0.714 0.821
0.078 0.987 0.668 0.815
0.063 0.986 0.652 0.836
0.051 0.990 0.652 0.831
0.086 0.985 0.694 0.821
0.061 0.983 0.783 0.810
0.065 0.981 0.754 0.815
0.076 0.989 0.816 0.810
0.069 0.981 0.804 0.810
0.057 0.978 0.856 0.810
0.061 0.989 0.746 0.810
0.119 0.986 0.749 0.815
0.114 0.985 0.826 0.805
0.056 0.983 1.013 0.779
0.054 0.980 0.830 0.810
0.126 0.986 0.752 0.805
0.061 0.987 0.703 0.821
0.073 0.987 0.723 0.826
0.074 0.983 0.879 0.805
0.066 0.986 0.734 0.821
0.054 0.990 0.716 0.815
0.069 0.983 0.707 0.810
0.084 0.982 0.654 0.815
0.057 0.986 0.681 0.815
0.052 0.990 0.666 0.821
0.066 0.983 0.670 0.821
0.054 0.986 0.735 0.815
0.061 0.980 0.785 0.815
0.049 0.987 0.710 0.821
0.091 0.981 0.701 0.805
0.070 0.985 0.712 0.805
0.082 0.989 0.687 0.815
0.050 0.989 0.811 0.800
0.078 0.981 0.772 0.810
0.064 0.987 0.715 0.815
0.060 0.986 0.707 0.826
0.063 0.989 0.711 0.821
0.059 0.989 0.687 0.826
0.082 0.978 0.692 0.821
0.068 0.986 0.764 0.800
0.057 0.983 0.689 0.826
0.056 0.982 0.656 0.821
0.076 0.989 0.689 0.815
0.069 0.989 0.746 0.815
0.079 0.983 0.722 0.815
0.056 0.989 0.737 0.810
0.062 0.985 0.755 0.815
0.066 0.987 0.762 0.810
0.050 0.989 0.749 0.821
0.072 0.989 0.736 0.805
0.049 0.986 0.673 0.831
0.071 0.985 0.667 0.826
0.060 0.985 0.640 0.836
0.053 0.990 0.653 0.831
0.044 0.989 0.672 0.815
0.055 0.987 0.714 0.815
0.066 0.990 0.723 0.815
0.054 0.985 0.702 0.810
0.053 0.989 0.734 0.826
0.095 0.982 0.755 0.815
0.089 0.987 0.737 0.810
0.061 0.980 0.658 0.821
0.047 0.989 0.669 0.836
0.062 0.985 0.674 0.831
0.101 0.981 0.692 0.826
