0.684 0.563 0.694 0.487
0.673 0.599 0.690 0.487
0.642 0.641 0.688 0.533
0.633 0.650 0.680 0.574
0.619 0.692 0.685 0.559
0.622 0.676 0.744 0.513
0.624 0.708 0.643 0.662
0.578 0.716 0.634 0.636
0.560 0.714 0.807 0.518
0.548 0.729 1.118 0.497
0.548 0.724 0.637 0.636
0.543 0.724 0.618 0.682
0.534 0.739 0.686 0.585
0.576 0.728 0.695 0.610
0.510 0.752 0.619 0.656
0.524 0.745 0.613 0.667
0.493 0.761 0.672 0.610
0.498 0.768 0.609 0.656
0.520 0.748 0.622 0.662
0.505 0.765 0.657 0.651
0.501 0.759 0.880 0.538
0.496 0.762 0.581 0.718
0.491 0.777 0.895 0.538
0.500 0.759 0.610 0.641
0.485 0.778 0.843 0.569
0.510 0.780 0.657 0.631
0.503 0.780 0.664 0.621
0.474 0.766 0.666 0.662
0.458 0.803 0.628 0.667
0.456 0.778 0.608 0.697
0.468 0.775 0.583 0.733
0.517 0.784 0.725 0.590
0.475 0.792 0.727 0.595
0.460 0.792 0.769 0.595
0.429 0.808 0.672 0.682
0.459 0.801 0.852 0.574
0.482 0.784 0.652 0.677
0.442 0.798 0.602 0.728
0.458 0.798 0.581 0.708
0.424 0.805 0.589 0.728
0.451 0.791 0.683 0.656
0.444 0.810 0.624 0.703
0.465 0.799 0.627 0.703
0.498 0.788 0.755 0.621
0.414 0.822 0.568 0.713
0.408 0.808 0.748 0.579
0.414 0.817 0.600 0.697
0.399 0.808 0.575 0.697
0.429 0.807 0.545 0.713
0.481 0.801 0.896 0.595
0.408 0.819 0.619 0.677
0.381 0.834 0.775 0.621
0.392 0.831 0.774 0.610
0.409 0.821 0.583 0.744
0.433 0.803 0.742 0.651
0.402 0.824 1.200 0.528
0.401 0.838 0.602 0.677
0.397 0.820 0.916 0.585
0.405 0.848 0.819 0.615
0.447 0.817 1.174 0.533
0.407 0.817 1.006 0.564
0.438 0.810 0.727 0.656
0.390 0.844 0.849 0.641
0.425 0.805 1.009 0.554
0.398 0.825 0.685 0.667
0.424 0.797 0.695 0.667
0.401 0.839 0.623 0.718
0.405 0.844 0.878 0.610
0.421 0.822 0.762 0.636
0.383 0.844 0.599 0.708
0.385 0.844 0.585 0.703
0.374 0.842 0.655 0.703
0.399 0.849 0.636 0.718
0.354 0.852 0.734 0.656
0.361 0.843 0.624 0.738
0.387 0.826 0.639 0.713
0.366 0.861 1.014 0.615
0.373 0.842 0.851 0.600
0.372 0.858 0.627 0.708
0.411 0.820 0.696 0.682
0.406 0.826 0.695 0.708
0.391 0.845 1.243 0.544
0.461 0.799 0.739 0.631
0.353 0.863 0.627 0.703
0.367 0.858 0.561 0.738
0.358 0.867 0.585 0.708
0.375 0.857 0.587 0.738
0.323 0.860 0.648 0.723
0.350 0.862 0.879 0.621
0.333 0.863 0.798 0.656
0.336 0.884 0.718 0.682
0.331 0.866 0.630 0.749
0.340 0.871 0.850 0.651
0.343 0.849 0.629 0.723
0.346 0.867 0.615 0.764
0.370 0.819 0.919 0.631
0.353 0.843 0.600 0.744
0.345 0.845 0.574 0.749
0.309 0.879 0.797 0.641
0.305 0.868 0.612 0.774
0.311 0.876 0.604 0.754
0.329 0.868 0.562 0.759
0.311 0.865 0.537 0.800
0.297 0.871 0.784 0.667
0.331 0.881 0.582 0.754
0.280 0.883 0.593 0.738
0.293 0.885 0.649 0.723
0.308 0.886 1.013 0.605
0.348 0.885 0.531 0.774
0.318 0.875 0.600 0.723
0.360 0.856 0.853 0.656
0.353 0.844 0.673 0.713
0.305 0.881 0.698 0.692
0.266 0.886 0.721 0.713
0.291 0.884 0.653 0.754
0.337 0.867 0.760 0.697
0.350 0.876 0.657 0.764
0.315 0.866 0.549 0.779
0.293 0.876 0.646 0.723
0.292 0.881 0.579 0.779
0.290 0.898 0.875 0.677
0.302 0.884 0.729 0.733
0.298 0.884 0.772 0.708
0.291 0.890 0.641 0.744
0.261 0.889 0.649 0.744
0.321 0.884 0.608 0.749
0.302 0.866 0.680 0.728
0.324 0.874 0.984 0.667
0.364 0.853 0.651 0.790
0.295 0.877 0.852 0.662
0.258 0.897 0.648 0.749
0.246 0.899 0.597 0.779
0.282 0.885 0.799 0.718
0.317 0.858 0.657 0.774
0.312 0.853 0.772 0.723
0.330 0.858 0.926 0.687
0.392 0.851 0.665 0.744
0.343 0.880 0.733 0.672
0.297 0.868 0.723 0.754
0.291 0.889 0.709 0.718
0.266 0.889 0.683 0.744
0.291 0.898 0.629 0.754
0.288 0.885 1.221 0.651
0.278 0.883 0.611 0.785
0.286 0.890 0.711 0.713
0.267 0.908 0.776 0.697
0.292 0.879 0.596 0.749
0.329 0.883 1.025 0.636
0.359 0.853 0.866 0.697
0.334 0.883 0.668 0.738
0.299 0.872 0.613 0.759
0.298 0.885 0.651 0.718
0.290 0.895 1.321 0.564
0.304 0.863 0.610 0.779
0.313 0.877 0.613 0.800
0.246 0.898 0.642 0.738
0.266 0.899 0.595 0.785
0.255 0.900 0.711 0.764
0.314 0.883 0.662 0.738
0.300 0.871 0.579 0.764
0.276 0.891 0.640 0.754
0.279 0.909 0.802 0.703
0.258 0.894 0.556 0.769
0.238 0.895 0.565 0.800
0.265 0.912 0.713 0.728
0.294 0.890 0.609 0.785
0.305 0.886 0.715 0.738
0.323 0.884 0.809 0.718
0.257 0.894 0.757 0.738
0.252 0.903 0.576 0.774
0.272 0.897 0.751 0.703
0.285 0.856 0.729 0.759
0.244 0.899 0.705 0.749
0.238 0.900 0.627 0.774
0.225 0.907 0.668 0.754
0.209 0.912 0.557 0.800
0.226 0.909 0.614 0.754
0.228 0.913 0.774 0.723
0.262 0.903 0.754 0.728
0.261 0.900 0.572 0.800
0.260 0.885 1.254 0.579
0.272 0.905 0.701 0.759
0.226 0.907 0.793 0.728
0.241 0.909 0.680 0.754
0.257 0.899 0.677 0.754
0.227 0.900 0.796 0.708
0.256 0.895 1.073 0.662
0.265 0.894 1.833 0.549
0.319 0.876 0.577 0.769
0.304 0.876 0.666 0.718
0.244 0.902 0.643 0.754
0.249 0.900 0.665 0.708
0.321 0.889 0.618 0.764
0.353 0.877 0.919 0.682
0.287 0.893 0.959 0.703
0.276 0.897 1.137 0.605
0.257 0.898 0.594 0.779
0.240 0.897 0.731 0.738
0.260 0.916 0.535 0.800
0.276 0.902 0.767 0.749
0.246 0.917 0.599 0.785
0.242 0.912 0.640 0.754
0.224 0.903 0.675 0.779
0.241 0.917 0.571 0.790
0.271 0.902 0.596 0.805
0.220 0.921 0.553 0.800
0.240 0.913 0.679 0.744
0.220 0.918 0.608 0.749
0.237 0.899 0.644 0.774
0.199 0.912 0.705 0.733
0.227 0.920 0.670 0.754
0.241 0.908 0.726 0.749
0.206 0.911 0.562 0.795
0.186 0.909 0.577 0.805
0.182 0.926 0.720 0.749
0.190 0.928 0.599 0.774
0.247 0.921 0.634 0.759
0.192 0.928 0.686 0.764
0.198 0.920 0.645 0.754
0.205 0.914 0.661 0.795
0.222 0.923 0.663 0.790
0.238 0.899 0.671 0.779
0.221 0.905 0.738 0.723
0.194 0.928 0.553 0.815
0.194 0.931 0.643 0.774
0.202 0.930 1.250 0.605
0.223 0.908 0.625 0.785
0.187 0.931 0.674 0.785
0.200 0.920 0.916 0.713
0.284 0.905 0.785 0.733
0.201 0.917 0.704 0.723
0.209 0.916 0.835 0.713
0.210 0.912 0.831 0.692
0.225 0.916 0.549 0.831
0.182 0.923 0.593 0.769
0.197 0.923 0.600 0.785
0.199 0.920 0.839 0.749
0.184 0.927 0.648 0.785
0.197 0.926 0.597 0.805
0.199 0.916 0.634 0.759
0.201 0.912 0.730 0.728
0.180 0.930 0.599 0.826
0.208 0.934 0.563 0.800
0.185 0.913 0.689 0.759
0.259 0.931 0.872 0.713
0.210 0.914 0.720 0.749
0.212 0.917 0.642 0.774
0.234 0.916 0.789 0.728
0.205 0.907 0.606 0.800
0.232 0.920 0.602 0.774
0.202 0.923 0.803 0.754
0.204 0.930 0.688 0.769
0.212 0.931 0.648 0.785
0.172 0.937 0.609 0.800
0.170 0.943 0.637 0.795
0.190 0.936 0.619 0.774
0.192 0.930 0.602 0.790
0.222 0.930 0.584 0.815
0.224 0.914 0.708 0.764
0.271 0.917 0.974 0.703
0.198 0.913 0.615 0.785
0.185 0.926 0.673 0.779
0.182 0.926 0.564 0.790
0.203 0.928 0.913 0.672
0.224 0.918 0.605 0.779
0.205 0.914 0.624 0.754
0.176 0.925 0.632 0.769
0.202 0.934 0.632 0.790
0.219 0.923 0.705 0.764
0.216 0.905 0.707 0.738
0.180 0.934 0.639 0.785
0.215 0.920 0.675 0.790
0.290 0.888 0.770 0.759
0.273 0.917 0.655 0.785
0.256 0.893 0.800 0.764
0.207 0.920 0.688 0.774
0.210 0.928 0.622 0.795
0.212 0.904 1.099 0.631
0.195 0.932 0.681 0.785
0.193 0.925 0.768 0.779
0.189 0.937 0.912 0.744
0.173 0.936 0.780 0.733
0.168 0.937 0.685 0.779
0.160 0.941 1.016 0.687
0.181 0.930 0.675 0.769
0.219 0.927 0.649 0.779
0.181 0.935 0.714 0.774
0.179 0.934 0.768 0.769
0.154 0.937 0.653 0.754
0.160 0.932 0.609 0.790
0.166 0.935 0.650 0.815
0.171 0.937 0.641 0.810
0.208 0.934 0.689 0.759
0.160 0.940 0.616 0.800
0.169 0.949 0.745 0.795
0.171 0.943 0.657 0.800
0.235 0.911 0.688 0.774
0.231 0.920 0.880 0.733
0.183 0.925 0.719 0.769
0.234 0.925 0.986 0.713
0.155 0.934 1.559 0.615
0.175 0.927 0.661 0.785
0.167 0.944 0.565 0.774
0.221 0.936 0.740 0.749
0.200 0.925 0.603 0.790
0.180 0.926 0.577 0.795
0.233 0.928 0.544 0.800
0.156 0.932 0.698 0.764
0.126 0.950 0.684 0.769
0.152 0.951 0.574 0.800
0.164 0.946 0.566 0.795
0.160 0.944 0.663 0.779
0.212 0.927 0.594 0.805
0.176 0.926 0.805 0.774
0.138 0.949 0.817 0.744
0.144 0.945 0.658 0.800
0.128 0.955 0.607 0.800
0.137 0.946 0.604 0.826
0.152 0.944 0.680 0.769
0.146 0.943 0.674 0.785
0.161 0.934 0.816 0.759
0.139 0.944 0.772 0.749
0.156 0.944 0.639 0.800
0.165 0.937 0.831 0.749
0.153 0.949 0.749 0.779
0.158 0.934 0.673 0.800
0.196 0.951 0.611 0.805
0.166 0.939 0.628 0.821
0.135 0.954 0.682 0.805
0.150 0.951 0.710 0.754
0.149 0.958 0.650 0.795
0.153 0.960 1.124 0.703
0.176 0.930 0.731 0.790
0.176 0.948 0.974 0.749
0.166 0.936 0.754 0.779
0.168 0.941 0.637 0.810
0.157 0.949 0.795 0.749
0.176 0.954 0.687 0.795
0.171 0.943 1.088 0.692
0.208 0.918 0.782 0.759
0.171 0.928 0.951 0.764
0.164 0.944 0.650 0.831
0.141 0.946 0.635 0.805
0.130 0.949 0.675 0.805
0.164 0.944 0.906 0.733
0.208 0.939 0.779 0.754
0.187 0.926 0.629 0.800
0.148 0.944 0.649 0.769
0.141 0.936 0.701 0.774
0.150 0.948 0.692 0.790
0.158 0.937 0.700 0.774
0.142 0.948 0.698 0.795
0.121 0.953 0.626 0.795
0.137 0.953 0.652 0.790
0.170 0.949 0.662 0.790
0.170 0.945 0.655 0.790
0.162 0.940 0.572 0.785
0.250 0.943 0.603 0.815
0.242 0.912 0.728 0.779
0.121 0.958 0.585 0.810
0.110 0.958 0.566 0.821
0.172 0.957 0.568 0.815
0.194 0.936 0.686 0.774
0.154 0.941 0.607 0.779
0.131 0.951 1.752 0.600
0.124 0.955 0.603 0.800
0.145 0.948 0.626 0.785
0.112 0.960 0.618 0.815
0.149 0.948 0.640 0.795
0.149 0.936 0.871 0.779
0.132 0.951 0.634 0.805
0.245 0.949 0.797 0.790
0.265 0.903 1.511 0.605
0.153 0.928 0.605 0.779
0.153 0.941 0.646 0.810
0.154 0.937 0.729 0.800
0.161 0.943 0.704 0.779
0.124 0.949 0.694 0.785
0.149 0.946 0.627 0.790
0.138 0.946 0.685 0.764
0.140 0.957 0.634 0.831
0.172 0.945 0.677 0.795
0.180 0.940 0.715 0.785
0.114 0.959 0.724 0.774
0.112 0.966 0.588 0.790
0.125 0.955 0.617 0.810
0.121 0.962 0.684 0.810
0.149 0.949 0.676 0.800
0.227 0.943 0.718 0.764
0.143 0.944 0.782 0.744
0.155 0.940 0.631 0.805
0.110 0.966 1.043 0.687
0.121 0.963 0.674 0.805
0.175 0.962 0.690 0.795
0.185 0.937 0.629 0.774
0.187 0.946 0.701 0.790
0.187 0.941 0.971 0.764
0.178 0.928 0.720 0.795
0.124 0.953 0.863 0.744
0.130 0.949 0.684 0.785
0.124 0.960 0.654 0.805
0.128 0.955 0.644 0.805
0.186 0.962 0.591 0.846
0.138 0.954 0.605 0.810
0.117 0.955 0.641 0.815
0.131 0.959 0.586 0.810
0.116 0.962 0.622 0.821
0.159 0.957 0.593 0.821
0.131 0.953 0.569 0.821
0.107 0.957 0.607 0.805
0.100 0.971 0.638 0.805
0.111 0.967 0.578 0.815
0.124 0.964 0.600 0.821
0.129 0.960 0.675 0.800
0.105 0.964 0.615 0.826
0.133 0.966 0.638 0.795
0.117 0.966 0.708 0.810
0.128 0.951 0.658 0.805
0.199 0.954 0.677 0.805
0.165 0.945 0.599 0.831
0.120 0.968 0.663 0.805
0.111 0.958 0.591 0.821
0.122 0.963 0.608 0.810
0.131 0.957 0.670 0.774
0.115 0.966 0.695 0.790
0.141 0.963 0.627 0.810
0.203 0.943 0.687 0.790
0.220 0.931 0.917 0.774
0.147 0.949 0.768 0.805
0.105 0.966 0.833 0.759
0.105 0.960 0.592 0.810
0.104 0.964 0.588 0.795
0.112 0.969 0.601 0.805
0.121 0.966 0.611 0.810
0.101 0.960 0.623 0.785
0.104 0.966 0.648 0.800
0.140 0.954 0.631 0.795
0.131 0.953 0.830 0.769
0.149 0.949 0.663 0.805
0.124 0.957 0.843 0.779
0.143 0.955 0.653 0.779
0.118 0.957 0.698 0.774
0.117 0.958 0.709 0.774
0.095 0.971 0.627 0.795
0.108 0.972 0.623 0.815
0.108 0.969 0.589 0.821
0.102 0.960 0.597 0.821
0.116 0.968 0.657 0.810
0.104 0.962 0.645 0.805
0.180 0.968 0.624 0.795
0.130 0.948 0.601 0.821
0.104 0.969 0.610 0.810
0.113 0.957 0.680 0.805
0.137 0.962 0.688 0.795
0.094 0.972 0.667 0.821
0.159 0.960 0.734 0.800
0.124 0.948 0.754 0.779
0.210 0.957 0.605 0.805
0.142 0.945 0.906 0.785
0.133 0.962 0.679 0.790
0.172 0.959 1.004 0.718
0.139 0.944 0.717 0.805
0.110 0.968 0.709 0.795
0.095 0.963 0.707 0.805
0.175 0.950 0.737 0.800
0.153 0.950 0.917 0.744
0.137 0.953 0.651 0.790
0.119 0.955 0.840 0.779
0.111 0.959 0.607 0.821
0.098 0.973 0.656 0.779
0.117 0.963 0.639 0.790
0.114 0.955 0.655 0.805
0.119 0.971 0.675 0.805
0.132 0.954 1.027 0.738
0.114 0.955 0.670 0.805
0.131 0.963 0.653 0.805
0.107 0.968 0.677 0.805
0.128 0.963 0.633 0.805
0.129 0.957 0.738 0.779
0.118 0.959 0.684 0.805
0.124 0.962 0.641 0.815
0.125 0.960 0.656 0.785
0.127 0.958 0.760 0.759
0.118 0.957 0.730 0.764
0.102 0.960 0.718 0.774
0.095 0.973 0.696 0.795
0.094 0.969 0.675 0.815
0.092 0.972 0.639 0.810
0.087 0.964 0.688 0.790
0.079 0.980 0.593 0.805
0.115 0.968 0.600 0.815
0.182 0.958 0.883 0.769
0.202 0.940 0.762 0.800
0.174 0.928 0.958 0.759
0.140 0.939 0.828 0.769
0.179 0.948 0.754 0.795
0.111 0.954 0.878 0.779
0.123 0.973 0.779 0.785
0.137 0.958 0.718 0.764
0.176 0.953 1.104 0.754
0.104 0.958 0.716 0.785
0.101 0.969 0.642 0.815
0.111 0.976 0.617 0.800
0.125 0.969 0.655 0.800
0.097 0.968 0.681 0.826
0.087 0.974 0.677 0.831
0.099 0.973 0.633 0.810
0.097 0.972 0.686 0.821
0.099 0.971 0.693 0.795
0.118 0.976 0.778 0.805
0.094 0.972 0.618 0.815
0.110 0.969 0.671 0.800
0.124 0.966 0.672 0.821
0.131 0.964 0.665 0.815
0.082 0.976 0.670 0.826
0.099 0.971 0.664 0.821
0.090 0.977 0.716 0.826
0.092 0.969 0.713 0.805
0.102 0.971 0.599 0.821
0.122 0.966 0.624 0.826
0.096 0.973 0.821 0.774
0.115 0.971 0.731 0.800
0.094 0.969 0.653 0.800
0.088 0.976 0.653 0.836
0.116 0.968 0.781 0.805
0.102 0.973 0.617 0.821
0.093 0.977 0.650 0.810
0.104 0.974 0.666 0.826
0.093 0.973 0.671 0.810
0.097 0.968 0.623 0.821
0.124 0.976 0.702 0.810
0.093 0.967 0.760 0.805
0.115 0.972 0.614 0.810
0.083 0.977 0.641 0.800
0.083 0.967 0.717 0.810
0.092 0.969 0.667 0.826
0.088 0.969 0.662 0.815
0.084 0.968 0.818 0.805
0.146 0.967 0.641 0.805
0.086 0.968 0.730 0.795
0.097 0.977 0.651 0.805
0.147 0.969 0.719 0.805
0.165 0.967 0.685 0.785
0.221 0.953 0.719 0.779
0.136 0.949 0.773 0.764
0.085 0.971 0.637 0.800
0.104 0.971 0.628 0.790
0.088 0.976 0.651 0.831
0.076 0.976 0.630 0.815
0.100 0.972 0.645 0.790
0.094 0.969 0.641 0.810
0.091 0.971 0.634 0.795
0.098 0.964 0.646 0.810
0.091 0.980 0.616 0.821
0.102 0.981 0.599 0.826
0.092 0.972 0.654 0.790
0.082 0.971 0.769 0.795
0.108 0.976 0.605 0.805
0.079 0.974 0.617 0.810
0.103 0.971 0.670 0.795
0.103 0.967 0.845 0.759
0.125 0.964 0.578 0.826
0.113 0.963 0.639 0.795
0.091 0.969 1.195 0.713
0.134 0.973 0.721 0.805
0.114 0.976 0.738 0.785
0.087 0.971 0.623 0.831
0.121 0.976 0.668 0.821
0.092 0.971 0.661 0.795
0.091 0.978 0.721 0.800
0.084 0.981 0.663 0.805
0.110 0.969 0.636 0.826
0.111 0.969 0.691 0.810
0.081 0.973 0.779 0.810
0.100 0.974 0.680 0.821
0.085 0.972 0.738 0.805
0.078 0.977 0.634 0.826
0.112 0.978 0.621 0.831
0.091 0.976 0.636 0.790
0.107 0.969 0.584 0.821
0.158 0.959 1.355 0.672
0.125 0.951 0.671 0.795
0.119 0.960 0.765 0.795
0.074 0.976 0.738 0.815
0.117 0.974 0.681 0.821
0.121 0.971 0.684 0.800
0.121 0.959 0.728 0.795
0.156 0.968 0.650 0.831
0.206 0.962 0.825 0.744
0.099 0.964 0.966 0.749
0.089 0.976 0.748 0.800
0.114 0.973 0.731 0.790
0.080 0.972 0.623 0.821
0.080 0.981 0.662 0.810
0.098 0.976 0.652 0.810
0.104 0.974 0.630 0.815
0.085 0.972 0.762 0.790
0.072 0.977 0.682 0.785
0.117 0.971 0.669 0.805
0.110 0.974 0.711 0.795
0.084 0.971 0.605 0.826
0.083 0.972 0.607 0.826
0.087 0.977 0.683 0.815
0.115 0.977 0.668 0.805
0.080 0.982 0.659 0.815
0.096 0.971 0.598 0.846
0.079 0.981 0.637 0.826
0.086 0.973 0.620 0.810
0.101 0.976 0.661 0.805
0.077 0.976 0.647 0.821
0.071 0.978 0.642 0.800
0.069 0.982 0.617 0.810
0.072 0.978 0.620 0.836
0.071 0.976 0.617 0.821
0.093 0.977 0.614 0.821
0.089 0.978 0.631 0.831
0.095 0.976 0.678 0.815
0.076 0.978 0.617 0.826
0.089 0.986 0.644 0.831
0.078 0.981 0.658 0.841
0.074 0.981 0.636 0.831
0.137 0.976 0.649 0.800
0.095 0.968 0.881 0.759
0.077 0.980 0.667 0.805
0.087 0.982 0.662 0.821
0.101 0.977 0.712 0.821
0.089 0.973 0.716 0.805
0.090 0.980 0.625 0.831
0.120 0.974 0.627 0.805
0.114 0.973 0.799 0.774
0.095 0.967 0.703 0.790
0.100 0.974 0.687 0.810
0.092 0.976 0.726 0.785
0.102 0.969 0.720 0.800
0.072 0.983 0.656 0.815
0.091 0.977 0.641 0.821
0.083 0.977 0.635 0.831
0.087 0.976 0.692 0.810
0.152 0.966 0.683 0.805
0.111 0.958 0.652 0.831
0.097 0.973 0.736 0.805
0.080 0.980 0.643 0.826
0.077 0.978 0.610 0.826
0.075 0.981 0.682 0.815
0.087 0.982 0.652 0.810
0.103 0.966 0.690 0.815
0.072 0.976 0.600 0.815
0.075 0.980 0.598 0.826
0.077 0.974 0.623 0.826
0.135 0.977 0.694 0.821
0.070 0.980 0.675 0.785
0.076 0.978 0.592 0.815
0.080 0.976 0.619 0.836
0.089 0.982 0.612 0.831
0.071 0.981 0.631 0.810
0.102 0.981 0.625 0.836
0.090 0.977 0.712 0.826
0.106 0.973 0.658 0.826
0.077 0.976 0.668 0.815
0.076 0.974 0.657 0.815
0.077 0.980 0.629 0.841
0.091 0.973 0.645 0.826
0.077 0.980 0.736 0.810
0.073 0.978 0.668 0.810
0.119 0.977 0.631 0.841
0.066 0.981 0.639 0.810
0.132 0.974 0.616 0.841
0.097 0.976 0.702 0.790
0.094 0.976 0.751 0.785
0.083 0.980 0.614 0.831
0.081 0.971 0.638 0.810
0.122 0.973 0.726 0.810
0.089 0.973 0.847 0.800
0.103 0.976 0.701 0.815
0.101 0.971 0.686 0.826
0.071 0.976 0.670 0.800
0.080 0.976 0.616 0.836
0.074 0.981 0.612 0.836
0.077 0.980 0.651 0.841
0.073 0.982 0.685 0.810
0.067 0.978 0.626 0.826
0.118 0.978 0.652 0.836
0.074 0.982 0.669 0.800
0.104 0.974 0.741 0.790
0.092 0.973 0.764 0.805
0.095 0.980 0.806 0.779
0.083 0.978 0.802 0.800
0.067 0.982 0.686 0.826
0.113 0.977 0.647 0.821
0.062 0.980 0.662 0.815
0.068 0.981 0.649 0.805
0.092 0.978 0.681 0.821
0.089 0.978 0.693 0.815
0.084 0.969 0.757 0.821
0.102 0.974 0.699 0.800
0.083 0.974 0.683 0.826
0.063 0.985 0.674 0.831
0.074 0.977 0.677 0.826
0.076 0.976 0.714 0.815
0.062 0.985 0.746 0.795
0.110 0.981 0.620 0.851
0.115 0.974 0.632 0.805
0.072 0.976 0.690 0.821
0.138 0.973 0.633 0.846
0.079 0.977 0.638 0.836
0.096 0.972 0.690 0.810
0.093 0.978 0.739 0.805
0.066 0.978 0.694 0.815
0.070 0.982 0.637 0.831
0.063 0.986 0.688 0.831
0.074 0.985 0.703 0.821
0.091 0.983 0.685 0.815
0.105 0.978 0.630 0.831
0.112 0.986 0.654 0.826
0.075 0.977 0.641 0.821
0.092 0.978 0.626 0.836
0.072 0.977 0.700 0.821
0.099 0.982 0.653 0.826
0.072 0.982 0.686 0.815
0.067 0.986 0.678 0.805
0.065 0.982 0.652 0.821
0.105 0.980 0.660 0.826
0.076 0.976 0.666 0.836
0.062 0.982 0.687 0.821
0.069 0.983 0.642 0.851
0.077 0.976 0.628 0.821
0.105 0.978 0.631 0.831
0.072 0.981 0.660 0.821
0.145 0.983 0.646 0.831
0.064 0.981 0.621 0.831
0.085 0.983 0.656 0.815
0.071 0.980 0.672 0.826
0.071 0.980 0.713 0.815
0.060 0.985 0.682 0.815
0.146 0.982 0.630 0.831
0.075 0.978 0.665 0.800
0.102 0.983 0.657 0.800
0.066 0.981 0.635 0.831
0.074 0.983 0.683 0.821
0.080 0.981 0.718 0.821
0.062 0.985 0.734 0.805
0.061 0.983 0.699 0.805
0.065 0.985 0.680 0.815
0.106 0.982 0.692 0.821
0.062 0.982 0.706 0.831
0.099 0.971 0.671 0.826
0.104 0.973 0.643 0.815
0.069 0.980 0.654 0.821
0.073 0.982 0.665 0.826
0.087 0.977 0.637 0.826
0.073 0.977 0.615 0.836
0.059 0.983 0.619 0.836
0.065 0.978 0.614 0.831
0.061 0.986 0.619 0.826
0.069 0.980 0.666 0.826
0.080 0.976 0.675 0.831
0.066 0.982 0.650 0.826
0.082 0.980 0.655 0.841
0.080 0.978 0.700 0.821
0.064 0.983 0.657 0.815
0.065 0.985 0.648 0.810
0.063 0.981 0.615 0.831
0.059 0.985 0.666 0.821
0.060 0.983 0.660 0.831
0.072 0.980 0.664 0.831
0.092 0.978 0.706 0.821
0.072 0.980 0.672 0.836
0.074 0.982 0.644 0.826
0.063 0.978 0.637 0.826
0.063 0.980 0.639 0.831
0.077 0.980 0.631 0.831
0.100 0.982 0.687 0.810
0.073 0.985 0.765 0.795
0.066 0.982 0.670 0.826
0.078 0.982 0.704 0.821
0.060 0.985 0.661 0.836
0.060 0.985 0.645 0.841
0.123 0.986 0.653 0.821
0.136 0.964 0.685 0.846
0.093 0.972 0.728 0.831
0.196 0.974 0.680 0.821
0.095 0.963 0.736 0.836
0.060 0.981 0.668 0.831
0.059 0.990 0.631 0.841
0.062 0.977 0.644 0.831
0.113 0.983 0.645 0.815
0.087 0.969 0.712 0.810
0.083 0.976 0.680 0.826
0.080 0.983 0.704 0.815
0.073 0.982 0.659 0.836
0.085 0.981 0.687 0.815
0.097 0.972 0.707 0.805
0.070 0.978 0.687 0.790
0.078 0.974 0.721 0.826
0.083 0.982 0.682 0.826
0.087 0.986 0.659 0.846
0.068 0.973 0.651 0.826
0.079 0.985 0.645 0.826
0.074 0.983 0.649 0.826
0.101 0.978 0.693 0.846
0.066 0.991 0.647 0.831
0.079 0.980 0.648 0.821
0.067 0.978 0.678 0.810
0.074 0.978 0.658 0.821
0.069 0.985 0.694 0.826
0.062 0.985 0.650 0.836
0.082 0.978 0.672 0.841
0.059 0.983 0.695 0.826
0.087 0.986 0.669 0.826
0.063 0.986 0.652 0.851
0.089 0.985 0.674 0.831
0.120 0.978 0.705 0.826
0.067 0.985 0.694 0.795
0.059 0.980 0.642 0.810
0.060 0.980 0.634 0.815
0.085 0.976 0.664 0.815
0.057 0.986 0.662 0.815
0.059 0.987 0.645 0.836
0.054 0.987 0.669 0.815
0.062 0.976 0.675 0.810
0.055 0.983 0.668 0.821
0.084 0.985 0.725 0.821
0.074 0.981 0.754 0.821
0.058 0.982 0.750 0.831
0.062 0.985 0.710 0.821
0.086 0.980 0.657 0.836
0.060 0.981 0.649 0.836
0.061 0.980 0.641 0.831
0.058 0.986 0.658 0.821
0.057 0.980 0.677 0.821
0.086 0.981 0.676 0.810
0.064 0.985 0.676 0.831
0.085 0.982 0.630 0.846
0.066 0.989 0.666 0.815
0.070 0.985 0.634 0.831
0.100 0.980 0.641 0.821
0.060 0.980 0.684 0.810
0.116 0.982 0.685 0.810
0.072 0.983 0.721 0.826
0.092 0.985 0.744 0.826
0.053 0.986 0.668 0.831
0.071 0.985 0.667 0.836
0.077 0.981 0.677 0.826
0.072 0.980 0.674 0.831
0.070 0.986 0.645 0.831
0.056 0.985 0.631 0.836
0.052 0.987 0.643 0.821
0.074 0.983 0.624 0.836
0.075 0.986 0.649 0.846
0.083 0.980 0.642 0.815
0.073 0.980 0.666 0.795
0.074 0.980 0.714 0.826
0.095 0.977 0.778 0.810
0.078 0.980 0.670 0.815
0.072 0.980 0.660 0.826
0.058 0.981 0.655 0.831
0.057 0.986 0.639 0.836
0.061 0.985 0.633 0.826
0.090 0.986 0.652 0.831
0.055 0.983 0.661 0.821
0.055 0.981 0.646 0.831
0.058 0.986 0.661 0.826
0.065 0.986 0.653 0.841
0.064 0.978 0.698 0.800
0.113 0.981 0.653 0.821
0.056 0.980 0.670 0.826
0.075 0.981 0.656 0.831
0.070 0.989 0.653 0.836
0.070 0.987 0.634 0.846
0.052 0.987 0.643 0.831
0.069 0.986 0.658 0.831
0.084 0.981 0.662 0.836
0.062 0.981 0.655 0.841
0.066 0.980 0.634 0.841
0.073 0.982 0.639 0.836
0.089 0.978 0.762 0.795
0.066 0.983 0.664 0.821
0.058 0.985 0.621 0.831
0.064 0.983 0.651 0.821
0.099 0.977 0.641 0.826
0.112 0.977 0.627 0.841
0.073 0.987 0.632 0.826
0.059 0.985 0.656 0.831
0.063 0.980 0.668 0.805
0.056 0.981 0.677 0.826
0.078 0.989 0.669 0.826
0.100 0.980 0.693 0.826
0.072 0.978 0.847 0.790
0.059 0.985 0.720 0.815
0.058 0.985 0.694 0.821
0.072 0.981 0.658 0.831
0.094 0.982 0.666 0.831
0.058 0.982 0.720 0.826
0.051 0.987 0.665 0.821
0.078 0.986 0.672 0.826
0.062 0.986 0.687 0.836
0.092 0.982 0.658 0.841
0.100 0.981 0.687 0.841
0.062 0.983 0.646 0.836
0.118 0.986 0.665 0.836
0.063 0.985 0.676 0.836
0.090 0.980 0.692 0.836
0.061 0.983 0.686 0.815
0.103 0.980 0.663 0.826
0.058 0.983 0.663 0.841
0.057 0.985 0.661 0.831
0.080 0.983 0.656 0.836
0.098 0.983 0.665 0.846
0.079 0.981 0.720 0.821
0.052 0.983 0.669 0.826
0.058 0.981 0.665 0.841
0.081 0.983 0.667 0.836
0.052 0.986 0.715 0.831
0.052 0.987 0.667 0.831
0.056 0.986 0.664 0.826
0.064 0.983 0.662 0.821
0.061 0.978 0.659 0.815
0.057 0.985 0.665 0.831
0.049 0.989 0.651 0.826
0.066 0.985 0.667 0.826
0.051 0.983 0.672 0.821
0.077 0.981 0.656 0.831
0.069 0.989 0.662 0.821
0.057 0.982 0.658 0.836
0.052 0.990 0.670 0.831
0.085 0.982 0.667 0.831
0.082 0.981 0.713 0.831
0.059 0.987 0.673 0.836
0.091 0.982 0.721 0.810
0.051 0.989 0.807 0.815
0.052 0.986 0.703 0.821
0.054 0.982 0.657 0.836
0.063 0.980 0.648 0.841
0.079 0.980 0.654 0.831
0.074 0.981 0.662 0.831
0.109 0.980 0.669 0.826
0.057 0.985 0.654 0.831
0.080 0.989 0.642 0.841
0.079 0.982 0.683 0.836
0.077 0.987 0.662 0.826
0.070 0.989 0.665 0.821
0.056 0.983 0.697 0.821
0.055 0.986 0.705 0.815
0.070 0.977 0.693 0.815
0.055 0.989 0.661 0.826
0.052 0.985 0.679 0.826
0.057 0.986 0.673 0.826
0.084 0.974 0.668 0.826
0.071 0.982 0.710 0.815
0.061 0.980 0.738 0.800
0.072 0.989 0.684 0.826
0.062 0.987 0.678 0.826
0.048 0.986 0.667 0.826
0.101 0.981 0.672 0.826
0.080 0.981 0.706 0.805
0.085 0.980 0.677 0.800
0.068 0.981 0.644 0.815
0.054 0.982 0.648 0.836
0.066 0.985 0.651 0.831
0.102 0.980 0.700 0.815
0.064 0.987 0.726 0.821
0.053 0.985 0.681 0.841
0.067 0.987 0.681 0.821
0.054 0.989 0.684 0.815
0.076 0.986 0.709 0.815
0.062 0.982 0.682 0.815
0.105 0.987 0.659 0.836
0.053 0.987 0.694 0.800
0.068 0.983 0.667 0.836
0.054 0.986 0.660 0.831
0.057 0.982 0.665 0.826
0.112 0.982 0.670 0.826
0.059 0.985 0.701 0.815
0.091 0.985 0.678 0.815
0.061 0.987 0.646 0.836
0.094 0.983 0.657 0.836
0.093 0.983 0.738 0.795
0.110 0.985 0.677 0.831
0.076 0.983 0.700 0.800
0.067 0.986 0.682 0.805
0.060 0.982 0.636 0.831
0.071 0.986 0.690 0.805
0.060 0.980 0.664 0.815
0.105 0.986 0.682 0.815
0.102 0.978 0.662 0.841
0.061 0.985 0.679 0.826
0.070 0.983 0.664 0.836
0.063 0.985 0.677 0.831
0.061 0.983 0.647 0.831
0.057 0.986 0.647 0.836
0.071 0.986 0.704 0.815
0.060 0.985 0.743 0.815
0.057 0.987 0.699 0.821
0.057 0.987 0.670 0.831
0.072 0.986 0.660 0.836
0.052 0.991 0.666 0.841
0.128 0.983 0.653 0.836
0.074 0.986 0.683 0.841
0.076 0.977 0.640 0.846
0.074 0.983 0.663 0.846
