0.684 0.580 0.698 0.487
0.660 0.600 0.694 0.487
0.642 0.636 0.686 0.528
0.632 0.649 0.693 0.508
0.625 0.644 0.740 0.492
0.583 0.669 0.689 0.549
0.586 0.668 0.628 0.677
0.573 0.699 0.635 0.641
0.564 0.696 0.746 0.559
0.569 0.695 0.947 0.544
0.571 0.692 0.735 0.590
0.550 0.727 0.796 0.574
0.573 0.731 0.610 0.667
0.527 0.731 0.647 0.646
0.535 0.739 0.692 0.595
0.579 0.728 0.933 0.538
0.562 0.708 0.833 0.523
0.560 0.737 0.644 0.641
0.515 0.742 0.623 0.631
0.520 0.747 0.642 0.610
0.489 0.760 0.818 0.544
0.501 0.769 0.673 0.585
0.501 0.769 0.672 0.631
0.520 0.759 1.090 0.554
0.540 0.747 0.603 0.692
0.483 0.779 0.690 0.636
0.495 0.764 0.663 0.600
0.487 0.769 0.567 0.703
0.491 0.773 0.654 0.651
0.489 0.774 1.412 0.559
0.528 0.756 0.888 0.610
0.491 0.754 0.686 0.615
0.507 0.738 0.646 0.651
0.473 0.787 0.659 0.667
0.476 0.782 0.605 0.687
0.479 0.769 0.590 0.723
0.483 0.771 0.557 0.703
0.516 0.777 0.575 0.728
0.466 0.784 0.623 0.667
0.463 0.816 0.623 0.682
0.452 0.793 0.638 0.662
0.442 0.792 0.610 0.682
0.467 0.785 0.971 0.538
0.485 0.780 0.654 0.656
0.444 0.808 0.581 0.749
0.436 0.797 0.858 0.579
0.474 0.791 0.603 0.718
0.442 0.802 0.584 0.733
0.415 0.816 1.300 0.559
0.435 0.807 0.582 0.713
0.415 0.820 0.622 0.692
0.404 0.828 0.749 0.585
0.408 0.808 0.673 0.682
0.447 0.816 0.655 0.682
0.442 0.819 1.248 0.564
0.467 0.771 0.666 0.667
0.426 0.822 0.646 0.708
0.414 0.825 0.564 0.713
0.404 0.838 0.825 0.615
0.425 0.814 0.612 0.708
0.431 0.822 0.619 0.733
0.391 0.831 0.586 0.728
0.400 0.833 0.590 0.728
0.433 0.825 0.615 0.718
0.404 0.814 0.780 0.615
0.380 0.831 0.650 0.713
0.430 0.819 1.136 0.564
0.415 0.816 0.704 0.595
0.402 0.828 0.890 0.579
0.428 0.811 0.554 0.749
0.401 0.826 0.564 0.738
0.391 0.830 0.680 0.651
0.384 0.842 1.056 0.569
0.400 0.839 1.143 0.559
0.398 0.829 0.716 0.585
0.365 0.840 0.604 0.733
0.371 0.826 0.827 0.626
0.340 0.854 0.575 0.744
0.314 0.872 0.626 0.744
0.325 0.847 0.606 0.733
0.369 0.843 0.656 0.733
0.377 0.839 0.566 0.754
0.386 0.831 0.726 0.672
0.409 0.822 0.793 0.662
0.388 0.824 0.731 0.667
0.358 0.856 0.702 0.692
0.334 0.857 0.629 0.723
0.360 0.840 0.558 0.749
0.370 0.849 1.075 0.559
0.349 0.843 0.640 0.713
0.366 0.847 0.732 0.703
0.342 0.834 0.672 0.703
0.363 0.834 0.664 0.682
0.374 0.833 0.628 0.728
0.440 0.811 0.640 0.708
0.382 0.830 0.931 0.595
0.389 0.833 0.537 0.759
0.359 0.847 0.584 0.749
0.320 0.865 0.612 0.764
0.339 0.867 0.590 0.749
0.290 0.866 0.652 0.708
0.311 0.871 0.724 0.708
0.308 0.870 0.561 0.764
0.319 0.886 0.880 0.621
0.296 0.881 0.616 0.708
0.291 0.868 0.633 0.744
0.292 0.872 0.662 0.738
0.332 0.866 0.626 0.738
0.351 0.854 0.622 0.764
0.301 0.874 0.623 0.754
0.297 0.871 0.776 0.682
0.370 0.870 0.703 0.703
0.344 0.877 0.688 0.703
0.308 0.863 0.645 0.733
0.299 0.876 0.625 0.749
0.291 0.874 0.678 0.718
0.334 0.868 0.919 0.641
0.405 0.838 0.629 0.728
0.344 0.852 0.556 0.800
0.306 0.860 0.648 0.728
0.305 0.867 0.645 0.769
0.299 0.883 0.676 0.754
0.306 0.874 0.743 0.687
0.342 0.862 0.573 0.759
0.306 0.865 0.678 0.733
0.309 0.893 0.605 0.723
0.288 0.876 0.716 0.728
0.308 0.868 0.600 0.759
0.310 0.865 0.607 0.754
0.271 0.884 0.638 0.697
0.265 0.883 0.575 0.754
0.319 0.860 0.613 0.749
0.363 0.853 0.597 0.749
0.378 0.848 0.661 0.738
0.323 0.870 1.070 0.569
0.279 0.876 0.817 0.656
0.274 0.883 0.673 0.713
0.311 0.891 0.654 0.738
0.308 0.881 0.933 0.641
0.324 0.863 0.766 0.713
0.343 0.860 0.851 0.682
0.299 0.874 0.777 0.723
0.271 0.876 0.722 0.718
0.259 0.891 0.645 0.754
0.253 0.884 0.617 0.738
0.238 0.886 0.665 0.728
0.278 0.890 0.574 0.785
0.336 0.861 0.730 0.713
0.329 0.849 0.596 0.764
0.286 0.868 0.715 0.744
0.258 0.880 0.651 0.779
0.324 0.895 0.627 0.744
0.290 0.866 1.010 0.615
0.291 0.874 0.593 0.754
0.268 0.877 0.663 0.749
0.268 0.903 0.734 0.713
0.235 0.893 0.566 0.779
0.237 0.894 0.552 0.774
0.269 0.884 0.711 0.692
0.291 0.889 0.614 0.785
0.306 0.877 1.248 0.662
0.301 0.862 1.208 0.595
0.253 0.891 0.749 0.738
0.306 0.893 0.620 0.759
0.276 0.886 0.598 0.764
0.265 0.871 0.687 0.749
0.224 0.899 0.624 0.774
0.250 0.903 0.767 0.708
0.272 0.885 0.615 0.744
0.240 0.886 0.708 0.733
0.244 0.903 0.595 0.790
0.233 0.907 0.741 0.723
0.219 0.899 0.624 0.769
0.238 0.912 0.668 0.728
0.240 0.889 0.704 0.749
0.227 0.903 0.640 0.774
0.226 0.911 0.829 0.687
0.230 0.902 0.729 0.728
0.238 0.894 0.616 0.769
0.248 0.897 0.672 0.764
0.266 0.890 1.046 0.605
0.304 0.880 0.720 0.769
0.258 0.908 0.617 0.738
0.336 0.872 0.636 0.759
0.382 0.839 0.557 0.779
0.332 0.848 1.039 0.621
0.299 0.867 0.713 0.749
0.312 0.863 0.885 0.672
0.309 0.880 0.742 0.723
0.256 0.900 0.645 0.749
0.253 0.903 0.701 0.733
0.238 0.908 0.899 0.636
0.222 0.902 0.629 0.774
0.252 0.897 0.606 0.769
0.258 0.888 0.647 0.774
0.256 0.903 0.575 0.759
0.297 0.907 0.609 0.764
0.263 0.902 0.709 0.718
0.253 0.909 0.702 0.744
0.212 0.899 1.319 0.579
0.242 0.922 0.904 0.677
0.234 0.912 0.632 0.774
0.250 0.913 0.657 0.774
0.218 0.922 0.637 0.779
0.207 0.918 0.857 0.703
0.208 0.909 0.714 0.749
0.191 0.923 0.629 0.769
0.191 0.918 0.659 0.769
0.193 0.928 0.623 0.774
0.233 0.914 0.632 0.759
0.188 0.922 0.646 0.733
0.199 0.914 0.845 0.703
0.204 0.927 0.591 0.769
0.206 0.920 0.687 0.754
0.207 0.916 0.770 0.744
0.204 0.920 0.938 0.697
0.206 0.920 0.639 0.785
0.227 0.911 0.619 0.774
0.265 0.885 0.675 0.790
0.360 0.860 0.766 0.749
0.309 0.867 0.649 0.764
0.232 0.903 0.615 0.754
0.234 0.902 0.636 0.769
0.238 0.911 0.614 0.774
0.247 0.905 0.648 0.754
0.251 0.889 0.683 0.738
0.196 0.935 0.615 0.769
0.224 0.926 0.593 0.774
0.224 0.916 0.700 0.759
0.228 0.909 0.627 0.790
0.245 0.918 0.707 0.713
0.280 0.903 0.783 0.733
0.236 0.898 0.622 0.769
0.196 0.914 0.923 0.651
0.224 0.936 0.633 0.754
0.239 0.914 0.590 0.754
0.241 0.897 0.758 0.759
0.268 0.905 0.622 0.779
0.295 0.888 0.841 0.703
0.207 0.909 0.813 0.738
0.167 0.926 0.615 0.785
0.188 0.932 0.578 0.774
0.189 0.926 0.731 0.728
0.216 0.930 0.645 0.749
0.229 0.923 0.697 0.754
0.235 0.912 0.814 0.723
0.209 0.918 0.643 0.749
0.213 0.909 0.718 0.754
0.233 0.916 0.680 0.779
0.194 0.916 0.730 0.790
0.183 0.922 0.607 0.779
0.170 0.939 0.672 0.759
0.177 0.926 0.646 0.769
0.180 0.935 0.697 0.759
0.190 0.922 0.645 0.779
0.226 0.904 0.619 0.759
0.178 0.937 0.620 0.759
0.226 0.931 0.804 0.723
0.251 0.914 0.719 0.728
0.276 0.894 0.779 0.738
0.275 0.889 0.605 0.785
0.326 0.900 0.907 0.692
0.273 0.866 0.691 0.713
0.246 0.911 0.618 0.795
0.203 0.904 0.609 0.774
0.171 0.931 0.603 0.790
0.162 0.934 0.586 0.769
0.162 0.943 0.695 0.749
0.195 0.925 0.699 0.764
0.184 0.927 0.859 0.692
0.171 0.939 0.696 0.779
0.159 0.939 0.724 0.759
0.195 0.932 0.655 0.785
0.217 0.908 1.163 0.672
0.255 0.917 1.351 0.610
0.264 0.895 0.653 0.769
0.212 0.923 0.659 0.754
0.206 0.927 0.662 0.764
0.174 0.932 0.964 0.682
0.173 0.939 0.853 0.718
0.215 0.909 0.782 0.749
0.242 0.921 0.853 0.733
0.217 0.902 0.711 0.749
0.179 0.925 0.743 0.754
0.189 0.943 0.724 0.749
0.179 0.935 0.653 0.759
0.157 0.943 0.666 0.795
0.159 0.936 0.781 0.764
0.216 0.921 0.846 0.662
0.206 0.918 1.356 0.595
0.220 0.916 0.828 0.744
0.180 0.926 0.875 0.703
0.182 0.931 0.762 0.759
0.196 0.936 0.868 0.733
0.205 0.922 0.658 0.764
0.192 0.912 0.708 0.754
0.208 0.936 0.740 0.754
0.198 0.943 0.710 0.764
0.191 0.922 0.755 0.738
0.246 0.925 0.738 0.779
0.283 0.902 0.704 0.733
0.220 0.913 0.701 0.759
0.191 0.927 0.662 0.774
0.233 0.931 0.715 0.764
0.149 0.935 0.758 0.749
0.186 0.949 0.653 0.764
0.147 0.935 0.697 0.754
0.197 0.948 0.636 0.769
0.203 0.934 0.711 0.759
0.215 0.926 0.748 0.774
0.186 0.940 0.721 0.779
0.183 0.934 0.672 0.769
0.171 0.939 1.175 0.703
0.145 0.951 1.188 0.697
0.213 0.935 0.632 0.800
0.174 0.936 0.733 0.754
0.193 0.927 0.751 0.769
0.168 0.948 0.674 0.769
0.134 0.948 0.909 0.733
0.148 0.945 0.677 0.769
0.138 0.946 0.741 0.759
0.155 0.953 0.703 0.769
0.161 0.946 0.713 0.749
0.175 0.944 0.707 0.785
0.158 0.948 0.768 0.764
0.144 0.951 0.656 0.769
0.178 0.943 0.718 0.759
0.172 0.944 0.661 0.779
0.192 0.946 0.848 0.728
0.202 0.934 0.680 0.774
0.208 0.925 0.763 0.754
0.165 0.923 1.049 0.692
0.157 0.950 0.678 0.795
0.126 0.954 0.772 0.749
0.149 0.957 0.662 0.795
0.130 0.949 0.770 0.764
0.133 0.955 0.645 0.785
0.136 0.953 0.699 0.764
0.144 0.940 0.643 0.800
0.171 0.931 0.634 0.795
0.156 0.936 0.772 0.769
0.152 0.949 0.706 0.759
0.172 0.941 0.704 0.779
0.197 0.940 0.688 0.800
0.222 0.909 0.599 0.774
0.246 0.895 1.119 0.687
0.194 0.914 0.825 0.754
0.164 0.936 0.737 0.790
0.129 0.946 0.689 0.774
0.151 0.948 0.694 0.754
0.216 0.917 0.743 0.754
0.167 0.939 0.762 0.774
0.154 0.934 0.684 0.779
0.144 0.946 0.712 0.764
0.132 0.955 0.691 0.790
0.178 0.949 0.647 0.800
0.156 0.940 0.757 0.759
0.150 0.951 0.738 0.769
0.166 0.944 0.669 0.774
0.153 0.950 0.647 0.785
0.133 0.949 0.780 0.718
0.135 0.950 0.635 0.785
0.146 0.948 0.682 0.795
0.162 0.951 0.720 0.769
0.172 0.925 0.777 0.800
0.185 0.939 0.733 0.779
0.183 0.932 0.705 0.795
0.164 0.918 0.704 0.759
0.129 0.945 0.747 0.774
0.124 0.948 0.638 0.795
0.146 0.953 0.670 0.795
0.151 0.943 0.722 0.759
0.195 0.950 0.883 0.759
0.233 0.931 0.690 0.779
0.268 0.914 0.777 0.749
0.194 0.909 0.738 0.769
0.141 0.943 0.669 0.795
0.124 0.946 0.715 0.774
0.160 0.945 0.708 0.785
0.150 0.936 0.764 0.774
0.136 0.951 0.694 0.769
0.139 0.946 0.777 0.754
0.142 0.936 0.719 0.785
0.146 0.945 1.411 0.636
0.181 0.949 0.736 0.769
0.159 0.944 1.019 0.718
0.157 0.943 0.677 0.779
0.147 0.953 0.778 0.769
0.133 0.951 0.678 0.805
0.120 0.948 0.657 0.790
0.125 0.953 0.695 0.779
0.116 0.957 0.733 0.769
0.112 0.954 0.678 0.785
0.119 0.958 0.637 0.800
0.135 0.949 0.695 0.795
0.175 0.946 0.767 0.774
0.338 0.912 1.187 0.682
0.209 0.931 0.758 0.774
0.291 0.909 0.695 0.759
0.313 0.904 0.756 0.759
0.255 0.937 0.806 0.764
0.180 0.941 0.687 0.785
0.206 0.950 0.612 0.785
0.139 0.945 0.877 0.738
0.123 0.951 0.639 0.800
0.115 0.957 0.603 0.800
0.132 0.953 0.617 0.790
0.124 0.953 0.725 0.744
0.109 0.957 0.637 0.779
0.109 0.955 0.661 0.795
0.106 0.962 0.676 0.810
0.116 0.959 0.676 0.810
0.109 0.957 0.684 0.800
0.176 0.945 0.680 0.795
0.187 0.941 0.758 0.759
0.245 0.932 0.634 0.790
0.196 0.925 0.640 0.810
0.180 0.948 0.681 0.779
0.133 0.953 0.721 0.805
0.170 0.953 0.649 0.805
0.129 0.951 0.778 0.764
0.146 0.957 0.731 0.774
0.154 0.958 0.744 0.790
0.139 0.951 0.753 0.754
0.160 0.955 0.739 0.800
0.172 0.944 0.708 0.779
0.152 0.951 0.693 0.785
0.139 0.962 0.656 0.785
0.191 0.957 0.697 0.800
0.134 0.943 1.288 0.677
0.122 0.958 0.653 0.785
0.100 0.958 0.652 0.805
0.157 0.955 0.675 0.759
0.147 0.960 0.785 0.749
0.157 0.949 0.622 0.810
0.115 0.957 0.746 0.805
0.103 0.955 0.636 0.790
0.103 0.957 0.641 0.795
0.113 0.963 0.649 0.774
0.151 0.955 0.712 0.779
0.160 0.940 0.937 0.738
0.113 0.955 0.678 0.800
0.153 0.957 0.702 0.774
0.135 0.944 0.748 0.779
0.168 0.955 0.679 0.790
0.159 0.946 0.773 0.774
0.149 0.949 0.627 0.769
0.121 0.949 0.679 0.764
0.114 0.950 0.957 0.749
0.126 0.958 0.632 0.815
0.121 0.958 0.679 0.790
0.123 0.958 0.901 0.759
0.134 0.953 0.858 0.759
0.143 0.957 0.753 0.795
0.189 0.943 0.744 0.805
0.125 0.948 0.608 0.805
0.102 0.966 0.598 0.815
0.138 0.960 0.633 0.800
0.114 0.954 1.272 0.692
0.135 0.962 0.805 0.774
0.193 0.944 0.770 0.800
0.130 0.960 0.707 0.790
0.118 0.950 0.717 0.800
0.127 0.951 0.705 0.774
0.157 0.957 0.706 0.779
0.120 0.951 0.817 0.779
0.114 0.944 0.680 0.800
0.133 0.967 0.632 0.795
0.106 0.958 0.629 0.815
0.093 0.967 0.624 0.800
0.107 0.964 0.593 0.790
0.121 0.959 0.613 0.774
0.158 0.944 0.733 0.779
0.182 0.937 0.858 0.769
0.105 0.957 0.666 0.795
0.115 0.963 0.648 0.795
0.110 0.959 0.938 0.764
0.109 0.964 0.695 0.774
0.093 0.959 0.709 0.790
0.115 0.957 0.672 0.800
0.143 0.963 0.751 0.764
0.127 0.954 0.907 0.764
0.146 0.945 0.674 0.790
0.135 0.949 0.812 0.759
0.184 0.949 0.664 0.785
0.132 0.949 1.253 0.667
0.126 0.949 0.740 0.805
0.145 0.958 0.633 0.795
0.098 0.962 0.832 0.759
0.097 0.962 0.679 0.785
0.097 0.966 0.703 0.805
0.096 0.968 0.659 0.795
0.103 0.953 0.661 0.800
0.136 0.958 0.659 0.790
0.152 0.937 0.979 0.754
0.118 0.958 0.773 0.779
0.148 0.946 0.839 0.790
0.130 0.955 0.921 0.749
0.115 0.948 0.885 0.749
0.138 0.959 0.896 0.754
0.151 0.955 0.727 0.795
0.131 0.959 0.894 0.744
0.114 0.963 0.655 0.800
0.095 0.966 0.669 0.800
0.099 0.966 0.675 0.790
0.119 0.969 0.683 0.785
0.107 0.962 1.087 0.738
0.120 0.959 0.699 0.790
0.092 0.962 0.643 0.785
0.089 0.968 0.637 0.810
0.102 0.964 0.682 0.805
0.099 0.957 0.740 0.805
0.089 0.960 0.680 0.810
0.105 0.967 0.674 0.800
0.106 0.963 0.720 0.800
0.097 0.962 0.858 0.774
0.107 0.962 0.701 0.805
0.137 0.957 0.688 0.800
0.108 0.962 0.786 0.774
0.125 0.972 0.810 0.769
0.095 0.967 0.716 0.795
0.115 0.971 0.694 0.790
0.119 0.962 0.753 0.790
0.092 0.964 0.769 0.790
0.100 0.967 0.713 0.800
0.088 0.966 0.678 0.795
0.121 0.963 0.671 0.810
0.103 0.960 0.701 0.795
0.084 0.968 0.686 0.800
0.129 0.967 0.662 0.795
0.107 0.966 0.796 0.769
0.144 0.959 0.702 0.774
0.142 0.963 0.798 0.774
0.154 0.953 0.886 0.779
0.102 0.967 0.854 0.749
0.162 0.957 0.803 0.779
0.117 0.959 0.775 0.774
0.101 0.964 0.688 0.805
0.110 0.967 0.716 0.790
0.153 0.960 0.736 0.800
0.147 0.962 1.148 0.718
0.125 0.964 0.722 0.795
0.103 0.958 1.080 0.723
0.120 0.968 0.651 0.815
0.095 0.973 0.765 0.790
0.102 0.960 0.608 0.821
0.105 0.966 0.617 0.810
0.126 0.963 0.727 0.795
0.093 0.962 0.738 0.795
0.101 0.967 0.714 0.790
0.083 0.972 0.721 0.795
0.090 0.968 0.661 0.805
0.123 0.968 0.651 0.785
0.103 0.968 0.692 0.779
0.097 0.972 0.671 0.805
0.096 0.969 0.664 0.810
0.088 0.969 0.701 0.790
0.095 0.974 0.661 0.805
0.094 0.960 0.697 0.810
0.123 0.974 0.668 0.815
0.136 0.967 0.843 0.774
0.102 0.960 0.683 0.774
0.093 0.968 0.710 0.795
0.116 0.962 0.769 0.800
0.101 0.966 0.680 0.815
0.123 0.973 0.690 0.800
0.116 0.958 0.676 0.800
0.117 0.967 0.732 0.790
0.158 0.963 0.721 0.800
0.159 0.953 0.914 0.764
0.099 0.966 0.739 0.795
0.094 0.967 0.705 0.785
0.122 0.974 0.667 0.790
0.131 0.969 0.644 0.790
0.129 0.957 1.183 0.723
0.087 0.966 0.751 0.774
0.109 0.968 0.721 0.785
0.096 0.966 0.678 0.805
0.088 0.966 0.710 0.779
0.083 0.973 0.636 0.810
0.083 0.974 0.660 0.810
0.079 0.974 0.699 0.800
0.078 0.971 0.667 0.795
0.117 0.966 1.012 0.769
0.098 0.966 0.718 0.795
0.154 0.964 0.735 0.805
0.130 0.968 0.701 0.795
0.128 0.966 0.644 0.826
0.115 0.946 0.875 0.764
0.105 0.971 0.641 0.790
0.080 0.976 0.635 0.805
0.083 0.973 0.678 0.795
0.158 0.964 0.669 0.790
0.140 0.949 0.788 0.769
0.112 0.967 0.695 0.774
0.126 0.959 0.724 0.764
0.085 0.967 0.645 0.785
0.090 0.962 0.709 0.805
0.099 0.967 0.693 0.810
0.169 0.964 0.765 0.779
0.111 0.957 0.721 0.805
0.091 0.962 0.676 0.795
0.103 0.964 0.680 0.805
0.115 0.973 0.684 0.821
0.074 0.973 0.643 0.805
0.084 0.969 0.650 0.810
0.074 0.972 0.656 0.800
0.123 0.974 0.658 0.790
0.152 0.969 0.723 0.785
0.099 0.964 0.682 0.805
0.073 0.968 0.700 0.800
0.086 0.976 0.671 0.800
0.142 0.980 0.826 0.795
0.113 0.964 1.042 0.723
0.121 0.968 0.679 0.800
0.112 0.967 0.731 0.810
0.072 0.976 0.762 0.810
0.080 0.976 0.657 0.805
0.123 0.971 0.684 0.805
0.092 0.963 0.639 0.795
0.079 0.971 0.661 0.815
0.119 0.980 0.682 0.805
0.079 0.973 0.758 0.759
0.065 0.977 0.650 0.800
0.081 0.968 0.694 0.800
0.091 0.974 0.651 0.795
0.101 0.968 0.650 0.795
0.081 0.972 0.702 0.785
0.073 0.980 0.659 0.815
0.116 0.972 0.719 0.785
0.084 0.973 0.793 0.790
0.094 0.972 0.686 0.805
0.114 0.966 0.697 0.805
0.114 0.962 0.856 0.759
0.088 0.968 0.664 0.795
0.075 0.973 0.627 0.821
0.162 0.971 0.682 0.805
0.112 0.976 0.878 0.744
0.121 0.973 0.697 0.810
0.074 0.971 0.793 0.805
0.080 0.981 0.684 0.790
0.081 0.972 0.726 0.795
0.076 0.972 0.688 0.795
0.078 0.974 0.725 0.795
0.074 0.969 0.670 0.795
0.076 0.972 0.649 0.795
0.094 0.976 0.644 0.821
0.087 0.972 0.720 0.779
0.111 0.968 0.714 0.795
0.080 0.973 0.633 0.826
0.091 0.972 0.612 0.800
0.100 0.968 0.834 0.790
0.079 0.976 0.783 0.790
0.090 0.982 0.679 0.810
0.075 0.981 0.712 0.810
0.078 0.972 0.657 0.815
0.073 0.973 0.653 0.800
0.123 0.968 0.651 0.800
0.138 0.968 0.640 0.805
0.086 0.976 0.749 0.790
0.078 0.971 0.717 0.800
0.117 0.973 0.666 0.805
0.119 0.968 0.693 0.815
0.090 0.974 0.721 0.805
0.083 0.969 0.696 0.810
0.086 0.973 0.691 0.790
0.082 0.973 0.647 0.815
0.092 0.972 0.624 0.815
0.075 0.973 0.641 0.821
0.092 0.978 0.692 0.805
0.080 0.973 0.699 0.800
0.068 0.973 0.683 0.790
0.069 0.978 0.659 0.795
0.075 0.972 0.664 0.790
0.065 0.978 0.639 0.810
0.073 0.973 0.649 0.815
0.100 0.972 0.663 0.815
0.128 0.972 0.647 0.815
0.089 0.974 0.651 0.800
0.074 0.977 0.698 0.805
0.078 0.976 0.673 0.795
0.092 0.973 0.684 0.810
0.103 0.972 0.680 0.815
0.083 0.977 0.642 0.800
0.073 0.976 0.633 0.810
0.067 0.978 0.636 0.815
0.061 0.976 0.677 0.810
0.100 0.964 0.647 0.800
0.115 0.969 0.734 0.800
0.087 0.973 0.715 0.790
0.119 0.969 0.731 0.821
0.125 0.977 0.697 0.810
0.083 0.968 0.747 0.785
0.086 0.972 0.727 0.795
0.069 0.976 0.740 0.790
0.109 0.968 0.674 0.810
0.104 0.969 0.769 0.790
0.083 0.973 0.843 0.754
0.081 0.973 0.729 0.795
0.100 0.968 0.685 0.800
0.082 0.976 0.727 0.790
0.075 0.971 0.642 0.805
0.064 0.978 0.626 0.826
0.075 0.977 0.646 0.810
0.066 0.983 0.685 0.790
0.068 0.971 0.673 0.779
0.067 0.978 0.648 0.795
0.081 0.977 0.620 0.821
0.097 0.978 0.679 0.831
0.097 0.973 0.626 0.821
0.072 0.974 0.695 0.810
0.111 0.969 0.633 0.821
0.083 0.973 0.657 0.800
0.095 0.981 0.708 0.795
0.071 0.980 0.654 0.810
0.081 0.976 0.638 0.805
0.086 0.981 0.681 0.785
0.072 0.981 0.690 0.821
0.066 0.981 0.666 0.810
0.082 0.982 0.724 0.805
0.069 0.980 0.751 0.790
0.068 0.978 0.659 0.805
0.074 0.974 0.723 0.795
0.068 0.977 0.688 0.800
0.070 0.973 0.683 0.795
0.072 0.973 0.683 0.805
0.074 0.969 0.639 0.810
0.069 0.976 0.652 0.810
0.068 0.981 0.660 0.805
0.066 0.982 0.679 0.795
0.078 0.976 0.663 0.800
0.105 0.976 0.653 0.805
0.068 0.981 0.698 0.815
0.075 0.980 0.662 0.815
0.075 0.980 0.664 0.815
0.090 0.974 0.701 0.826
0.126 0.969 0.667 0.821
0.071 0.976 0.753 0.805
0.081 0.974 0.681 0.810
0.069 0.972 0.663 0.815
0.083 0.978 0.674 0.790
0.062 0.977 0.749 0.779
0.079 0.978 0.713 0.795
0.154 0.972 0.752 0.800
0.074 0.968 0.874 0.805
0.066 0.977 0.714 0.821
0.070 0.977 0.665 0.800
0.085 0.978 0.645 0.795
0.061 0.976 0.679 0.790
0.066 0.976 0.671 0.785
0.080 0.977 0.646 0.800
0.082 0.977 0.637 0.815
0.066 0.983 0.623 0.805
0.098 0.974 0.705 0.826
0.064 0.977 0.851 0.795
0.076 0.980 0.686 0.800
0.059 0.973 0.674 0.826
0.084 0.971 0.672 0.790
0.091 0.976 0.694 0.795
0.076 0.983 0.685 0.810
0.093 0.980 0.674 0.805
0.079 0.976 0.800 0.795
0.075 0.981 0.675 0.800
0.073 0.978 0.804 0.810
0.089 0.976 0.715 0.779
0.079 0.976 0.705 0.795
0.077 0.980 0.632 0.805
0.067 0.978 0.638 0.805
0.064 0.981 0.641 0.800
0.087 0.981 0.665 0.810
0.087 0.976 0.706 0.785
0.067 0.980 0.739 0.795
0.086 0.980 0.705 0.800
0.059 0.985 0.675 0.815
0.094 0.982 0.705 0.795
0.059 0.980 0.668 0.805
0.091 0.974 0.672 0.795
0.061 0.983 0.688 0.805
0.061 0.983 0.672 0.805
0.096 0.983 0.711 0.831
0.074 0.978 0.720 0.790
0.064 0.981 0.702 0.810
0.075 0.981 0.697 0.790
0.057 0.981 0.668 0.795
0.059 0.978 0.677 0.795
0.063 0.986 0.672 0.790
0.061 0.980 0.681 0.795
0.088 0.971 0.655 0.800
0.125 0.976 0.638 0.810
0.088 0.977 0.688 0.826
0.090 0.980 0.783 0.815
0.103 0.967 0.713 0.826
0.111 0.981 0.663 0.815
0.074 0.972 0.835 0.790
0.058 0.981 0.706 0.795
0.058 0.980 0.692 0.800
0.080 0.982 0.686 0.795
0.072 0.973 0.675 0.800
0.067 0.978 0.648 0.805
0.079 0.974 0.675 0.805
0.136 0.973 0.697 0.831
0.113 0.974 0.702 0.831
0.064 0.980 0.712 0.805
0.073 0.982 0.716 0.795
0.126 0.978 0.668 0.815
0.091 0.980 0.721 0.821
0.081 0.982 0.778 0.810
0.093 0.980 0.718 0.805
0.056 0.978 0.753 0.795
0.169 0.977 0.734 0.815
0.078 0.977 0.664 0.826
0.057 0.983 0.645 0.815
0.057 0.982 0.666 0.800
0.077 0.985 0.695 0.795
0.056 0.985 0.680 0.805
0.079 0.981 0.651 0.810
0.058 0.983 0.654 0.826
0.063 0.978 0.679 0.805
0.070 0.976 0.680 0.800
0.064 0.977 0.716 0.815
0.063 0.987 0.731 0.795
0.056 0.983 0.704 0.795
0.070 0.978 0.729 0.800
0.092 0.976 0.703 0.810
0.077 0.980 0.777 0.805
0.080 0.980 0.676 0.795
0.054 0.981 0.683 0.800
0.070 0.980 0.678 0.810
0.057 0.983 0.671 0.810
0.069 0.983 0.682 0.810
0.062 0.981 0.685 0.810
0.063 0.983 0.700 0.805
0.073 0.982 0.658 0.826
0.066 0.981 0.658 0.815
0.107 0.980 0.660 0.821
0.066 0.983 0.685 0.821
0.078 0.976 0.715 0.805
0.059 0.982 0.679 0.810
0.091 0.977 0.667 0.800
0.097 0.977 0.714 0.815
0.094 0.983 0.742 0.795
0.110 0.982 0.727 0.795
0.066 0.982 0.751 0.795
0.053 0.982 0.688 0.800
0.062 0.985 0.677 0.800
0.078 0.981 0.709 0.805
0.055 0.985 0.696 0.790
0.124 0.977 0.713 0.805
0.063 0.977 0.722 0.810
0.081 0.981 0.662 0.800
0.089 0.977 0.682 0.795
0.050 0.981 0.784 0.810
0.091 0.982 0.685 0.800
0.058 0.981 0.686 0.821
0.078 0.974 0.667 0.815
0.090 0.980 0.677 0.815
0.060 0.977 0.681 0.810
0.061 0.986 0.640 0.815
0.083 0.978 0.646 0.831
0.088 0.974 0.686 0.790
0.077 0.982 0.663 0.821
0.071 0.983 0.675 0.810
0.138 0.981 0.692 0.805
0.064 0.980 0.694 0.810
0.064 0.976 0.664 0.826
0.056 0.985 0.694 0.805
0.058 0.981 0.680 0.805
0.086 0.981 0.663 0.805
0.118 0.978 0.707 0.826
0.070 0.982 0.742 0.790
0.102 0.980 0.677 0.805
0.066 0.980 0.654 0.821
0.064 0.982 0.646 0.810
0.061 0.980 0.651 0.836
0.054 0.987 0.666 0.810
0.071 0.981 0.662 0.810
0.085 0.986 0.677 0.805
0.088 0.981 0.680 0.800
0.083 0.978 0.661 0.821
0.063 0.982 0.645 0.821
0.058 0.985 0.662 0.810
0.096 0.977 0.652 0.810
0.053 0.982 0.658 0.821
0.055 0.985 0.670 0.805
0.057 0.983 0.684 0.805
0.063 0.983 0.692 0.810
0.062 0.982 0.680 0.815
0.064 0.982 0.702 0.800
0.065 0.978 0.775 0.790
0.074 0.981 0.717 0.805
0.061 0.981 0.674 0.815
0.069 0.976 0.676 0.826
0.058 0.977 0.682 0.821
0.093 0.982 0.688 0.800
0.052 0.980 0.725 0.795
0.061 0.978 0.674 0.810
0.054 0.982 0.661 0.810
0.075 0.977 0.657 0.815
0.066 0.978 0.686 0.815
0.065 0.980 0.676 0.815
0.094 0.977 0.647 0.815
0.065 0.982 0.692 0.821
0.056 0.981 0.660 0.821
0.058 0.985 0.660 0.821
0.058 0.983 0.665 0.821
0.053 0.981 0.664 0.810
0.061 0.978 0.685 0.795
0.053 0.986 0.697 0.805
0.053 0.983 0.672 0.815
0.065 0.985 0.679 0.826
0.054 0.983 0.692 0.810
0.123 0.976 0.697 0.810
0.087 0.985 0.685 0.810
0.065 0.982 0.642 0.800
0.066 0.980 0.649 0.810
0.103 0.977 0.661 0.800
0.069 0.982 0.654 0.810
0.052 0.983 0.691 0.821
0.052 0.986 0.668 0.815
0.060 0.977 0.659 0.815
0.057 0.982 0.660 0.805
0.052 0.987 0.667 0.821
0.090 0.987 0.692 0.815
0.085 0.980 0.731 0.805
0.091 0.980 0.727 0.800
0.051 0.985 0.715 0.805
0.051 0.989 0.681 0.815
0.046 0.987 0.685 0.805
0.048 0.986 0.689 0.810
0.056 0.983 0.689 0.800
0.076 0.980 0.676 0.805
0.075 0.982 0.681 0.810
0.057 0.981 0.674 0.821
0.064 0.981 0.666 0.810
0.077 0.983 0.673 0.810
0.061 0.977 0.679 0.810
0.072 0.981 0.665 0.826
0.054 0.982 0.704 0.805
0.055 0.983 0.663 0.810
0.060 0.980 0.676 0.815
0.052 0.985 0.691 0.795
0.094 0.981 0.683 0.805
0.049 0.983 0.701 0.800
0.077 0.981 0.684 0.810
0.083 0.985 0.704 0.800
0.050 0.989 0.723 0.810
0.125 0.976 0.706 0.805
0.079 0.980 0.748 0.795
0.070 0.978 0.755 0.800
0.064 0.978 0.757 0.790
0.061 0.981 0.719 0.805
0.086 0.985 0.682 0.826
0.064 0.981 0.681 0.800
0.057 0.981 0.680 0.795
0.077 0.982 0.687 0.805
0.079 0.982 0.691 0.805
0.066 0.986 0.660 0.810
0.051 0.985 0.664 0.810
0.055 0.983 0.666 0.810
0.065 0.981 0.688 0.800
0.083 0.983 0.684 0.805
0.058 0.982 0.715 0.795
0.063 0.981 0.703 0.815
0.057 0.986 0.707 0.815
0.107 0.985 0.685 0.810
0.061 0.986 0.683 0.800
0.071 0.985 0.678 0.826
0.051 0.987 0.692 0.810
0.055 0.977 0.682 0.815
0.049 0.987 0.667 0.810
0.065 0.980 0.669 0.821
0.150 0.980 0.672 0.815
0.080 0.973 0.740 0.821
0.077 0.977 0.672 0.821
0.118 0.982 0.692 0.805
0.054 0.980 0.662 0.805
0.051 0.981 0.669 0.805
0.050 0.980 0.653 0.810
0.049 0.986 0.679 0.805
0.085 0.982 0.695 0.805
0.050 0.982 0.765 0.800
0.065 0.983 0.739 0.805
0.088 0.980 0.760 0.805
0.058 0.986 0.757 0.810
0.051 0.983 0.718 0.810
0.138 0.987 0.665 0.815
0.072 0.981 0.783 0.815
0.085 0.980 0.702 0.800
0.065 0.986 0.674 0.826
0.065 0.978 0.663 0.826
0.056 0.982 0.658 0.810
0.057 0.981 0.714 0.810
0.126 0.980 0.697 0.810
0.065 0.981 0.707 0.826
0.131 0.976 0.694 0.831
0.070 0.976 0.700 0.826
0.064 0.981 0.680 0.805
0.089 0.973 0.663 0.815
0.078 0.980 0.681 0.805
0.055 0.982 0.663 0.810
