0.618 0.644 0.692 0.531 1.000 1.000 1.000 1.000 
0.523 0.727 0.704 0.523 1.000 1.000 1.000 1.000 
0.505 0.727 0.719 0.500 1.000 1.000 1.000 1.000 
0.507 0.731 0.673 0.570 1.000 1.000 1.000 1.000 
0.506 0.747 0.700 0.516 1.000 1.000 1.000 1.000 
0.502 0.745 0.686 0.516 1.000 1.000 1.000 1.000 
0.498 0.743 0.693 0.516 1.000 1.000 1.000 1.000 
0.494 0.778 0.690 0.523 1.000 1.000 1.000 1.000 
0.465 0.770 0.714 0.500 1.000 1.000 1.000 1.000 
0.467 0.769 0.670 0.531 1.000 1.000 1.000 1.000 
0.460 0.789 0.754 0.531 1.000 1.000 1.000 1.000 
0.469 0.764 0.895 0.484 1.000 1.000 1.000 1.000 
0.469 0.771 0.746 0.523 1.000 1.000 1.000 1.000 
0.502 0.792 0.674 0.547 1.000 1.000 1.000 1.000 
0.426 0.794 0.653 0.578 1.000 1.000 1.000 1.000 
0.465 0.792 0.895 0.492 1.000 1.000 1.000 1.000 
0.450 0.797 0.667 0.586 1.000 1.000 1.000 0.989 
0.444 0.794 0.612 0.711 1.000 1.000 1.000 0.937 
0.444 0.788 0.610 0.664 1.000 1.000 1.000 1.000 
0.419 0.816 0.665 0.602 1.000 1.000 1.000 1.000 
0.400 0.817 0.667 0.633 1.000 1.000 1.000 1.000 
0.439 0.789 0.674 0.602 1.000 1.000 1.000 1.000 
0.441 0.808 0.664 0.617 1.000 1.000 1.000 0.989 
0.488 0.801 0.630 0.688 1.000 1.000 1.000 1.000 
0.417 0.808 0.666 0.602 0.989 0.979 0.958 0.768 
0.419 0.812 0.730 0.594 1.000 1.000 1.000 1.000 
0.410 0.824 0.762 0.570 1.000 1.000 1.000 1.000 
0.392 0.820 0.608 0.688 1.000 1.000 1.000 1.000 
0.382 0.831 0.637 0.656 1.000 1.000 0.979 0.895 
0.377 0.811 1.067 0.516 1.000 1.000 1.000 1.000 
0.430 0.801 0.720 0.602 1.000 1.000 1.000 1.000 
0.403 0.821 0.700 0.586 1.000 1.000 1.000 1.000 
0.382 0.806 0.920 0.523 1.000 1.000 1.000 1.000 
0.396 0.839 0.589 0.688 1.000 1.000 1.000 1.000 
0.381 0.816 0.812 0.539 1.000 1.000 1.000 1.000 
0.388 0.839 0.739 0.555 1.000 1.000 1.000 0.989 
0.383 0.802 0.724 0.570 1.000 1.000 1.000 1.000 
0.372 0.829 0.691 0.625 1.000 1.000 1.000 1.000 
0.449 0.801 0.578 0.711 1.000 1.000 1.000 1.000 
0.396 0.831 0.628 0.656 1.000 1.000 1.000 0.979 
0.376 0.828 0.890 0.570 1.000 1.000 1.000 1.000 
0.393 0.802 0.813 0.562 1.000 1.000 1.000 1.000 
0.406 0.810 0.727 0.625 1.000 1.000 1.000 1.000 
0.401 0.821 0.705 0.625 1.000 1.000 1.000 1.000 
0.354 0.845 1.094 0.555 1.000 1.000 1.000 1.000 
0.388 0.853 1.110 0.539 1.000 1.000 1.000 1.000 
0.408 0.825 0.852 0.523 1.000 1.000 1.000 1.000 
0.369 0.833 0.694 0.664 1.000 1.000 1.000 1.000 
0.399 0.825 0.668 0.648 1.000 1.000 1.000 1.000 
0.363 0.847 0.581 0.734 1.000 1.000 1.000 1.000 
0.380 0.847 0.645 0.703 1.000 1.000 1.000 1.000 
0.360 0.848 0.604 0.781 1.000 1.000 0.979 0.916 
0.370 0.853 1.048 0.484 1.000 1.000 1.000 1.000 
0.349 0.840 1.103 0.531 1.000 1.000 1.000 1.000 
0.387 0.848 1.416 0.492 1.000 1.000 1.000 1.000 
0.374 0.851 0.597 0.695 0.989 0.979 0.979 0.895 
0.344 0.838 0.600 0.703 1.000 1.000 1.000 0.979 
0.341 0.840 0.728 0.648 1.000 1.000 1.000 0.989 
0.351 0.849 0.816 0.562 1.000 1.000 1.000 1.000 
0.329 0.860 0.693 0.680 1.000 1.000 1.000 1.000 
0.349 0.863 1.066 0.602 1.000 1.000 1.000 1.000 
0.421 0.851 0.961 0.594 1.000 1.000 1.000 1.000 
0.386 0.810 0.628 0.711 0.978 0.989 0.968 0.895 
0.344 0.840 1.188 0.492 1.000 1.000 1.000 1.000 
0.353 0.851 0.814 0.609 1.000 1.000 1.000 1.000 
0.388 0.867 0.582 0.766 1.000 1.000 1.000 0.989 
0.371 0.849 0.650 0.695 1.000 1.000 1.000 0.989 
0.327 0.858 0.612 0.703 1.000 1.000 1.000 0.979 
0.362 0.861 0.797 0.570 1.000 1.000 1.000 1.000 
0.338 0.865 0.768 0.586 1.000 1.000 1.000 1.000 
0.323 0.879 0.656 0.727 1.000 1.000 1.000 0.989 
0.335 0.866 0.781 0.641 1.000 1.000 1.000 1.000 
0.412 0.845 0.569 0.742 1.000 1.000 0.979 0.968 
0.352 0.851 0.564 0.695 1.000 1.000 1.000 0.989 
0.344 0.867 0.627 0.734 1.000 1.000 1.000 0.979 
0.340 0.848 0.872 0.602 1.000 1.000 1.000 1.000 
0.336 0.876 0.640 0.680 1.000 1.000 1.000 0.937 
0.310 0.863 0.535 0.758 1.000 1.000 1.000 1.000 
0.313 0.863 0.549 0.719 1.000 1.000 1.000 1.000 
0.319 0.867 0.919 0.539 1.000 1.000 1.000 1.000 
0.307 0.868 0.625 0.688 1.000 1.000 1.000 1.000 
0.325 0.871 0.653 0.734 0.989 1.000 0.968 0.968 
0.318 0.874 1.203 0.562 1.000 1.000 1.000 1.000 
0.309 0.870 0.559 0.727 1.000 1.000 1.000 0.989 
0.284 0.867 0.721 0.695 1.000 1.000 1.000 1.000 
0.320 0.874 0.691 0.688 1.000 1.000 1.000 1.000 
0.304 0.860 1.037 0.539 1.000 1.000 0.989 1.000 
0.347 0.857 1.027 0.578 1.000 1.000 1.000 1.000 
0.297 0.888 0.646 0.719 0.868 0.937 0.842 0.737 
0.311 0.867 1.370 0.531 1.000 1.000 1.000 1.000 
0.319 0.857 0.894 0.617 1.000 1.000 1.000 1.000 
0.283 0.881 1.002 0.562 1.000 1.000 1.000 1.000 
0.274 0.890 0.665 0.719 1.000 1.000 1.000 1.000 
0.286 0.880 0.956 0.586 1.000 1.000 1.000 1.000 
0.370 0.874 1.355 0.570 1.000 1.000 1.000 1.000 
0.364 0.854 0.599 0.680 1.000 1.000 1.000 1.000 
0.341 0.852 0.556 0.711 1.000 1.000 0.968 0.884 
0.292 0.879 0.567 0.734 1.000 1.000 1.000 1.000 
0.295 0.875 0.735 0.648 1.000 1.000 1.000 1.000 
0.289 0.895 0.594 0.742 1.000 1.000 1.000 1.000 
0.308 0.880 0.886 0.578 1.000 1.000 1.000 1.000 
0.326 0.876 0.900 0.570 1.000 1.000 1.000 1.000 
0.297 0.899 0.551 0.766 1.000 1.000 1.000 1.000 
0.343 0.866 0.717 0.703 1.000 1.000 1.000 1.000 
0.335 0.867 0.673 0.703 1.000 1.000 1.000 1.000 
0.314 0.872 0.807 0.609 1.000 1.000 1.000 1.000 
0.273 0.891 0.694 0.719 1.000 1.000 1.000 0.989 
0.291 0.884 0.674 0.703 1.000 1.000 1.000 1.000 
0.329 0.870 1.767 0.492 1.000 1.000 1.000 1.000 
0.275 0.893 1.577 0.516 1.000 1.000 1.000 1.000 
0.300 0.883 0.658 0.703 1.000 1.000 1.000 0.989 
0.274 0.902 0.738 0.680 1.000 1.000 1.000 0.979 
0.295 0.860 0.780 0.609 1.000 1.000 1.000 1.000 
0.314 0.870 1.008 0.578 1.000 1.000 1.000 1.000 
0.276 0.867 0.547 0.766 1.000 1.000 1.000 0.989 
0.263 0.900 0.904 0.617 1.000 1.000 1.000 1.000 
0.290 0.881 1.259 0.539 1.000 1.000 1.000 1.000 
0.316 0.872 1.640 0.508 1.000 1.000 1.000 1.000 
0.280 0.900 0.583 0.719 0.967 0.968 0.905 0.895 
0.282 0.888 0.851 0.633 1.000 1.000 1.000 1.000 
0.254 0.897 0.622 0.766 1.000 1.000 1.000 1.000 
0.277 0.911 0.620 0.711 1.000 1.000 1.000 1.000 
0.289 0.875 0.560 0.734 1.000 1.000 1.000 1.000 
0.264 0.894 0.627 0.703 1.000 1.000 1.000 1.000 
0.273 0.881 0.687 0.711 1.000 1.000 1.000 1.000 
0.264 0.899 1.452 0.539 1.000 1.000 1.000 1.000 
0.250 0.899 1.163 0.594 1.000 1.000 1.000 1.000 
0.262 0.897 0.841 0.695 1.000 1.000 1.000 1.000 
0.324 0.880 1.070 0.609 1.000 1.000 1.000 1.000 
0.311 0.888 1.295 0.531 1.000 1.000 1.000 1.000 
0.287 0.874 1.105 0.578 1.000 1.000 1.000 1.000 
0.258 0.891 0.677 0.719 1.000 1.000 0.989 0.989 
0.246 0.912 0.813 0.664 1.000 1.000 1.000 1.000 
0.340 0.897 1.356 0.578 1.000 1.000 1.000 1.000 
0.292 0.886 1.722 0.523 1.000 1.000 1.000 1.000 
0.306 0.883 1.217 0.539 1.000 1.000 1.000 1.000 
0.286 0.885 1.181 0.539 1.000 1.000 1.000 1.000 
0.301 0.900 1.353 0.539 1.000 1.000 1.000 1.000 
0.300 0.884 1.522 0.508 1.000 1.000 1.000 1.000 
0.264 0.876 1.484 0.562 1.000 1.000 1.000 1.000 
0.241 0.893 1.158 0.570 1.000 1.000 1.000 1.000 
0.249 0.890 1.065 0.578 1.000 1.000 1.000 1.000 
0.242 0.899 0.865 0.617 1.000 1.000 1.000 1.000 
0.316 0.912 0.726 0.695 1.000 1.000 1.000 1.000 
0.261 0.902 0.869 0.609 1.000 1.000 1.000 1.000 
0.255 0.909 0.730 0.664 1.000 1.000 1.000 1.000 
0.245 0.922 0.833 0.648 1.000 1.000 1.000 1.000 
0.262 0.907 0.817 0.648 1.000 1.000 1.000 0.979 
0.278 0.886 0.829 0.625 1.000 1.000 1.000 1.000 
0.277 0.903 0.598 0.727 1.000 1.000 1.000 0.968 
0.278 0.897 0.610 0.734 0.978 0.968 0.926 0.789 
0.243 0.902 1.396 0.578 1.000 1.000 1.000 1.000 
0.275 0.916 0.653 0.664 0.978 0.989 0.989 0.926 
0.358 0.889 1.106 0.570 1.000 1.000 1.000 1.000 
0.273 0.918 0.807 0.617 1.000 1.000 1.000 1.000 
0.256 0.908 0.705 0.656 1.000 1.000 1.000 1.000 
0.236 0.912 1.018 0.617 1.000 1.000 1.000 1.000 
0.253 0.916 0.507 0.805 1.000 0.989 0.979 0.926 
0.267 0.917 0.869 0.672 1.000 1.000 1.000 1.000 
0.267 0.909 0.608 0.734 1.000 0.989 0.989 0.905 
0.233 0.895 0.963 0.641 1.000 1.000 1.000 0.989 
0.236 0.897 0.911 0.617 1.000 1.000 1.000 1.000 
0.278 0.889 0.736 0.680 1.000 1.000 1.000 1.000 
0.236 0.905 1.239 0.594 1.000 1.000 1.000 1.000 
0.257 0.909 0.799 0.680 1.000 1.000 1.000 1.000 
0.272 0.893 0.870 0.617 1.000 1.000 1.000 1.000 
0.270 0.902 0.858 0.656 1.000 1.000 1.000 1.000 
0.227 0.916 0.972 0.641 1.000 1.000 1.000 1.000 
0.207 0.920 0.717 0.688 1.000 1.000 1.000 1.000 
0.270 0.922 0.846 0.648 1.000 1.000 1.000 1.000 
0.274 0.898 0.612 0.734 0.967 0.968 0.968 0.905 
0.263 0.903 0.724 0.727 1.000 1.000 1.000 1.000 
0.199 0.926 0.749 0.695 1.000 1.000 1.000 0.979 
0.228 0.922 0.693 0.742 1.000 1.000 1.000 1.000 
0.244 0.911 0.602 0.734 1.000 1.000 1.000 1.000 
0.246 0.899 0.886 0.664 1.000 1.000 1.000 1.000 
0.208 0.931 1.202 0.578 1.000 1.000 1.000 1.000 
0.209 0.916 1.342 0.539 1.000 1.000 1.000 1.000 
0.237 0.916 0.896 0.656 1.000 1.000 1.000 1.000 
0.242 0.920 1.025 0.609 1.000 1.000 1.000 1.000 
0.277 0.900 0.689 0.688 1.000 1.000 0.989 0.968 
0.254 0.916 0.725 0.672 1.000 1.000 1.000 0.989 
0.206 0.922 1.525 0.547 1.000 1.000 1.000 1.000 
0.245 0.922 0.592 0.750 1.000 1.000 1.000 0.979 
0.248 0.913 0.652 0.734 0.978 0.958 0.958 0.800 
0.243 0.905 1.682 0.547 1.000 1.000 1.000 1.000 
0.228 0.904 0.952 0.656 1.000 1.000 1.000 1.000 
0.201 0.927 0.524 0.719 1.000 0.989 0.958 0.811 
0.218 0.899 1.246 0.578 1.000 1.000 1.000 1.000 
0.235 0.914 0.579 0.703 1.000 1.000 1.000 1.000 
0.187 0.928 0.852 0.672 1.000 1.000 1.000 1.000 
0.189 0.922 0.950 0.664 1.000 1.000 1.000 1.000 
0.196 0.931 0.692 0.766 1.000 1.000 1.000 0.979 
0.209 0.922 0.650 0.734 1.000 1.000 1.000 1.000 
0.241 0.926 0.638 0.758 1.000 1.000 1.000 1.000 
0.268 0.909 1.229 0.602 1.000 1.000 1.000 1.000 
0.338 0.874 1.047 0.539 1.000 1.000 1.000 1.000 
0.245 0.917 1.232 0.578 1.000 1.000 1.000 1.000 
0.252 0.903 1.166 0.562 1.000 1.000 1.000 1.000 
0.232 0.922 0.742 0.711 1.000 1.000 1.000 0.979 
0.243 0.917 0.996 0.711 1.000 1.000 1.000 1.000 
0.198 0.928 1.006 0.648 1.000 1.000 1.000 1.000 
0.216 0.918 1.370 0.578 1.000 1.000 1.000 1.000 
0.210 0.921 0.880 0.641 1.000 1.000 1.000 1.000 
0.242 0.914 0.861 0.672 1.000 1.000 1.000 1.000 
0.235 0.902 1.942 0.523 1.000 1.000 1.000 1.000 
0.240 0.923 0.737 0.734 1.000 1.000 1.000 0.979 
0.286 0.889 0.736 0.695 0.978 0.989 0.947 0.789 
0.221 0.920 1.358 0.602 1.000 1.000 1.000 1.000 
0.247 0.895 1.273 0.602 1.000 1.000 1.000 1.000 
0.202 0.925 1.107 0.625 1.000 1.000 1.000 1.000 
0.201 0.921 0.778 0.688 1.000 1.000 1.000 1.000 
0.224 0.908 0.699 0.719 1.000 1.000 1.000 1.000 
0.291 0.890 0.549 0.789 0.967 0.968 0.895 0.716 
0.278 0.880 1.329 0.586 1.000 1.000 1.000 1.000 
0.230 0.905 0.693 0.727 1.000 1.000 1.000 1.000 
0.216 0.936 0.564 0.758 1.000 1.000 1.000 1.000 
0.226 0.908 0.666 0.719 1.000 1.000 0.979 0.905 
0.194 0.921 0.754 0.688 1.000 1.000 1.000 1.000 
0.181 0.925 0.534 0.773 1.000 1.000 1.000 0.937 
0.199 0.923 1.010 0.688 1.000 1.000 1.000 1.000 
0.200 0.920 0.944 0.695 1.000 1.000 1.000 1.000 
0.178 0.935 0.526 0.766 0.989 1.000 0.989 0.937 
0.234 0.908 0.779 0.719 1.000 1.000 1.000 0.989 
0.204 0.921 0.971 0.602 1.000 1.000 1.000 1.000 
0.200 0.927 1.103 0.617 1.000 1.000 1.000 1.000 
0.220 0.928 0.853 0.672 1.000 1.000 1.000 0.979 
0.189 0.928 0.853 0.695 1.000 1.000 1.000 0.947 
0.198 0.930 0.617 0.734 0.978 0.958 0.821 0.621 
0.226 0.932 0.647 0.742 0.989 0.989 0.979 0.863 
0.254 0.908 0.804 0.695 1.000 1.000 1.000 0.989 
0.268 0.898 2.037 0.562 1.000 1.000 1.000 1.000 
0.214 0.920 0.940 0.617 1.000 1.000 1.000 1.000 
0.269 0.911 0.827 0.680 1.000 1.000 1.000 1.000 
0.254 0.931 0.669 0.750 1.000 1.000 1.000 1.000 
0.254 0.893 0.482 0.742 1.000 1.000 0.979 0.926 
0.211 0.921 0.401 0.789 1.000 1.000 0.989 0.947 
0.211 0.937 0.623 0.734 1.000 1.000 0.989 0.947 
0.185 0.927 0.457 0.797 1.000 1.000 1.000 0.989 
0.171 0.936 0.733 0.703 1.000 1.000 1.000 1.000 
0.177 0.930 1.309 0.641 1.000 1.000 0.979 0.926 
0.207 0.927 0.910 0.664 1.000 1.000 1.000 1.000 
0.183 0.918 1.446 0.570 1.000 1.000 1.000 1.000 
0.186 0.927 1.121 0.656 1.000 1.000 1.000 1.000 
0.179 0.927 1.335 0.625 1.000 1.000 1.000 1.000 
0.242 0.920 1.176 0.625 1.000 1.000 0.989 0.947 
0.283 0.893 1.829 0.492 1.000 1.000 1.000 1.000 
0.240 0.903 1.785 0.492 1.000 1.000 1.000 1.000 
0.218 0.928 0.718 0.711 1.000 1.000 1.000 1.000 
0.214 0.916 0.718 0.703 1.000 1.000 1.000 0.989 
0.225 0.920 0.524 0.797 1.000 1.000 0.989 0.958 
0.171 0.932 0.463 0.773 1.000 1.000 1.000 1.000 
0.173 0.932 0.831 0.727 1.000 1.000 1.000 1.000 
0.167 0.935 0.736 0.711 1.000 1.000 0.989 0.968 
0.176 0.920 0.739 0.719 1.000 1.000 1.000 1.000 
0.211 0.937 0.630 0.734 1.000 1.000 1.000 0.958 
0.234 0.912 0.782 0.727 1.000 1.000 1.000 0.989 
0.219 0.916 0.888 0.750 1.000 1.000 1.000 0.989 
0.242 0.891 1.671 0.562 1.000 1.000 1.000 1.000 
0.190 0.916 0.867 0.703 1.000 1.000 1.000 0.958 
0.183 0.939 0.908 0.727 1.000 1.000 1.000 0.979 
0.183 0.930 0.749 0.742 1.000 1.000 1.000 1.000 
0.181 0.923 0.892 0.672 0.780 0.863 0.695 0.411 
0.221 0.913 1.595 0.609 1.000 1.000 1.000 1.000 
0.210 0.903 0.722 0.703 1.000 1.000 1.000 1.000 
0.151 0.945 0.664 0.695 1.000 1.000 1.000 1.000 
0.166 0.937 0.835 0.703 1.000 1.000 1.000 1.000 
0.199 0.932 0.502 0.797 1.000 1.000 1.000 1.000 
0.207 0.917 0.618 0.773 1.000 1.000 1.000 1.000 
0.179 0.937 1.819 0.555 1.000 1.000 1.000 1.000 
0.237 0.926 0.589 0.719 1.000 1.000 1.000 0.989 
0.214 0.918 1.979 0.562 1.000 0.979 1.000 0.968 
0.167 0.943 1.616 0.586 1.000 1.000 1.000 0.989 
0.204 0.936 1.407 0.602 1.000 1.000 1.000 1.000 
0.170 0.944 1.070 0.633 1.000 1.000 1.000 0.989 
0.173 0.937 1.436 0.578 1.000 1.000 1.000 1.000 
0.174 0.930 0.671 0.703 0.989 0.989 0.968 0.789 
0.224 0.923 1.019 0.680 1.000 1.000 1.000 1.000 
0.232 0.931 0.736 0.664 0.956 0.968 0.958 0.821 
0.264 0.925 0.568 0.742 1.000 1.000 1.000 1.000 
0.211 0.931 0.911 0.656 1.000 1.000 1.000 1.000 
0.238 0.928 0.965 0.672 1.000 1.000 1.000 0.989 
0.302 0.914 2.036 0.539 1.000 1.000 1.000 0.989 
0.269 0.894 1.350 0.633 1.000 1.000 1.000 1.000 
0.173 0.931 0.748 0.742 1.000 1.000 1.000 0.989 
0.153 0.948 0.538 0.766 1.000 1.000 1.000 0.979 
0.176 0.939 0.898 0.703 1.000 1.000 1.000 0.989 
0.192 0.922 1.854 0.516 1.000 1.000 1.000 1.000 
0.256 0.923 0.680 0.727 1.000 1.000 1.000 0.989 
0.351 0.875 1.619 0.531 1.000 1.000 1.000 0.989 
0.214 0.912 1.586 0.547 1.000 1.000 1.000 1.000 
0.173 0.926 1.786 0.555 1.000 1.000 1.000 1.000 
0.150 0.941 1.209 0.633 1.000 1.000 1.000 1.000 
0.139 0.946 1.093 0.680 1.000 1.000 1.000 1.000 
0.156 0.954 0.739 0.742 1.000 1.000 1.000 1.000 
0.202 0.927 0.502 0.750 1.000 1.000 1.000 0.968 
0.185 0.923 0.899 0.688 1.000 1.000 1.000 0.979 
0.179 0.925 1.218 0.633 1.000 1.000 1.000 1.000 
0.144 0.949 1.050 0.648 0.978 0.979 0.958 0.758 
0.171 0.935 0.682 0.742 1.000 1.000 1.000 0.958 
0.157 0.945 0.610 0.758 0.989 1.000 0.989 0.905 
0.200 0.928 0.638 0.727 1.000 1.000 1.000 0.947 
0.188 0.932 0.556 0.734 0.967 0.979 0.916 0.789 
0.180 0.930 1.709 0.570 1.000 1.000 1.000 1.000 
0.166 0.935 1.886 0.555 1.000 1.000 1.000 1.000 
0.189 0.918 1.781 0.594 1.000 1.000 1.000 1.000 
0.163 0.935 0.693 0.766 1.000 1.000 0.989 0.958 
0.164 0.949 0.547 0.781 1.000 1.000 1.000 0.979 
0.180 0.943 0.623 0.758 1.000 0.989 0.968 0.863 
0.192 0.931 0.814 0.695 1.000 1.000 1.000 0.989 
0.210 0.936 1.613 0.586 1.000 1.000 1.000 0.989 
0.232 0.907 0.811 0.664 1.000 1.000 1.000 0.989 
0.168 0.928 1.388 0.617 1.000 1.000 1.000 1.000 
0.176 0.932 1.147 0.672 1.000 1.000 1.000 1.000 
0.197 0.928 1.875 0.531 1.000 1.000 1.000 1.000 
0.223 0.903 0.793 0.664 0.956 0.979 0.926 0.916 
0.308 0.928 1.563 0.539 0.989 1.000 0.979 0.916 
0.333 0.867 1.035 0.586 1.000 1.000 1.000 1.000 
0.250 0.916 1.486 0.562 1.000 1.000 1.000 1.000 
0.232 0.903 0.638 0.750 0.967 0.958 0.916 0.758 
0.215 0.923 0.594 0.727 1.000 1.000 1.000 1.000 
0.201 0.928 0.565 0.781 1.000 1.000 1.000 1.000 
0.173 0.930 0.531 0.789 1.000 1.000 1.000 0.968 
0.155 0.935 0.716 0.742 1.000 1.000 1.000 1.000 
0.155 0.944 0.914 0.750 1.000 1.000 1.000 1.000 
0.175 0.941 0.611 0.820 1.000 1.000 1.000 0.979 
0.190 0.928 0.693 0.758 1.000 1.000 1.000 1.000 
0.171 0.936 0.803 0.734 1.000 1.000 0.989 0.979 
0.157 0.939 1.044 0.711 1.000 1.000 1.000 0.989 
0.176 0.939 0.999 0.727 1.000 1.000 1.000 0.979 
0.137 0.946 0.741 0.734 0.978 0.989 0.926 0.716 
0.177 0.948 0.842 0.680 1.000 1.000 1.000 0.947 
0.179 0.923 0.895 0.711 1.000 1.000 1.000 0.989 
0.152 0.935 0.763 0.750 1.000 1.000 1.000 1.000 
0.131 0.946 0.780 0.750 1.000 1.000 1.000 0.968 
0.117 0.954 0.835 0.719 1.000 1.000 1.000 1.000 
0.142 0.946 1.071 0.680 1.000 1.000 1.000 1.000 
0.178 0.945 0.663 0.750 0.989 0.989 0.968 0.800 
0.240 0.913 0.483 0.797 1.000 1.000 1.000 1.000 
0.235 0.898 0.839 0.656 1.000 1.000 1.000 1.000 
0.188 0.930 0.960 0.672 1.000 1.000 1.000 1.000 
0.182 0.925 1.217 0.656 1.000 1.000 1.000 1.000 
0.183 0.921 1.769 0.578 1.000 1.000 1.000 1.000 
0.164 0.930 0.591 0.742 1.000 1.000 1.000 0.968 
0.148 0.949 0.641 0.766 1.000 1.000 1.000 1.000 
0.156 0.941 1.940 0.516 1.000 1.000 1.000 1.000 
0.170 0.936 0.478 0.805 1.000 1.000 1.000 0.989 
0.202 0.926 0.791 0.734 1.000 1.000 1.000 0.979 
0.155 0.932 1.066 0.703 1.000 1.000 1.000 1.000 
0.114 0.957 0.601 0.766 1.000 1.000 1.000 0.968 
0.165 0.950 0.620 0.750 1.000 1.000 1.000 0.968 
0.132 0.946 0.648 0.727 1.000 1.000 1.000 0.958 
0.129 0.957 0.579 0.773 1.000 1.000 1.000 0.989 
0.141 0.940 0.654 0.734 1.000 0.989 0.958 0.800 
0.140 0.945 0.666 0.766 1.000 1.000 0.979 0.832 
0.177 0.926 0.826 0.758 1.000 1.000 1.000 1.000 
0.191 0.935 0.710 0.742 1.000 1.000 1.000 1.000 
0.198 0.921 2.020 0.578 1.000 1.000 1.000 1.000 
0.174 0.945 2.793 0.492 1.000 1.000 1.000 1.000 
0.178 0.940 0.935 0.742 1.000 1.000 1.000 1.000 
0.206 0.921 0.512 0.773 1.000 1.000 0.989 0.905 
0.231 0.912 0.886 0.664 1.000 1.000 1.000 0.989 
0.238 0.918 0.597 0.789 1.000 1.000 0.989 0.979 
0.166 0.937 0.706 0.727 1.000 1.000 1.000 1.000 
0.164 0.923 0.959 0.664 1.000 1.000 1.000 1.000 
0.156 0.954 0.505 0.805 1.000 1.000 1.000 0.989 
0.178 0.946 0.474 0.852 1.000 1.000 0.989 0.989 
0.173 0.930 1.032 0.641 0.989 0.979 0.916 0.853 
0.156 0.950 0.876 0.727 1.000 1.000 1.000 1.000 
0.155 0.940 1.031 0.719 1.000 1.000 1.000 1.000 
0.178 0.930 1.212 0.656 1.000 1.000 1.000 1.000 
0.151 0.936 0.723 0.758 1.000 1.000 1.000 0.989 
0.195 0.948 0.612 0.789 1.000 1.000 1.000 0.958 
0.154 0.944 0.563 0.781 1.000 0.989 0.968 0.811 
0.160 0.941 0.481 0.781 1.000 1.000 0.989 0.926 
0.140 0.941 1.483 0.586 1.000 1.000 1.000 1.000 
0.168 0.950 1.339 0.641 1.000 1.000 1.000 0.989 
0.232 0.927 0.840 0.695 1.000 1.000 1.000 0.968 
0.147 0.940 0.781 0.758 1.000 1.000 1.000 1.000 
0.185 0.943 0.826 0.711 1.000 0.989 0.979 0.874 
0.194 0.940 1.270 0.664 0.989 1.000 1.000 0.979 
0.197 0.937 0.639 0.758 1.000 1.000 0.979 0.916 
0.135 0.943 0.530 0.773 0.989 1.000 1.000 0.937 
0.127 0.953 0.825 0.742 1.000 1.000 1.000 1.000 
0.158 0.949 1.527 0.625 1.000 1.000 1.000 1.000 
0.174 0.930 1.913 0.602 1.000 1.000 1.000 1.000 
0.153 0.954 0.903 0.695 1.000 1.000 1.000 0.979 
0.205 0.920 1.047 0.727 0.978 0.989 0.958 0.863 
0.179 0.922 1.720 0.633 1.000 1.000 1.000 1.000 
0.150 0.948 1.047 0.703 1.000 1.000 1.000 1.000 
0.249 0.931 0.597 0.773 1.000 1.000 1.000 1.000 
0.209 0.926 1.345 0.602 1.000 1.000 1.000 1.000 
0.232 0.918 1.142 0.625 1.000 1.000 1.000 1.000 
0.189 0.926 1.083 0.672 1.000 1.000 1.000 1.000 
0.137 0.945 0.765 0.711 1.000 1.000 1.000 0.989 
0.121 0.953 0.590 0.805 1.000 1.000 1.000 0.989 
0.134 0.963 0.570 0.750 1.000 1.000 0.989 0.937 
0.171 0.943 0.528 0.820 1.000 1.000 1.000 1.000 
0.122 0.953 0.807 0.758 1.000 1.000 1.000 0.989 
0.143 0.958 0.795 0.734 1.000 1.000 1.000 0.989 
0.121 0.958 1.191 0.680 1.000 1.000 1.000 0.989 
0.139 0.958 0.822 0.742 1.000 1.000 0.989 0.916 
0.203 0.930 0.653 0.781 1.000 1.000 0.979 0.832 
0.216 0.944 0.867 0.758 1.000 1.000 1.000 1.000 
0.187 0.928 1.443 0.625 1.000 1.000 1.000 0.989 
0.121 0.951 1.120 0.672 0.934 0.926 0.863 0.779 
0.133 0.962 1.255 0.633 1.000 1.000 1.000 1.000 
0.181 0.928 1.103 0.672 1.000 1.000 1.000 1.000 
0.159 0.931 0.655 0.773 1.000 1.000 0.989 0.916 
0.130 0.953 0.645 0.758 1.000 1.000 0.989 0.958 
0.198 0.953 0.601 0.758 1.000 1.000 1.000 1.000 
0.153 0.940 1.296 0.648 1.000 1.000 1.000 1.000 
0.136 0.951 1.331 0.672 1.000 1.000 1.000 1.000 
0.145 0.953 0.785 0.742 1.000 1.000 1.000 1.000 
0.134 0.949 0.652 0.789 0.934 0.947 0.884 0.674 
0.129 0.943 0.725 0.781 1.000 1.000 1.000 0.947 
0.144 0.971 0.688 0.734 0.989 0.989 0.947 0.853 
0.115 0.949 0.836 0.703 1.000 1.000 0.958 0.853 
0.117 0.957 0.789 0.758 1.000 1.000 0.989 0.958 
0.118 0.968 0.893 0.742 1.000 1.000 0.989 0.916 
0.143 0.951 0.754 0.742 1.000 1.000 0.979 0.926 
0.138 0.950 0.748 0.758 1.000 1.000 1.000 0.989 
0.186 0.936 0.960 0.703 1.000 1.000 0.989 0.979 
0.232 0.923 0.803 0.781 1.000 1.000 1.000 0.979 
0.197 0.918 0.982 0.695 1.000 1.000 1.000 0.916 
0.154 0.935 1.787 0.602 1.000 1.000 1.000 0.989 
0.147 0.945 0.705 0.797 1.000 1.000 0.989 0.937 
0.134 0.941 0.975 0.703 1.000 1.000 1.000 0.979 
0.132 0.951 1.023 0.656 1.000 1.000 1.000 1.000 
0.170 0.926 0.889 0.703 0.956 0.947 0.884 0.705 
0.122 0.948 1.318 0.672 1.000 1.000 1.000 1.000 
0.143 0.945 0.589 0.805 1.000 1.000 1.000 0.979 
0.237 0.943 0.682 0.773 1.000 1.000 1.000 1.000 
0.166 0.936 1.441 0.617 1.000 1.000 1.000 1.000 
0.110 0.955 1.093 0.711 1.000 1.000 1.000 1.000 
0.113 0.966 0.764 0.773 1.000 1.000 1.000 1.000 
0.134 0.959 0.750 0.742 1.000 1.000 1.000 1.000 
0.143 0.957 0.612 0.750 0.934 0.968 0.905 0.621 
0.127 0.954 0.678 0.773 0.989 0.989 0.968 0.821 
0.132 0.944 0.990 0.742 1.000 1.000 1.000 0.958 
0.120 0.958 0.702 0.797 1.000 1.000 1.000 0.979 
0.126 0.948 1.789 0.586 1.000 1.000 1.000 1.000 
0.125 0.953 1.083 0.711 1.000 1.000 1.000 1.000 
0.124 0.946 0.876 0.727 1.000 1.000 1.000 1.000 
0.140 0.957 0.742 0.781 1.000 1.000 0.989 0.937 
0.180 0.932 0.693 0.789 1.000 1.000 1.000 0.989 
0.162 0.928 0.933 0.719 1.000 0.989 0.989 0.895 
0.135 0.943 0.696 0.773 1.000 1.000 0.979 0.895 
0.103 0.962 0.722 0.773 1.000 1.000 1.000 0.989 
0.109 0.957 1.782 0.555 1.000 1.000 1.000 1.000 
0.115 0.949 0.864 0.734 1.000 1.000 0.989 0.884 
0.118 0.960 0.798 0.719 1.000 1.000 0.989 0.947 
0.121 0.964 0.788 0.766 1.000 1.000 0.989 0.979 
0.124 0.951 0.712 0.789 0.945 0.979 0.905 0.737 
0.128 0.943 0.698 0.797 1.000 1.000 1.000 0.979 
0.104 0.963 0.906 0.758 1.000 1.000 1.000 0.989 
0.114 0.954 0.984 0.711 1.000 0.989 0.989 0.926 
0.159 0.937 0.683 0.789 1.000 1.000 1.000 0.958 
0.115 0.963 0.915 0.711 1.000 1.000 1.000 0.916 
0.188 0.944 2.145 0.508 1.000 1.000 1.000 1.000 
0.224 0.905 2.201 0.531 1.000 1.000 1.000 1.000 
0.202 0.941 0.812 0.711 1.000 1.000 1.000 0.979 
0.249 0.893 0.818 0.688 0.967 0.979 0.895 0.726 
0.193 0.913 1.134 0.656 1.000 1.000 1.000 1.000 
0.179 0.926 0.707 0.758 1.000 1.000 1.000 1.000 
0.258 0.936 1.110 0.719 1.000 1.000 1.000 0.989 
0.158 0.950 0.697 0.703 0.967 0.968 0.916 0.747 
0.176 0.937 1.077 0.680 1.000 1.000 1.000 1.000 
0.142 0.943 0.474 0.828 1.000 1.000 1.000 1.000 
0.120 0.963 0.855 0.750 1.000 1.000 1.000 1.000 
0.114 0.964 0.696 0.750 1.000 1.000 1.000 1.000 
0.139 0.960 0.848 0.742 1.000 1.000 1.000 1.000 
0.176 0.912 0.830 0.734 1.000 1.000 0.989 0.979 
0.113 0.951 0.923 0.727 1.000 1.000 1.000 1.000 
0.096 0.962 0.686 0.750 1.000 1.000 1.000 1.000 
0.102 0.964 0.797 0.773 1.000 1.000 1.000 1.000 
0.094 0.962 0.744 0.773 1.000 1.000 0.989 0.979 
0.123 0.967 0.661 0.734 0.989 1.000 0.958 0.905 
0.171 0.946 0.655 0.781 1.000 1.000 0.989 0.926 
0.218 0.935 0.688 0.742 1.000 1.000 0.989 0.989 
0.158 0.946 1.532 0.594 0.978 0.979 0.989 0.979 
0.209 0.954 0.966 0.734 1.000 0.989 1.000 0.979 
0.165 0.951 0.751 0.750 1.000 1.000 1.000 0.979 
0.142 0.935 1.176 0.688 1.000 1.000 0.989 0.905 
0.121 0.954 0.882 0.742 1.000 1.000 1.000 0.958 
0.098 0.966 1.036 0.711 1.000 1.000 1.000 0.979 
0.113 0.966 0.817 0.766 1.000 1.000 1.000 0.979 
0.104 0.957 1.506 0.617 1.000 1.000 0.989 0.979 
0.253 0.950 0.559 0.812 1.000 1.000 1.000 0.968 
0.313 0.908 0.918 0.680 1.000 1.000 1.000 1.000 
0.205 0.943 1.326 0.594 1.000 1.000 1.000 1.000 
0.228 0.918 1.812 0.594 0.978 1.000 0.989 0.937 
0.156 0.921 1.121 0.664 1.000 1.000 1.000 1.000 
0.123 0.951 0.748 0.773 0.967 1.000 0.937 0.832 
0.190 0.925 0.895 0.742 1.000 1.000 1.000 0.958 
0.169 0.944 2.063 0.586 1.000 1.000 1.000 1.000 
0.175 0.940 0.778 0.773 1.000 1.000 1.000 1.000 
0.136 0.946 0.717 0.797 1.000 1.000 1.000 0.989 
0.108 0.954 0.645 0.797 1.000 1.000 1.000 0.979 
0.166 0.959 0.904 0.750 1.000 1.000 1.000 0.968 
0.177 0.951 1.237 0.688 1.000 1.000 1.000 1.000 
0.205 0.905 0.812 0.742 1.000 1.000 1.000 0.958 
0.140 0.943 2.621 0.562 1.000 1.000 1.000 1.000 
0.106 0.960 2.128 0.609 1.000 1.000 1.000 1.000 
0.179 0.948 0.664 0.781 1.000 1.000 1.000 0.968 
0.181 0.937 2.096 0.586 1.000 1.000 1.000 1.000 
0.145 0.940 2.193 0.539 1.000 1.000 1.000 1.000 
0.135 0.937 0.652 0.766 1.000 1.000 0.989 0.916 
0.122 0.955 0.697 0.797 1.000 1.000 0.989 0.958 
0.149 0.959 0.666 0.805 1.000 1.000 1.000 0.979 
0.109 0.950 0.744 0.781 0.956 0.968 0.905 0.684 
0.101 0.955 0.898 0.758 1.000 0.989 0.968 0.863 
0.100 0.962 0.725 0.766 1.000 1.000 0.989 0.958 
0.090 0.967 0.893 0.727 0.989 1.000 0.979 0.926 
0.093 0.962 1.010 0.719 0.978 0.968 0.937 0.779 
0.099 0.959 0.559 0.805 1.000 1.000 0.989 0.958 
0.087 0.972 0.869 0.766 1.000 1.000 0.989 0.937 
0.125 0.969 0.877 0.766 0.989 0.989 0.958 0.747 
0.101 0.964 1.326 0.703 1.000 1.000 1.000 0.958 
0.108 0.949 1.093 0.750 1.000 1.000 1.000 0.989 
0.084 0.969 0.745 0.766 0.978 1.000 0.989 0.863 
0.114 0.969 0.500 0.812 0.989 1.000 0.989 0.884 
0.170 0.954 0.931 0.711 0.978 0.989 0.926 0.737 
0.115 0.958 0.736 0.797 1.000 1.000 1.000 1.000 
0.081 0.966 1.599 0.672 1.000 1.000 1.000 1.000 
0.077 0.974 0.696 0.797 1.000 1.000 0.989 0.979 
0.122 0.971 0.596 0.828 1.000 1.000 0.989 0.947 
0.083 0.972 0.630 0.797 1.000 1.000 0.989 0.947 
0.129 0.960 0.486 0.812 0.978 1.000 0.979 0.884 
0.178 0.943 1.788 0.578 1.000 1.000 1.000 1.000 
0.131 0.948 0.778 0.734 1.000 1.000 1.000 1.000 
0.121 0.957 1.130 0.711 1.000 1.000 1.000 0.968 
0.152 0.941 2.100 0.594 1.000 1.000 1.000 1.000 
0.144 0.957 2.305 0.594 1.000 1.000 1.000 1.000 
0.177 0.943 1.400 0.688 1.000 1.000 1.000 0.989 
0.132 0.959 0.835 0.734 1.000 0.989 1.000 0.926 
0.144 0.955 0.697 0.781 1.000 1.000 1.000 1.000 
0.126 0.945 0.782 0.789 1.000 1.000 0.968 0.937 
0.182 0.948 0.636 0.750 1.000 1.000 0.989 0.926 
0.197 0.930 1.245 0.617 0.989 1.000 0.979 0.968 
0.120 0.950 0.786 0.727 1.000 1.000 1.000 1.000 
0.134 0.958 2.103 0.555 1.000 1.000 1.000 1.000 
0.184 0.949 0.913 0.750 1.000 1.000 0.989 0.947 
0.117 0.958 1.738 0.688 1.000 1.000 1.000 1.000 
0.126 0.964 0.904 0.758 1.000 1.000 1.000 1.000 
0.121 0.958 1.535 0.633 1.000 1.000 1.000 1.000 
0.212 0.939 1.053 0.633 1.000 1.000 1.000 1.000 
0.164 0.916 1.098 0.703 0.989 1.000 0.989 0.905 
0.157 0.959 0.809 0.773 1.000 1.000 1.000 0.947 
0.137 0.948 0.842 0.742 0.890 0.937 0.853 0.547 
0.099 0.967 0.653 0.773 1.000 1.000 1.000 1.000 
0.122 0.958 1.205 0.711 1.000 1.000 1.000 1.000 
0.133 0.951 1.105 0.711 1.000 1.000 1.000 1.000 
0.109 0.964 0.885 0.742 1.000 1.000 0.979 0.937 
0.113 0.962 0.813 0.742 1.000 1.000 0.947 0.863 
0.104 0.951 1.008 0.742 1.000 1.000 1.000 1.000 
0.106 0.960 1.097 0.727 1.000 1.000 1.000 1.000 
0.113 0.949 0.869 0.750 0.989 0.979 0.916 0.821 
0.131 0.953 0.708 0.773 1.000 1.000 0.989 0.958 
0.222 0.946 0.742 0.750 1.000 1.000 0.989 0.926 
0.145 0.935 1.407 0.617 1.000 1.000 0.989 0.968 
0.093 0.964 1.151 0.727 1.000 1.000 1.000 1.000 
0.106 0.966 0.682 0.797 1.000 1.000 1.000 1.000 
0.151 0.950 0.793 0.758 1.000 1.000 0.979 0.968 
0.126 0.958 1.033 0.750 0.978 0.989 0.937 0.874 
0.136 0.960 1.024 0.703 1.000 1.000 1.000 1.000 
0.114 0.960 0.855 0.773 1.000 1.000 1.000 0.989 
0.119 0.964 1.230 0.719 1.000 1.000 1.000 1.000 
0.172 0.934 0.699 0.742 1.000 1.000 1.000 1.000 
0.148 0.949 0.874 0.711 1.000 1.000 1.000 0.989 
0.101 0.964 1.075 0.695 1.000 1.000 1.000 0.989 
0.083 0.969 0.990 0.711 1.000 1.000 0.989 0.958 
0.073 0.969 0.637 0.836 0.989 1.000 0.989 0.926 
0.097 0.973 0.934 0.773 1.000 1.000 0.989 0.937 
0.109 0.968 0.901 0.734 1.000 1.000 1.000 0.989 
0.097 0.960 1.001 0.789 1.000 1.000 1.000 1.000 
0.102 0.969 0.871 0.750 1.000 1.000 1.000 0.979 
0.132 0.955 0.837 0.734 0.989 0.979 0.968 0.874 
0.171 0.943 1.227 0.672 1.000 1.000 1.000 1.000 
0.175 0.945 1.162 0.734 1.000 1.000 1.000 1.000 
0.135 0.968 1.215 0.719 1.000 1.000 1.000 0.968 
0.177 0.946 0.992 0.711 1.000 1.000 1.000 1.000 
0.117 0.959 1.903 0.539 1.000 1.000 1.000 1.000 
0.070 0.973 1.064 0.727 1.000 1.000 1.000 1.000 
0.072 0.976 0.800 0.789 1.000 1.000 1.000 1.000 
0.078 0.972 0.759 0.758 1.000 1.000 0.989 0.926 
0.131 0.960 1.127 0.711 0.989 0.989 0.989 0.937 
0.086 0.964 0.860 0.727 0.989 0.989 0.979 0.916 
0.071 0.971 0.781 0.797 1.000 1.000 0.989 0.937 
0.103 0.969 0.802 0.773 1.000 1.000 0.989 0.958 
0.098 0.957 0.995 0.734 1.000 1.000 1.000 1.000 
0.075 0.971 1.067 0.773 1.000 1.000 1.000 0.989 
0.085 0.978 0.680 0.766 1.000 1.000 1.000 1.000 
0.103 0.955 1.305 0.641 1.000 1.000 1.000 1.000 
0.116 0.960 0.686 0.820 1.000 1.000 1.000 0.968 
0.115 0.955 1.950 0.609 1.000 1.000 1.000 1.000 
0.084 0.963 1.001 0.750 1.000 1.000 1.000 0.989 
0.066 0.976 0.949 0.758 1.000 1.000 0.979 0.926 
0.115 0.973 0.835 0.766 0.967 0.979 0.958 0.853 
0.296 0.927 1.130 0.656 1.000 1.000 1.000 0.958 
0.188 0.918 2.412 0.523 1.000 1.000 1.000 1.000 
0.216 0.946 2.212 0.531 1.000 1.000 1.000 1.000 
0.173 0.930 0.537 0.758 0.978 0.979 0.947 0.789 
0.080 0.959 0.879 0.781 1.000 1.000 0.989 0.958 
0.063 0.981 0.983 0.766 1.000 1.000 1.000 1.000 
0.085 0.977 0.616 0.828 1.000 1.000 1.000 0.989 
0.129 0.946 1.118 0.734 1.000 1.000 1.000 1.000 
0.120 0.963 1.089 0.719 1.000 1.000 0.979 0.968 
0.113 0.950 2.295 0.586 1.000 1.000 1.000 1.000 
0.087 0.958 0.779 0.766 1.000 1.000 1.000 0.989 
0.067 0.977 0.755 0.828 1.000 1.000 1.000 0.989 
0.067 0.974 0.703 0.812 1.000 1.000 1.000 0.989 
0.078 0.969 1.028 0.766 1.000 1.000 1.000 0.989 
0.080 0.967 1.171 0.734 1.000 1.000 1.000 0.979 
0.111 0.969 0.825 0.797 1.000 1.000 1.000 0.979 
0.127 0.964 0.859 0.766 1.000 1.000 1.000 1.000 
0.325 0.923 0.909 0.750 0.989 1.000 0.989 0.916 
0.236 0.912 3.191 0.523 1.000 0.989 1.000 0.979 
0.203 0.954 3.017 0.531 1.000 1.000 1.000 1.000 
0.118 0.953 0.858 0.734 1.000 1.000 1.000 0.979 
0.106 0.963 1.071 0.695 1.000 1.000 0.989 0.989 
0.101 0.957 1.238 0.734 1.000 1.000 1.000 1.000 
0.118 0.967 0.983 0.742 1.000 1.000 1.000 0.989 
0.176 0.940 0.572 0.773 1.000 1.000 1.000 1.000 
0.119 0.953 0.851 0.727 1.000 1.000 1.000 0.979 
0.092 0.967 0.485 0.820 1.000 1.000 1.000 0.979 
0.103 0.950 0.793 0.734 1.000 1.000 0.989 0.937 
0.094 0.969 0.902 0.750 1.000 1.000 1.000 0.989 
0.073 0.973 1.039 0.734 1.000 1.000 1.000 0.958 
0.129 0.972 1.074 0.727 1.000 1.000 0.979 0.916 
0.165 0.946 0.672 0.766 1.000 1.000 0.989 0.979 
0.161 0.948 1.187 0.727 1.000 1.000 1.000 0.979 
0.101 0.957 0.826 0.758 1.000 1.000 0.968 0.895 
0.118 0.972 0.604 0.820 1.000 1.000 0.989 0.937 
0.114 0.958 3.263 0.555 1.000 1.000 1.000 1.000 
0.090 0.973 1.186 0.734 1.000 1.000 1.000 1.000 
0.083 0.967 1.220 0.734 1.000 1.000 1.000 1.000 
0.088 0.968 0.885 0.797 1.000 1.000 0.989 1.000 
0.092 0.972 1.124 0.773 1.000 1.000 0.968 0.937 
0.095 0.962 1.052 0.758 1.000 1.000 1.000 1.000 
0.074 0.971 0.803 0.789 1.000 1.000 0.989 0.968 
0.067 0.976 0.773 0.812 1.000 1.000 1.000 0.989 
0.104 0.971 0.893 0.781 0.978 0.989 0.937 0.811 
0.197 0.927 1.012 0.742 1.000 1.000 0.989 0.989 
0.106 0.960 0.721 0.773 1.000 1.000 1.000 0.989 
0.080 0.969 1.233 0.719 1.000 1.000 1.000 1.000 
0.101 0.973 1.016 0.789 1.000 1.000 1.000 1.000 
0.148 0.943 0.965 0.773 1.000 1.000 1.000 1.000 
0.109 0.969 0.736 0.805 1.000 0.989 0.989 0.937 
0.101 0.973 0.992 0.742 1.000 1.000 1.000 0.989 
0.176 0.958 0.864 0.750 1.000 1.000 0.979 0.916 
0.164 0.934 0.961 0.742 1.000 1.000 1.000 1.000 
0.084 0.959 0.714 0.766 1.000 1.000 1.000 1.000 
0.079 0.976 0.667 0.789 1.000 1.000 0.989 0.989 
0.116 0.967 0.661 0.805 1.000 1.000 0.989 0.979 
0.099 0.964 0.801 0.742 1.000 1.000 0.989 0.968 
0.098 0.969 0.639 0.805 1.000 1.000 0.989 0.958 
0.109 0.962 1.655 0.641 1.000 1.000 1.000 1.000 
0.088 0.962 0.787 0.797 1.000 1.000 1.000 1.000 
0.085 0.964 0.944 0.766 1.000 1.000 0.989 0.989 
0.068 0.974 1.015 0.703 1.000 1.000 0.968 0.916 
0.083 0.969 0.952 0.750 0.989 0.989 0.968 0.821 
0.183 0.954 1.040 0.750 1.000 0.989 0.989 0.842 
0.123 0.955 1.160 0.750 1.000 1.000 1.000 1.000 
0.100 0.958 0.799 0.805 1.000 1.000 1.000 1.000 
0.077 0.971 2.021 0.633 1.000 1.000 1.000 1.000 
0.103 0.974 0.887 0.773 1.000 1.000 0.989 0.979 
0.302 0.927 0.790 0.758 1.000 0.989 0.968 0.916 
0.107 0.953 1.738 0.594 1.000 1.000 1.000 0.989 
0.091 0.964 0.618 0.820 1.000 1.000 1.000 1.000 
0.099 0.958 0.786 0.758 1.000 1.000 1.000 1.000 
0.073 0.974 0.790 0.773 1.000 1.000 0.989 0.968 
0.056 0.989 0.767 0.789 1.000 1.000 0.989 0.947 
0.080 0.964 0.670 0.781 1.000 1.000 0.968 0.905 
0.082 0.972 0.977 0.734 1.000 1.000 0.979 0.916 
0.057 0.981 0.896 0.766 1.000 1.000 1.000 0.979 
0.060 0.978 1.002 0.789 1.000 1.000 0.989 0.947 
0.057 0.986 1.113 0.766 1.000 1.000 0.989 0.926 
0.079 0.976 0.822 0.789 1.000 1.000 1.000 0.989 
0.114 0.967 0.976 0.805 1.000 1.000 1.000 0.989 
0.083 0.964 1.000 0.758 1.000 1.000 1.000 0.979 
0.116 0.967 0.818 0.820 1.000 1.000 1.000 1.000 
0.100 0.967 1.533 0.688 1.000 1.000 1.000 1.000 
0.072 0.976 1.671 0.648 1.000 1.000 1.000 0.989 
0.073 0.985 0.775 0.781 1.000 1.000 1.000 0.989 
0.084 0.971 0.763 0.766 1.000 1.000 0.989 0.968 
0.075 0.976 1.145 0.742 1.000 1.000 1.000 1.000 
0.079 0.974 0.812 0.812 1.000 1.000 1.000 1.000 
0.075 0.971 0.857 0.797 1.000 1.000 0.989 0.937 
0.057 0.981 0.781 0.789 1.000 1.000 0.989 0.937 
0.061 0.982 0.886 0.797 1.000 1.000 0.989 0.947 
0.052 0.985 0.894 0.789 1.000 1.000 0.989 0.937 
0.060 0.986 0.891 0.766 1.000 1.000 0.979 0.926 
0.077 0.978 1.253 0.719 0.956 0.968 0.863 0.674 
0.100 0.963 0.993 0.734 1.000 1.000 1.000 0.958 
0.124 0.966 0.753 0.773 1.000 1.000 1.000 1.000 
0.180 0.950 0.934 0.758 1.000 1.000 1.000 1.000 
0.163 0.940 1.480 0.633 1.000 1.000 1.000 1.000 
0.154 0.946 0.749 0.789 1.000 1.000 1.000 1.000 
0.125 0.955 1.423 0.688 1.000 1.000 1.000 1.000 
0.111 0.967 0.513 0.797 1.000 1.000 1.000 1.000 
0.182 0.948 2.288 0.609 1.000 1.000 1.000 1.000 
0.175 0.925 3.400 0.555 1.000 1.000 1.000 1.000 
0.119 0.945 1.789 0.617 1.000 1.000 0.989 0.968 
0.135 0.968 0.733 0.781 1.000 1.000 1.000 1.000 
0.126 0.950 0.957 0.680 1.000 1.000 1.000 1.000 
0.089 0.967 0.683 0.734 1.000 1.000 1.000 0.989 
0.104 0.963 0.873 0.742 1.000 1.000 1.000 0.979 
0.080 0.969 0.903 0.750 1.000 1.000 0.989 0.979 
0.057 0.986 0.741 0.758 1.000 1.000 0.989 0.979 
0.092 0.967 0.917 0.773 1.000 1.000 1.000 0.989 
0.170 0.935 2.272 0.617 1.000 1.000 1.000 1.000 
0.191 0.951 4.491 0.547 1.000 1.000 1.000 1.000 
0.104 0.966 1.869 0.633 1.000 1.000 1.000 1.000 
0.089 0.964 1.026 0.703 1.000 0.989 0.979 0.916 
0.102 0.958 1.318 0.672 1.000 1.000 1.000 1.000 
0.097 0.964 0.825 0.797 1.000 1.000 1.000 0.989 
0.078 0.967 1.527 0.680 1.000 1.000 1.000 0.979 
0.071 0.982 1.244 0.695 1.000 1.000 1.000 1.000 
0.067 0.977 0.931 0.781 1.000 1.000 1.000 1.000 
0.071 0.968 0.867 0.750 1.000 1.000 0.989 0.947 
0.068 0.981 0.789 0.812 1.000 1.000 1.000 0.989 
0.094 0.964 0.956 0.750 1.000 1.000 1.000 1.000 
0.112 0.968 0.893 0.734 0.989 1.000 0.947 0.863 
0.106 0.959 1.078 0.703 1.000 1.000 0.989 0.968 
0.085 0.974 0.613 0.797 1.000 1.000 0.989 0.958 
0.151 0.959 0.755 0.789 1.000 1.000 0.989 0.958 
0.096 0.968 0.862 0.734 1.000 1.000 1.000 0.979 
0.104 0.974 0.905 0.820 1.000 1.000 0.989 0.958 
0.071 0.974 1.105 0.750 1.000 1.000 1.000 0.968 
0.064 0.983 0.680 0.820 1.000 1.000 0.989 0.958 
0.080 0.967 0.801 0.789 1.000 1.000 1.000 0.979 
0.070 0.978 1.074 0.805 1.000 1.000 0.989 0.968 
0.081 0.959 1.000 0.781 1.000 1.000 1.000 0.989 
0.064 0.971 0.962 0.727 1.000 1.000 0.989 0.937 
0.115 0.986 0.751 0.805 1.000 1.000 1.000 0.989 
0.098 0.973 1.556 0.680 1.000 1.000 1.000 1.000 
0.191 0.935 1.025 0.750 1.000 1.000 1.000 0.989 
0.133 0.936 1.441 0.680 1.000 1.000 1.000 0.968 
0.083 0.977 1.419 0.719 1.000 1.000 1.000 1.000 
0.103 0.969 0.849 0.789 1.000 1.000 1.000 0.968 
0.103 0.957 1.790 0.602 1.000 1.000 1.000 1.000 
0.144 0.967 1.484 0.695 1.000 1.000 1.000 1.000 
0.161 0.946 2.898 0.555 1.000 1.000 1.000 1.000 
0.100 0.962 1.227 0.711 1.000 1.000 1.000 0.947 
0.093 0.971 1.015 0.781 1.000 0.989 0.989 0.895 
0.093 0.976 1.077 0.742 1.000 1.000 1.000 0.989 
0.073 0.972 1.177 0.750 1.000 1.000 1.000 1.000 
0.064 0.978 1.278 0.766 1.000 1.000 0.989 0.947 
0.043 0.985 0.917 0.789 1.000 1.000 0.989 0.895 
0.058 0.985 0.820 0.789 1.000 1.000 0.989 0.895 
0.047 0.985 0.652 0.812 1.000 1.000 0.989 0.947 
0.047 0.986 0.889 0.773 1.000 1.000 1.000 0.979 
0.072 0.978 0.874 0.781 1.000 1.000 0.989 0.947 
0.124 0.974 0.785 0.828 1.000 1.000 1.000 1.000 
0.176 0.943 0.783 0.758 1.000 1.000 0.989 0.979 
0.163 0.953 1.013 0.742 1.000 0.989 0.979 0.926 
0.091 0.962 0.999 0.742 1.000 1.000 1.000 0.979 
0.097 0.980 1.108 0.742 1.000 1.000 0.989 0.937 
0.172 0.955 1.248 0.680 1.000 1.000 0.989 0.979 
0.117 0.958 2.530 0.586 1.000 1.000 1.000 1.000 
0.139 0.963 2.383 0.648 1.000 1.000 1.000 0.989 
0.068 0.977 1.120 0.766 1.000 0.989 1.000 0.968 
0.076 0.976 0.903 0.758 0.989 0.989 0.968 0.842 
0.103 0.974 1.331 0.672 0.978 0.958 0.926 0.821 
0.078 0.973 1.001 0.727 0.989 1.000 0.968 0.884 
0.113 0.980 1.173 0.711 1.000 1.000 0.979 0.926 
0.089 0.973 1.151 0.719 1.000 1.000 0.979 0.937 
0.076 0.971 0.924 0.797 1.000 1.000 0.989 0.958 
0.127 0.964 1.039 0.773 1.000 1.000 1.000 0.979 
0.139 0.950 1.972 0.586 1.000 1.000 1.000 1.000 
0.101 0.972 0.978 0.742 1.000 1.000 1.000 1.000 
0.113 0.981 0.821 0.773 1.000 1.000 0.989 0.989 
0.082 0.974 1.068 0.742 0.978 0.989 0.989 0.884 
0.063 0.976 0.835 0.773 0.989 0.989 0.989 0.926 
0.078 0.969 0.677 0.805 0.978 0.989 0.958 0.863 
0.072 0.974 0.950 0.750 0.989 0.989 0.937 0.789 
0.051 0.986 0.842 0.812 1.000 1.000 0.968 0.916 
0.056 0.974 0.681 0.781 1.000 1.000 0.989 0.926 
0.053 0.983 0.935 0.766 1.000 1.000 0.989 0.947 
0.077 0.982 0.847 0.797 1.000 1.000 1.000 0.989 
0.068 0.985 0.889 0.734 1.000 1.000 0.989 0.947 
0.053 0.986 0.768 0.758 1.000 1.000 0.989 0.958 
0.121 0.982 0.735 0.773 1.000 1.000 1.000 0.968 
0.101 0.955 0.739 0.781 0.978 0.968 0.895 0.716 
0.085 0.971 0.765 0.773 1.000 1.000 1.000 0.937 
0.131 0.986 1.648 0.703 1.000 1.000 1.000 0.979 
0.101 0.967 1.276 0.758 1.000 0.989 0.968 0.874 
0.090 0.972 1.194 0.750 1.000 1.000 1.000 0.989 
0.088 0.969 1.654 0.609 1.000 1.000 1.000 1.000 
0.050 0.980 0.881 0.758 1.000 1.000 0.989 1.000 
0.060 0.982 0.904 0.781 1.000 1.000 0.989 0.979 
0.140 0.973 0.966 0.758 1.000 1.000 1.000 0.989 
0.106 0.962 0.825 0.734 1.000 1.000 0.989 0.979 
0.137 0.971 1.262 0.672 0.989 1.000 0.968 0.874 
0.152 0.936 2.049 0.648 1.000 1.000 1.000 1.000 
0.161 0.943 2.980 0.508 1.000 1.000 1.000 1.000 
0.075 0.976 0.891 0.719 1.000 1.000 1.000 1.000 
0.053 0.983 1.038 0.766 1.000 1.000 0.989 0.958 
0.051 0.980 0.837 0.797 0.989 1.000 0.968 0.863 
0.084 0.987 0.902 0.781 0.989 1.000 0.958 0.874 
0.086 0.964 1.098 0.766 0.967 0.947 0.905 0.716 
0.102 0.978 0.673 0.797 0.989 1.000 0.979 0.937 
0.167 0.964 1.001 0.734 1.000 1.000 1.000 0.958 
0.129 0.949 1.277 0.648 1.000 1.000 0.968 0.937 
0.108 0.955 1.779 0.641 1.000 1.000 1.000 1.000 
0.088 0.972 1.035 0.758 1.000 1.000 0.989 0.979 
0.055 0.980 1.114 0.789 1.000 1.000 1.000 0.979 
0.037 0.989 0.909 0.789 1.000 1.000 1.000 0.989 
0.039 0.986 0.801 0.812 1.000 1.000 0.989 0.947 
0.055 0.990 1.028 0.812 1.000 1.000 0.989 0.905 
0.054 0.977 1.097 0.742 1.000 1.000 0.968 0.916 
0.072 0.972 0.881 0.789 1.000 1.000 0.989 0.958 
0.158 0.969 1.548 0.711 1.000 1.000 1.000 1.000 
0.097 0.966 3.112 0.570 1.000 1.000 1.000 0.989 
0.061 0.977 1.312 0.727 1.000 1.000 1.000 0.989 
0.108 0.978 1.780 0.594 1.000 1.000 1.000 1.000 
0.140 0.958 2.797 0.570 1.000 1.000 1.000 1.000 
0.167 0.949 1.136 0.766 0.989 0.979 0.979 0.863 
0.089 0.960 0.840 0.703 0.989 1.000 0.979 0.895 
0.091 0.977 0.721 0.766 0.989 1.000 0.979 0.863 
0.134 0.959 1.261 0.672 1.000 1.000 1.000 0.989 
0.146 0.954 1.183 0.719 1.000 1.000 1.000 0.989 
0.214 0.943 3.013 0.547 1.000 1.000 1.000 1.000 
0.143 0.949 1.330 0.719 1.000 1.000 1.000 0.937 
0.096 0.973 1.032 0.750 1.000 1.000 0.979 0.916 
0.078 0.977 1.199 0.789 1.000 1.000 1.000 1.000 
0.070 0.974 0.701 0.820 1.000 1.000 1.000 0.979 
0.049 0.977 0.927 0.812 1.000 1.000 0.989 0.968 
0.043 0.992 0.850 0.805 1.000 1.000 1.000 0.979 
0.042 0.987 1.295 0.711 1.000 1.000 1.000 0.989 
0.049 0.990 0.602 0.844 1.000 1.000 1.000 1.000 
0.088 0.989 0.968 0.789 1.000 1.000 1.000 1.000 
0.081 0.967 0.875 0.758 1.000 1.000 0.979 0.979 
0.052 0.986 1.325 0.750 1.000 1.000 1.000 1.000 
0.055 0.974 1.340 0.680 1.000 1.000 1.000 1.000 
0.095 0.977 0.787 0.828 1.000 1.000 0.989 0.958 
0.119 0.958 1.192 0.695 0.967 0.968 0.926 0.758 
0.135 0.949 0.971 0.773 1.000 1.000 0.968 0.968 
0.095 0.968 0.985 0.797 1.000 1.000 1.000 1.000 
0.092 0.964 0.941 0.789 1.000 1.000 1.000 1.000 
0.074 0.976 0.974 0.797 1.000 1.000 1.000 0.989 
0.063 0.977 1.763 0.641 1.000 1.000 1.000 1.000 
0.065 0.982 2.247 0.609 1.000 1.000 1.000 1.000 
0.066 0.977 1.847 0.656 1.000 1.000 1.000 1.000 
0.080 0.968 1.264 0.719 1.000 1.000 1.000 1.000 
0.060 0.978 1.029 0.734 1.000 1.000 0.989 0.958 
0.057 0.990 1.171 0.742 1.000 1.000 0.989 0.968 
0.062 0.980 1.071 0.781 1.000 1.000 1.000 1.000 
0.049 0.986 0.732 0.812 1.000 1.000 1.000 0.989 
0.048 0.987 0.794 0.805 1.000 1.000 1.000 0.989 
0.045 0.986 1.112 0.812 1.000 1.000 1.000 0.979 
0.050 0.987 0.955 0.789 1.000 1.000 1.000 0.989 
0.048 0.987 0.953 0.805 1.000 1.000 0.989 0.937 
0.077 0.968 0.816 0.844 1.000 1.000 0.989 0.968 
0.106 0.978 1.066 0.797 1.000 1.000 0.979 0.916 
0.093 0.968 0.668 0.797 0.967 0.979 0.926 0.663 
0.072 0.973 2.217 0.625 1.000 1.000 1.000 1.000 
0.063 0.982 1.207 0.758 1.000 1.000 1.000 1.000 
0.046 0.985 0.878 0.828 1.000 1.000 1.000 1.000 
0.039 0.991 0.998 0.766 1.000 1.000 1.000 1.000 
0.118 0.980 0.853 0.781 1.000 1.000 1.000 1.000 
0.125 0.962 1.062 0.711 1.000 1.000 0.989 0.968 
0.098 0.966 0.714 0.781 1.000 1.000 0.979 0.895 
0.107 0.964 1.226 0.742 0.989 0.989 0.979 0.895 
0.071 0.972 1.798 0.711 1.000 1.000 1.000 0.989 
0.086 0.976 0.975 0.797 1.000 1.000 0.989 0.916 
0.103 0.964 1.426 0.617 1.000 0.989 0.968 0.916 
0.046 0.986 1.000 0.711 1.000 1.000 1.000 1.000 
0.073 0.983 0.814 0.812 1.000 1.000 1.000 1.000 
0.154 0.950 1.014 0.812 1.000 1.000 1.000 1.000 
0.154 0.943 1.708 0.711 1.000 1.000 1.000 1.000 
0.051 0.982 1.064 0.742 1.000 1.000 1.000 1.000 
0.055 0.981 0.879 0.820 1.000 1.000 0.989 0.979 
0.059 0.990 0.841 0.758 1.000 1.000 1.000 1.000 
0.081 0.974 1.716 0.695 1.000 1.000 1.000 1.000 
0.143 0.968 1.288 0.742 1.000 1.000 0.989 0.989 
0.101 0.971 0.958 0.688 1.000 1.000 1.000 0.958 
0.048 0.981 1.004 0.789 1.000 1.000 1.000 0.916 
0.036 0.989 0.941 0.742 1.000 1.000 1.000 0.905 
0.031 0.991 0.960 0.781 1.000 1.000 1.000 0.958 
0.038 0.994 0.889 0.836 1.000 1.000 0.989 0.958 
0.034 0.992 0.916 0.805 1.000 1.000 0.989 0.937 
0.072 0.983 0.892 0.766 1.000 1.000 0.989 0.937 
0.111 0.958 1.141 0.789 1.000 1.000 1.000 0.989 
0.061 0.973 0.694 0.781 1.000 1.000 1.000 0.989 
0.055 0.981 0.804 0.836 1.000 1.000 1.000 0.989 
0.062 0.981 0.884 0.789 1.000 1.000 1.000 0.989 
0.052 0.980 1.135 0.750 1.000 1.000 1.000 1.000 
0.046 0.981 0.959 0.812 1.000 1.000 0.989 0.937 
0.046 0.989 1.010 0.805 1.000 1.000 0.979 0.905 
0.035 0.992 1.109 0.805 1.000 1.000 0.968 0.853 
0.067 0.991 1.215 0.758 0.989 1.000 0.958 0.811 
0.068 0.983 1.258 0.742 1.000 1.000 1.000 0.958 
0.053 0.978 1.695 0.672 1.000 1.000 1.000 1.000 
0.059 0.985 0.863 0.820 1.000 1.000 1.000 0.989 
0.113 0.968 0.919 0.789 1.000 1.000 0.989 0.979 
0.074 0.964 0.885 0.727 0.956 0.989 0.947 0.842 
0.049 0.978 1.081 0.766 0.989 1.000 0.979 0.905 
0.091 0.982 1.138 0.727 0.989 1.000 0.958 0.895 
0.124 0.948 1.819 0.672 1.000 1.000 0.989 0.968 
0.081 0.967 1.330 0.773 1.000 1.000 1.000 1.000 
0.060 0.976 0.937 0.789 1.000 1.000 0.979 0.895 
0.073 0.985 0.708 0.812 1.000 1.000 1.000 0.968 
0.072 0.973 0.886 0.789 1.000 1.000 1.000 0.968 
0.085 0.963 0.767 0.789 0.989 1.000 0.968 0.874 
0.148 0.954 1.166 0.742 0.989 1.000 0.968 0.895 
0.149 0.959 3.925 0.578 1.000 1.000 1.000 1.000 
0.121 0.982 1.495 0.688 1.000 1.000 1.000 1.000 
0.140 0.944 1.338 0.703 1.000 1.000 1.000 1.000 
0.132 0.950 3.051 0.625 1.000 1.000 1.000 0.989 
0.176 0.946 3.428 0.508 1.000 1.000 1.000 1.000 
0.093 0.977 0.932 0.695 1.000 0.989 0.968 0.905 
0.078 0.976 1.353 0.742 1.000 1.000 1.000 1.000 
0.064 0.982 0.852 0.773 0.989 1.000 0.979 0.884 
0.106 0.978 1.025 0.727 0.934 0.958 0.895 0.663 
0.053 0.987 0.832 0.797 1.000 1.000 0.979 0.874 
0.043 0.982 0.761 0.750 1.000 1.000 0.989 0.958 
0.037 0.992 0.860 0.836 1.000 1.000 0.989 0.947 
0.028 0.995 1.086 0.781 1.000 1.000 0.989 0.947 
0.026 0.997 0.957 0.766 1.000 1.000 0.989 0.947 
0.069 0.992 0.777 0.812 1.000 1.000 1.000 0.989 
0.099 0.962 0.983 0.781 1.000 1.000 1.000 1.000 
0.074 0.973 0.984 0.773 1.000 1.000 1.000 0.947 
0.065 0.977 1.071 0.750 1.000 1.000 1.000 0.958 
0.043 0.986 0.736 0.789 1.000 1.000 0.989 0.947 
0.050 0.985 0.774 0.852 1.000 1.000 1.000 0.989 
0.040 0.991 0.897 0.773 1.000 1.000 1.000 0.989 
0.039 0.991 1.006 0.797 1.000 1.000 0.989 0.958 
0.043 0.991 1.081 0.758 1.000 1.000 0.979 0.937 
0.089 0.960 1.391 0.695 0.989 1.000 0.947 0.874 
0.064 0.976 0.987 0.766 1.000 1.000 1.000 1.000 
0.042 0.989 1.088 0.758 1.000 1.000 1.000 0.968 
0.046 0.981 1.049 0.742 1.000 1.000 1.000 1.000 
0.043 0.987 0.947 0.836 1.000 1.000 1.000 1.000 
0.054 0.985 0.984 0.797 1.000 1.000 1.000 1.000 
0.039 0.986 0.965 0.781 1.000 1.000 1.000 1.000 
0.046 0.990 0.926 0.766 1.000 1.000 1.000 0.989 
0.054 0.973 1.170 0.688 1.000 1.000 0.989 0.926 
0.047 0.987 0.910 0.734 1.000 1.000 0.989 0.947 
0.035 0.992 0.845 0.844 1.000 1.000 0.989 0.947 
0.044 0.990 1.419 0.727 1.000 1.000 0.989 0.947 
0.061 0.976 1.933 0.648 1.000 1.000 1.000 0.989 
0.039 0.987 0.876 0.805 1.000 1.000 0.989 0.905 
0.031 0.990 0.886 0.805 1.000 1.000 0.989 0.947 
0.033 0.991 0.834 0.820 1.000 1.000 0.989 0.937 
0.030 0.991 1.148 0.758 1.000 1.000 0.989 0.979 
0.046 0.985 0.904 0.766 1.000 1.000 0.989 1.000 
0.042 0.989 1.053 0.781 1.000 1.000 0.989 0.979 
0.042 0.989 1.053 0.766 1.000 1.000 0.989 0.979 
0.035 0.992 1.588 0.664 1.000 1.000 1.000 1.000 
0.053 0.983 1.008 0.789 1.000 1.000 0.989 0.958 
0.083 0.980 0.931 0.789 1.000 1.000 0.947 0.853 
0.109 0.945 1.968 0.633 1.000 1.000 1.000 1.000 
0.141 0.980 0.950 0.727 1.000 1.000 1.000 1.000 
0.087 0.966 1.246 0.680 1.000 1.000 0.989 1.000 
0.151 0.960 0.842 0.773 1.000 1.000 1.000 0.989 
0.218 0.926 1.275 0.719 1.000 1.000 1.000 1.000 
0.113 0.959 1.224 0.672 0.989 1.000 0.989 0.968 
0.110 0.971 2.108 0.586 1.000 1.000 1.000 1.000 
0.179 0.939 1.406 0.703 1.000 1.000 1.000 1.000 
0.117 0.959 0.848 0.727 0.989 1.000 0.989 0.926 
0.070 0.978 0.906 0.789 0.989 1.000 0.989 0.895 
0.036 0.991 1.091 0.742 1.000 1.000 0.989 0.968 
0.038 0.994 0.723 0.820 1.000 1.000 0.989 0.947 
0.099 0.972 0.950 0.773 1.000 1.000 0.989 0.937 
0.126 0.963 1.327 0.719 0.967 0.958 0.926 0.768 
0.164 0.948 4.108 0.531 1.000 1.000 1.000 1.000 
0.112 0.968 1.932 0.648 1.000 1.000 1.000 1.000 
0.060 0.974 2.345 0.664 1.000 1.000 1.000 1.000 
0.050 0.978 0.903 0.781 1.000 1.000 0.989 0.989 
0.051 0.982 0.965 0.727 1.000 1.000 0.979 0.937 
0.051 0.980 1.040 0.711 1.000 1.000 0.979 0.937 
0.042 0.989 0.865 0.789 1.000 1.000 1.000 0.968 
0.048 0.977 0.968 0.781 1.000 1.000 0.989 0.958 
0.044 0.987 0.847 0.844 1.000 1.000 0.989 0.842 
0.089 0.982 1.271 0.789 1.000 1.000 1.000 1.000 
0.089 0.977 1.778 0.672 1.000 1.000 1.000 1.000 
0.112 0.958 1.192 0.688 1.000 1.000 1.000 1.000 
0.140 0.963 0.774 0.781 1.000 1.000 0.989 0.968 
0.071 0.972 2.094 0.648 1.000 1.000 1.000 1.000 
0.037 0.990 1.404 0.711 1.000 1.000 1.000 1.000 
0.032 0.995 1.055 0.797 1.000 1.000 1.000 1.000 
0.030 0.990 1.049 0.805 1.000 1.000 1.000 0.989 
0.030 0.991 1.310 0.781 1.000 1.000 1.000 1.000 
0.047 0.989 0.846 0.805 1.000 1.000 0.989 0.989 
0.139 0.985 1.227 0.688 1.000 1.000 0.979 0.916 
0.176 0.957 0.612 0.773 1.000 1.000 0.989 0.926 
0.132 0.954 1.068 0.719 1.000 1.000 1.000 0.926 
0.087 0.971 1.652 0.727 0.989 0.989 0.947 0.863 
0.123 0.960 1.200 0.781 1.000 1.000 1.000 0.989 
0.203 0.935 2.033 0.602 1.000 1.000 1.000 1.000 
0.083 0.971 1.145 0.734 1.000 1.000 0.979 0.895 
0.049 0.983 0.964 0.773 1.000 1.000 0.989 0.905 
0.034 0.996 0.763 0.820 1.000 1.000 0.989 0.989 
0.028 0.994 1.196 0.758 1.000 1.000 1.000 1.000 
0.023 0.997 1.104 0.781 1.000 1.000 1.000 1.000 
0.053 0.990 1.180 0.734 1.000 1.000 1.000 1.000 
0.075 0.978 1.078 0.758 1.000 1.000 1.000 0.989 
0.046 0.985 1.006 0.766 1.000 1.000 1.000 0.979 
