0.679 0.584 0.694 0.487 0.000 0.000 0.000 0.000 
0.694 0.506 0.697 0.487 0.011 0.011 0.000 0.000 
0.687 0.547 0.696 0.487 0.000 0.000 0.000 0.000 
0.669 0.596 0.706 0.487 0.000 0.000 0.000 0.000 
0.673 0.618 0.707 0.487 0.000 0.000 0.000 0.000 
0.647 0.630 0.694 0.508 0.011 0.011 0.011 0.011 
0.635 0.663 0.752 0.487 0.000 0.000 0.011 0.000 
0.618 0.691 0.736 0.497 0.011 0.011 0.011 0.021 
0.633 0.669 0.653 0.626 0.066 0.105 0.084 0.095 
0.623 0.681 0.685 0.559 0.154 0.147 0.137 0.105 
0.580 0.704 0.722 0.544 0.066 0.053 0.042 0.074 
0.584 0.728 0.701 0.538 0.033 0.021 0.011 0.021 
0.597 0.697 0.762 0.518 0.099 0.084 0.063 0.042 
0.579 0.714 0.784 0.513 0.308 0.200 0.168 0.105 
0.608 0.710 0.957 0.492 0.011 0.021 0.000 0.032 
0.577 0.711 0.903 0.487 0.121 0.147 0.116 0.063 
0.582 0.722 0.817 0.528 0.099 0.105 0.095 0.042 
0.558 0.736 0.676 0.615 0.560 0.505 0.568 0.495 
0.558 0.716 0.690 0.626 0.593 0.558 0.642 0.547 
0.573 0.720 0.701 0.585 0.264 0.147 0.211 0.147 
0.553 0.739 1.074 0.487 0.099 0.126 0.126 0.053 
0.573 0.746 0.755 0.544 0.341 0.211 0.284 0.189 
0.558 0.732 0.637 0.646 0.505 0.484 0.495 0.389 
0.579 0.723 0.656 0.605 0.264 0.295 0.284 0.179 
0.537 0.736 0.688 0.564 0.220 0.263 0.232 0.105 
0.528 0.751 0.603 0.677 0.637 0.674 0.663 0.516 
0.540 0.748 0.644 0.636 0.495 0.411 0.432 0.295 
0.505 0.747 0.605 0.631 0.703 0.737 0.705 0.600 
0.509 0.747 0.746 0.590 0.297 0.284 0.295 0.189 
0.512 0.759 0.625 0.687 0.725 0.695 0.684 0.621 
0.526 0.759 0.883 0.508 0.000 0.032 0.011 0.021 
0.510 0.754 0.593 0.703 0.538 0.495 0.474 0.442 
0.514 0.751 0.614 0.682 0.319 0.295 0.295 0.211 
0.502 0.771 0.765 0.554 0.429 0.484 0.400 0.253 
0.509 0.752 0.695 0.610 0.495 0.453 0.463 0.305 
0.511 0.760 0.661 0.621 0.868 0.853 0.832 0.695 
0.484 0.757 0.929 0.518 0.165 0.147 0.137 0.074 
0.514 0.756 0.652 0.636 1.000 1.000 1.000 0.968 
0.606 0.760 0.597 0.687 0.187 0.147 0.179 0.137 
0.542 0.769 0.603 0.687 0.945 0.926 0.842 0.821 
0.516 0.761 0.609 0.672 0.593 0.589 0.684 0.558 
0.463 0.773 0.595 0.697 0.945 0.916 0.884 0.737 
0.524 0.762 0.599 0.703 0.681 0.695 0.716 0.632 
0.479 0.769 0.590 0.672 0.374 0.326 0.347 0.263 
0.508 0.774 0.732 0.579 0.407 0.400 0.389 0.326 
0.460 0.783 0.652 0.636 0.418 0.495 0.516 0.463 
0.501 0.783 0.649 0.687 0.703 0.758 0.811 0.747 
0.477 0.770 0.792 0.559 0.176 0.095 0.105 0.105 
0.477 0.770 1.056 0.492 0.242 0.126 0.147 0.084 
0.492 0.756 0.609 0.662 0.967 0.979 0.958 0.863 
0.536 0.780 0.660 0.610 0.363 0.263 0.305 0.316 
0.504 0.762 0.602 0.667 0.495 0.484 0.589 0.484 
0.510 0.773 0.591 0.713 0.791 0.779 0.758 0.737 
0.540 0.756 0.779 0.554 0.055 0.063 0.084 0.116 
0.510 0.745 0.791 0.564 1.000 1.000 1.000 1.000 
0.451 0.797 0.627 0.636 0.571 0.632 0.653 0.526 
0.487 0.768 0.721 0.590 0.473 0.484 0.484 0.379 
0.474 0.797 0.681 0.636 0.648 0.695 0.726 0.663 
0.483 0.785 0.604 0.692 1.000 1.000 0.989 0.968 
0.488 0.785 0.554 0.728 0.747 0.811 0.863 0.737 
0.447 0.799 0.619 0.692 0.659 0.695 0.726 0.695 
0.438 0.817 0.553 0.749 0.440 0.432 0.484 0.547 
0.499 0.780 0.553 0.708 0.538 0.600 0.611 0.537 
0.461 0.777 0.643 0.651 0.846 0.874 0.853 0.716 
0.488 0.798 0.614 0.677 0.407 0.442 0.516 0.442 
0.461 0.784 0.627 0.677 0.440 0.421 0.568 0.568 
0.448 0.796 0.542 0.749 0.879 0.926 0.926 0.832 
0.451 0.799 0.529 0.764 0.802 0.863 0.853 0.758 
0.469 0.812 0.571 0.697 0.802 0.800 0.758 0.705 
0.448 0.792 0.668 0.667 0.308 0.305 0.326 0.326 
0.494 0.782 0.606 0.667 0.703 0.695 0.747 0.684 
0.460 0.796 0.688 0.626 0.758 0.747 0.779 0.779 
0.433 0.803 0.641 0.646 0.978 0.989 0.989 0.916 
0.407 0.811 0.588 0.697 0.956 0.979 0.979 0.884 
0.401 0.816 0.625 0.687 0.791 0.779 0.779 0.705 
0.429 0.798 0.575 0.723 1.000 1.000 1.000 0.989 
0.493 0.793 0.548 0.744 0.549 0.568 0.632 0.642 
0.447 0.780 0.579 0.728 0.648 0.642 0.663 0.558 
0.471 0.805 0.630 0.677 0.242 0.211 0.284 0.316 
0.431 0.803 0.583 0.718 0.363 0.358 0.516 0.537 
0.425 0.805 0.628 0.723 0.967 0.989 0.979 0.968 
0.401 0.830 0.514 0.749 0.714 0.695 0.758 0.695 
0.440 0.812 0.871 0.631 1.000 1.000 1.000 0.989 
0.487 0.794 0.698 0.621 0.571 0.663 0.653 0.516 
0.423 0.810 0.615 0.677 0.385 0.421 0.400 0.400 
0.364 0.828 0.546 0.692 0.648 0.768 0.726 0.642 
0.427 0.817 0.731 0.672 0.989 0.989 0.968 0.947 
0.403 0.810 0.553 0.749 0.758 0.821 0.863 0.716 
0.445 0.810 0.616 0.692 0.714 0.789 0.853 0.768 
0.454 0.815 0.539 0.733 0.912 0.937 0.926 0.832 
0.414 0.805 0.519 0.744 0.956 0.968 0.979 0.874 
0.428 0.802 0.601 0.692 0.934 0.958 0.958 0.853 
0.431 0.829 0.572 0.738 0.824 0.895 0.842 0.747 
0.420 0.824 0.636 0.697 0.670 0.737 0.811 0.726 
0.377 0.829 0.632 0.667 0.967 0.989 0.989 0.958 
0.422 0.825 0.594 0.728 0.923 0.958 0.916 0.842 
0.406 0.816 0.814 0.610 0.330 0.295 0.263 0.284 
0.406 0.833 0.611 0.733 0.231 0.179 0.168 0.263 
0.394 0.842 0.525 0.769 0.736 0.832 0.853 0.674 
0.388 0.828 0.506 0.759 0.956 0.947 0.947 0.832 
0.392 0.834 0.633 0.687 0.978 1.000 0.989 0.968 
0.340 0.849 0.508 0.790 0.868 0.916 0.916 0.832 
0.390 0.829 0.570 0.749 0.868 0.884 0.926 0.800 
0.382 0.834 0.558 0.733 0.967 0.989 0.958 0.874 
0.386 0.830 0.752 0.646 0.560 0.653 0.621 0.474 
0.432 0.820 0.525 0.744 0.780 0.853 0.842 0.737 
0.416 0.831 0.517 0.779 0.473 0.558 0.474 0.600 
0.383 0.843 0.519 0.785 0.934 0.958 0.968 0.874 
0.445 0.837 0.693 0.631 0.956 0.968 0.947 0.842 
0.414 0.825 0.646 0.656 0.099 0.095 0.095 0.158 
0.416 0.825 0.609 0.723 0.989 0.979 1.000 0.958 
0.370 0.843 0.478 0.795 0.626 0.684 0.716 0.642 
0.377 0.848 0.686 0.641 0.758 0.842 0.821 0.695 
0.349 0.848 0.571 0.713 0.879 0.958 0.947 0.863 
0.387 0.853 0.554 0.749 0.484 0.653 0.663 0.537 
0.363 0.839 0.560 0.738 0.582 0.674 0.695 0.663 
0.389 0.835 0.490 0.774 0.088 0.126 0.147 0.274 
0.366 0.847 0.540 0.738 0.967 0.989 0.989 0.968 
0.358 0.837 0.548 0.744 0.824 0.884 0.884 0.789 
0.355 0.863 0.616 0.692 0.308 0.368 0.453 0.474 
0.440 0.820 0.545 0.785 0.165 0.053 0.137 0.242 
0.442 0.829 0.908 0.651 1.000 1.000 1.000 1.000 
0.362 0.833 0.502 0.764 0.956 0.979 0.947 0.895 
0.323 0.872 0.471 0.779 0.681 0.768 0.874 0.737 
0.335 0.861 0.488 0.790 0.989 0.989 0.989 0.947 
0.341 0.860 0.488 0.800 0.989 0.989 1.000 0.947 
0.335 0.871 0.529 0.738 0.791 0.853 0.884 0.705 
0.368 0.857 0.607 0.754 0.736 0.832 0.905 0.821 
0.334 0.858 0.611 0.728 0.429 0.379 0.358 0.305 
0.329 0.852 0.527 0.749 0.681 0.800 0.789 0.653 
0.414 0.867 0.571 0.713 0.780 0.853 0.842 0.737 
0.410 0.826 0.603 0.723 0.088 0.074 0.074 0.137 
0.381 0.852 0.505 0.738 0.923 0.968 0.926 0.779 
0.387 0.851 0.451 0.805 0.989 0.989 0.979 0.905 
0.321 0.857 0.506 0.821 0.978 0.979 0.958 0.905 
0.326 0.862 0.535 0.790 1.000 1.000 1.000 0.979 
0.335 0.852 0.514 0.759 0.890 0.958 0.958 0.832 
0.295 0.875 0.584 0.738 0.703 0.758 0.768 0.663 
0.315 0.877 0.537 0.764 0.780 0.821 0.884 0.821 
0.351 0.865 0.501 0.774 0.703 0.768 0.842 0.695 
0.416 0.849 0.606 0.697 0.571 0.653 0.653 0.632 
0.378 0.860 0.673 0.662 0.956 0.979 1.000 0.989 
0.392 0.848 0.628 0.728 0.791 0.842 0.832 0.695 
0.362 0.845 0.533 0.759 0.890 0.937 0.937 0.832 
0.372 0.829 0.555 0.744 0.319 0.295 0.368 0.400 
0.323 0.857 0.510 0.759 0.780 0.895 0.853 0.716 
0.350 0.867 0.548 0.769 0.956 0.968 0.958 0.926 
0.330 0.856 0.488 0.800 0.835 0.884 0.905 0.863 
0.309 0.867 0.532 0.774 0.835 0.905 0.884 0.832 
0.319 0.860 0.667 0.708 0.945 0.989 0.989 0.947 
0.309 0.858 0.511 0.764 0.637 0.726 0.663 0.516 
0.330 0.860 0.561 0.744 0.989 0.989 1.000 0.958 
0.351 0.863 0.485 0.764 0.956 0.979 0.979 0.916 
0.284 0.877 0.620 0.723 0.923 0.958 0.979 0.968 
0.303 0.867 0.509 0.759 0.824 0.863 0.926 0.789 
0.320 0.867 0.546 0.774 0.879 0.937 0.916 0.863 
0.305 0.860 0.549 0.744 0.945 0.979 0.937 0.863 
0.313 0.862 0.445 0.785 0.462 0.537 0.463 0.442 
0.289 0.880 0.525 0.795 1.000 1.000 1.000 1.000 
0.311 0.875 0.890 0.662 0.165 0.200 0.095 0.137 
0.303 0.862 0.560 0.764 0.967 0.979 0.958 0.916 
0.306 0.863 0.726 0.687 0.077 0.095 0.116 0.263 
0.284 0.877 0.501 0.764 0.604 0.684 0.705 0.674 
0.324 0.856 0.825 0.651 0.813 0.842 0.821 0.716 
0.361 0.851 0.815 0.626 0.956 0.979 0.968 0.895 
0.317 0.871 0.566 0.733 0.989 0.989 1.000 0.968 
0.311 0.866 0.556 0.790 0.989 1.000 1.000 0.979 
0.344 0.867 0.568 0.759 0.989 1.000 0.989 0.937 
0.303 0.857 0.541 0.744 0.956 0.968 0.916 0.853 
0.290 0.861 0.483 0.764 0.956 0.979 0.958 0.832 
0.351 0.870 0.552 0.749 0.989 1.000 1.000 0.989 
0.290 0.870 0.534 0.774 0.934 0.968 1.000 0.979 
0.295 0.888 0.499 0.764 0.934 0.947 0.989 0.947 
0.311 0.877 0.518 0.764 0.835 0.884 0.926 0.863 
0.353 0.847 0.675 0.687 0.659 0.726 0.695 0.568 
0.338 0.835 0.709 0.667 1.000 1.000 1.000 0.979 
0.332 0.857 0.548 0.728 1.000 1.000 1.000 0.989 
0.330 0.852 0.516 0.790 1.000 1.000 1.000 0.979 
0.349 0.857 0.544 0.779 0.967 0.989 0.989 0.916 
0.331 0.853 0.606 0.769 0.989 1.000 1.000 0.989 
0.326 0.861 0.541 0.774 0.989 0.979 1.000 0.979 
0.287 0.885 0.495 0.779 1.000 1.000 1.000 1.000 
0.271 0.899 0.472 0.795 0.978 0.989 0.979 0.947 
0.326 0.876 0.650 0.764 0.989 1.000 1.000 0.979 
0.275 0.876 0.506 0.759 0.604 0.789 0.684 0.663 
0.271 0.865 0.637 0.697 0.989 0.989 1.000 0.968 
0.278 0.888 0.508 0.769 0.945 0.989 0.989 0.895 
0.329 0.877 0.506 0.754 0.967 0.979 0.937 0.884 
0.327 0.870 0.957 0.651 1.000 1.000 1.000 1.000 
0.269 0.897 0.511 0.769 0.978 0.989 0.979 0.958 
0.256 0.883 0.573 0.774 0.967 0.979 0.989 0.958 
0.309 0.886 0.562 0.764 0.956 0.989 0.979 0.947 
0.309 0.875 0.521 0.769 0.484 0.495 0.421 0.368 
0.369 0.881 0.492 0.779 0.967 0.958 0.958 0.905 
0.367 0.871 0.583 0.785 0.989 0.989 0.989 0.958 
0.355 0.854 0.892 0.672 1.000 1.000 1.000 0.989 
0.393 0.854 0.555 0.754 0.978 0.979 0.979 0.926 
0.288 0.886 0.464 0.790 0.978 1.000 0.958 0.937 
0.331 0.871 0.559 0.728 0.967 0.968 0.958 0.895 
0.293 0.862 0.512 0.769 0.879 0.926 0.874 0.674 
0.250 0.888 0.478 0.779 1.000 1.000 1.000 0.968 
0.277 0.903 1.114 0.641 1.000 1.000 1.000 1.000 
0.300 0.867 0.499 0.764 0.571 0.705 0.600 0.516 
0.307 0.891 0.591 0.749 0.879 0.926 0.842 0.747 
0.238 0.899 0.499 0.759 0.989 0.989 0.968 0.926 
0.268 0.898 0.564 0.774 0.978 0.989 0.989 0.937 
0.272 0.902 0.438 0.810 0.967 0.989 0.989 0.926 
0.281 0.880 0.576 0.744 0.835 0.916 0.874 0.705 
0.334 0.898 0.534 0.759 0.923 0.968 0.958 0.895 
0.305 0.870 0.553 0.769 0.967 0.979 0.979 0.937 
0.309 0.889 0.538 0.764 0.978 0.979 0.947 0.905 
0.289 0.881 0.552 0.764 0.978 0.989 0.979 0.926 
0.266 0.879 0.523 0.790 1.000 1.000 1.000 0.989 
0.275 0.894 0.517 0.749 0.989 0.989 0.989 0.937 
0.247 0.895 0.571 0.785 0.978 0.989 1.000 0.968 
0.237 0.913 0.449 0.800 0.978 0.989 0.979 0.937 
0.230 0.900 0.460 0.805 0.945 0.989 0.958 0.916 
0.244 0.907 0.489 0.800 0.846 0.895 0.863 0.758 
0.282 0.894 0.458 0.810 0.868 0.926 0.937 0.853 
0.249 0.891 0.522 0.810 1.000 1.000 1.000 1.000 
0.223 0.921 0.643 0.785 1.000 1.000 1.000 1.000 
0.274 0.889 0.568 0.805 1.000 1.000 1.000 0.979 
0.281 0.888 0.976 0.697 1.000 1.000 1.000 1.000 
0.307 0.877 0.668 0.728 1.000 1.000 1.000 0.979 
0.245 0.891 0.483 0.790 0.967 0.979 0.979 0.947 
0.320 0.904 0.559 0.749 1.000 1.000 1.000 0.989 
0.293 0.876 1.457 0.590 1.000 1.000 1.000 1.000 
0.252 0.893 0.588 0.800 0.945 0.979 0.937 0.874 
0.330 0.891 0.712 0.677 0.769 0.832 0.758 0.558 
0.294 0.900 0.488 0.779 1.000 1.000 1.000 0.968 
0.239 0.895 0.462 0.790 0.967 0.989 0.989 0.926 
0.271 0.903 0.636 0.733 1.000 1.000 1.000 1.000 
0.283 0.866 0.723 0.697 0.835 0.916 0.947 0.874 
0.249 0.902 0.505 0.790 1.000 1.000 1.000 1.000 
0.221 0.902 0.437 0.790 0.989 0.989 1.000 0.989 
0.256 0.917 0.471 0.805 0.956 0.979 0.968 0.937 
0.274 0.897 1.232 0.590 1.000 1.000 1.000 0.989 
0.300 0.890 0.737 0.697 0.879 0.958 0.916 0.821 
0.242 0.894 0.533 0.785 1.000 1.000 1.000 0.968 
0.228 0.912 0.563 0.749 0.989 1.000 0.989 0.947 
0.254 0.903 0.568 0.785 0.989 1.000 0.979 0.926 
0.303 0.889 0.540 0.795 1.000 1.000 1.000 1.000 
0.343 0.854 1.127 0.600 1.000 1.000 1.000 1.000 
0.278 0.874 0.548 0.790 1.000 1.000 1.000 1.000 
0.226 0.895 0.478 0.800 0.978 0.989 0.968 0.874 
0.222 0.913 0.762 0.718 1.000 1.000 1.000 1.000 
0.234 0.890 0.622 0.790 1.000 1.000 1.000 1.000 
0.223 0.897 0.485 0.815 1.000 1.000 1.000 1.000 
0.220 0.903 0.524 0.790 1.000 1.000 0.968 0.926 
0.259 0.890 0.524 0.764 1.000 1.000 1.000 0.968 
0.238 0.904 0.531 0.769 1.000 1.000 1.000 0.989 
0.213 0.904 0.504 0.800 1.000 1.000 1.000 0.958 
0.223 0.922 0.681 0.764 1.000 1.000 1.000 1.000 
0.295 0.889 0.529 0.800 0.989 0.979 0.968 0.968 
0.251 0.894 0.549 0.805 1.000 1.000 1.000 0.989 
0.301 0.894 0.520 0.795 1.000 1.000 1.000 1.000 
0.290 0.890 0.583 0.744 0.846 0.916 0.884 0.768 
0.343 0.840 0.782 0.677 1.000 1.000 1.000 1.000 
0.235 0.913 0.540 0.774 0.989 1.000 0.979 0.947 
0.247 0.885 0.518 0.769 0.989 1.000 0.979 0.937 
0.250 0.899 0.488 0.805 1.000 1.000 1.000 1.000 
0.225 0.891 0.963 0.682 1.000 1.000 1.000 1.000 
0.220 0.904 0.712 0.754 1.000 1.000 1.000 1.000 
0.245 0.913 0.554 0.754 0.978 1.000 1.000 0.926 
0.242 0.905 0.517 0.759 0.967 0.989 0.989 0.947 
0.235 0.917 0.458 0.810 1.000 1.000 0.989 0.979 
0.236 0.913 0.498 0.800 0.934 0.979 0.979 0.968 
0.274 0.904 0.516 0.800 0.989 0.989 1.000 0.958 
0.236 0.909 0.631 0.744 1.000 1.000 1.000 1.000 
0.207 0.898 0.576 0.759 1.000 1.000 1.000 1.000 
0.273 0.911 0.778 0.749 1.000 1.000 1.000 1.000 
0.311 0.885 0.796 0.703 1.000 1.000 1.000 1.000 
0.241 0.905 0.635 0.779 0.978 0.979 0.979 0.968 
0.266 0.914 0.585 0.779 1.000 1.000 1.000 1.000 
0.276 0.913 0.902 0.728 1.000 1.000 1.000 1.000 
0.213 0.917 0.690 0.754 1.000 1.000 1.000 1.000 
0.188 0.923 0.497 0.795 0.989 1.000 0.989 0.937 
0.227 0.923 0.511 0.800 1.000 1.000 1.000 1.000 
0.237 0.903 0.530 0.764 0.989 0.989 0.979 0.947 
0.227 0.914 0.506 0.774 1.000 1.000 1.000 0.989 
0.246 0.912 0.613 0.754 1.000 1.000 1.000 1.000 
0.236 0.902 0.442 0.774 0.945 0.979 0.968 0.874 
0.281 0.911 0.562 0.759 1.000 1.000 1.000 1.000 
0.221 0.900 1.344 0.615 1.000 1.000 1.000 1.000 
0.232 0.923 0.530 0.800 1.000 1.000 1.000 0.979 
0.273 0.903 0.677 0.754 0.736 0.779 0.705 0.568 
0.243 0.905 0.519 0.769 1.000 1.000 1.000 0.947 
0.272 0.879 0.714 0.764 1.000 1.000 1.000 0.989 
0.245 0.891 0.924 0.708 0.989 0.989 1.000 0.979 
0.234 0.911 0.609 0.759 0.934 0.979 0.979 0.863 
0.198 0.909 0.520 0.769 0.989 0.989 1.000 0.937 
0.178 0.930 0.504 0.810 1.000 1.000 1.000 1.000 
0.180 0.931 0.564 0.790 1.000 1.000 1.000 1.000 
0.200 0.926 0.487 0.790 1.000 1.000 1.000 1.000 
0.176 0.932 0.497 0.774 0.989 1.000 1.000 0.979 
0.249 0.918 0.598 0.764 1.000 1.000 1.000 0.979 
0.239 0.913 0.726 0.769 1.000 1.000 1.000 1.000 
0.217 0.905 0.540 0.805 1.000 1.000 1.000 1.000 
0.287 0.895 0.457 0.800 1.000 1.000 1.000 1.000 
0.182 0.925 0.537 0.790 1.000 1.000 1.000 0.989 
0.178 0.927 0.469 0.769 1.000 1.000 1.000 0.958 
0.199 0.926 0.500 0.790 1.000 1.000 1.000 0.968 
0.319 0.886 0.946 0.708 1.000 1.000 1.000 1.000 
0.246 0.914 0.556 0.800 0.956 0.979 0.979 0.937 
0.224 0.899 0.466 0.815 0.989 1.000 1.000 0.989 
0.203 0.909 0.877 0.713 1.000 1.000 1.000 1.000 
0.200 0.923 0.589 0.779 1.000 1.000 1.000 1.000 
0.250 0.905 0.499 0.785 1.000 1.000 0.989 0.958 
0.252 0.904 0.467 0.805 1.000 1.000 1.000 0.989 
0.216 0.923 0.535 0.790 1.000 1.000 1.000 1.000 
0.208 0.912 1.006 0.692 0.857 0.884 0.916 0.947 
0.196 0.922 0.682 0.785 1.000 1.000 1.000 1.000 
0.173 0.937 0.522 0.779 1.000 1.000 1.000 1.000 
0.203 0.920 0.540 0.774 1.000 1.000 1.000 1.000 
0.170 0.945 0.672 0.738 0.791 0.874 0.768 0.558 
0.215 0.920 0.655 0.779 0.989 1.000 1.000 0.947 
0.240 0.914 0.610 0.774 0.989 1.000 0.979 0.947 
0.312 0.868 1.416 0.610 1.000 1.000 1.000 1.000 
0.271 0.897 0.782 0.703 1.000 1.000 1.000 1.000 
0.236 0.903 0.547 0.764 0.934 0.947 0.926 0.853 
0.227 0.920 0.685 0.744 1.000 1.000 1.000 1.000 
0.232 0.908 0.455 0.810 0.978 0.979 0.958 0.884 
0.259 0.891 0.643 0.769 0.989 0.989 0.989 0.958 
0.220 0.918 1.095 0.662 1.000 1.000 1.000 1.000 
0.230 0.922 0.741 0.754 1.000 1.000 1.000 1.000 
0.173 0.927 0.621 0.795 1.000 1.000 1.000 1.000 
0.165 0.927 0.555 0.805 0.989 0.989 1.000 0.989 
0.169 0.939 0.527 0.785 0.989 0.989 0.989 0.989 
0.182 0.928 0.705 0.759 1.000 1.000 1.000 1.000 
0.187 0.923 0.553 0.769 1.000 1.000 1.000 0.989 
0.172 0.931 0.583 0.779 1.000 1.000 1.000 0.968 
0.208 0.922 1.368 0.605 0.956 0.968 0.958 0.800 
0.222 0.921 0.683 0.779 1.000 1.000 1.000 0.989 
0.198 0.923 0.571 0.779 1.000 1.000 1.000 1.000 
0.186 0.925 0.636 0.769 1.000 1.000 1.000 1.000 
0.183 0.920 0.573 0.754 1.000 1.000 1.000 0.989 
0.197 0.926 0.574 0.805 1.000 1.000 1.000 0.989 
0.186 0.917 0.643 0.754 0.989 1.000 0.989 0.937 
0.199 0.932 0.663 0.759 1.000 1.000 1.000 1.000 
0.226 0.914 0.626 0.738 1.000 0.989 1.000 0.989 
0.220 0.900 0.638 0.769 1.000 1.000 1.000 0.947 
0.183 0.926 0.555 0.779 1.000 1.000 1.000 0.947 
0.170 0.936 0.592 0.779 1.000 1.000 1.000 0.968 
0.285 0.920 0.504 0.785 1.000 1.000 1.000 0.968 
0.262 0.872 0.426 0.810 1.000 1.000 1.000 1.000 
0.255 0.921 0.570 0.821 1.000 1.000 1.000 1.000 
0.214 0.922 0.844 0.708 0.967 0.979 0.958 0.853 
0.206 0.905 0.990 0.738 1.000 1.000 1.000 0.979 
0.258 0.920 0.671 0.759 0.989 0.979 1.000 0.947 
0.202 0.944 0.784 0.754 1.000 1.000 1.000 0.989 
0.275 0.909 0.631 0.754 1.000 1.000 0.989 0.947 
0.265 0.885 0.919 0.672 1.000 1.000 0.989 0.979 
0.212 0.913 0.686 0.759 1.000 1.000 1.000 0.989 
0.202 0.931 0.516 0.821 1.000 1.000 1.000 0.968 
0.196 0.916 0.473 0.785 1.000 1.000 1.000 0.979 
0.243 0.913 0.560 0.754 0.978 0.989 0.979 0.937 
0.276 0.900 1.462 0.590 1.000 1.000 1.000 1.000 
0.249 0.913 0.915 0.672 1.000 1.000 0.989 0.979 
0.224 0.923 0.583 0.795 1.000 1.000 1.000 1.000 
0.194 0.916 0.537 0.790 1.000 1.000 1.000 1.000 
0.181 0.921 0.896 0.733 1.000 1.000 1.000 1.000 
0.219 0.925 0.644 0.754 0.989 0.989 0.958 0.884 
0.328 0.879 0.925 0.692 0.923 0.863 0.874 0.674 
0.253 0.904 0.980 0.631 1.000 1.000 1.000 1.000 
0.231 0.893 0.577 0.759 1.000 1.000 0.989 0.916 
0.224 0.935 0.638 0.785 1.000 1.000 1.000 1.000 
0.314 0.889 2.075 0.564 1.000 1.000 1.000 1.000 
0.267 0.904 0.650 0.774 1.000 1.000 1.000 1.000 
0.231 0.914 0.554 0.733 1.000 1.000 0.989 0.958 
0.248 0.914 0.848 0.744 1.000 1.000 1.000 1.000 
0.194 0.925 0.496 0.764 1.000 1.000 1.000 0.979 
0.208 0.928 0.689 0.749 0.989 0.989 0.989 0.926 
0.266 0.907 0.536 0.774 0.989 1.000 1.000 0.979 
0.197 0.928 0.543 0.754 0.978 0.989 0.979 0.947 
0.170 0.931 0.708 0.713 1.000 1.000 1.000 0.968 
0.159 0.937 0.521 0.795 1.000 1.000 1.000 0.979 
0.161 0.940 0.576 0.790 1.000 1.000 1.000 0.958 
0.165 0.934 0.542 0.764 1.000 1.000 1.000 1.000 
0.180 0.934 0.599 0.774 0.901 0.958 0.905 0.653 
0.197 0.909 0.837 0.713 1.000 1.000 1.000 0.979 
0.179 0.918 0.667 0.733 1.000 1.000 1.000 1.000 
0.187 0.920 1.098 0.677 1.000 1.000 1.000 1.000 
0.183 0.940 0.653 0.790 1.000 1.000 1.000 1.000 
0.223 0.902 0.622 0.744 1.000 1.000 1.000 1.000 
0.191 0.914 0.752 0.769 1.000 1.000 1.000 1.000 
0.168 0.935 0.486 0.815 1.000 1.000 1.000 1.000 
0.178 0.928 0.612 0.779 0.989 0.989 0.989 0.958 
0.214 0.912 0.684 0.713 0.978 0.989 0.968 0.884 
0.191 0.936 0.985 0.738 1.000 1.000 1.000 1.000 
0.231 0.900 1.058 0.687 1.000 1.000 1.000 1.000 
0.200 0.923 1.046 0.677 1.000 1.000 1.000 1.000 
0.170 0.948 0.780 0.713 1.000 1.000 0.989 0.989 
0.191 0.936 0.586 0.759 1.000 1.000 0.979 0.958 
0.185 0.936 0.705 0.733 0.989 0.989 0.979 0.937 
0.250 0.894 0.679 0.774 1.000 1.000 0.989 0.958 
0.218 0.923 0.575 0.779 1.000 1.000 1.000 0.947 
0.172 0.931 0.621 0.774 0.989 0.989 0.989 0.937 
0.147 0.939 0.570 0.764 1.000 1.000 1.000 1.000 
0.157 0.944 0.797 0.764 1.000 1.000 1.000 0.989 
0.162 0.949 0.802 0.759 1.000 1.000 1.000 0.979 
0.192 0.931 0.653 0.764 1.000 1.000 1.000 1.000 
0.174 0.928 0.757 0.738 1.000 1.000 0.989 0.947 
0.229 0.902 0.849 0.733 1.000 1.000 1.000 1.000 
0.180 0.917 0.663 0.769 1.000 1.000 1.000 1.000 
0.153 0.935 0.991 0.733 1.000 1.000 1.000 1.000 
0.153 0.935 0.992 0.733 1.000 1.000 1.000 1.000 
0.137 0.944 0.508 0.800 1.000 1.000 1.000 0.989 
0.163 0.940 0.647 0.785 1.000 1.000 1.000 1.000 
0.192 0.936 0.714 0.713 1.000 1.000 0.979 0.958 
0.237 0.928 0.554 0.800 1.000 1.000 1.000 1.000 
0.226 0.912 0.800 0.744 0.978 1.000 0.979 0.874 
0.171 0.920 0.625 0.769 1.000 1.000 1.000 1.000 
0.190 0.931 0.602 0.790 1.000 1.000 1.000 1.000 
0.186 0.918 0.835 0.744 1.000 1.000 0.989 0.958 
0.159 0.944 0.635 0.779 1.000 1.000 1.000 0.968 
0.147 0.931 0.807 0.749 1.000 1.000 1.000 1.000 
0.170 0.939 0.595 0.744 0.978 1.000 0.989 0.916 
0.223 0.900 0.731 0.754 1.000 1.000 0.979 0.884 
0.136 0.946 0.792 0.769 1.000 1.000 1.000 1.000 
0.112 0.964 0.573 0.790 1.000 1.000 1.000 1.000 
0.146 0.953 0.639 0.754 1.000 1.000 1.000 1.000 
0.196 0.939 0.676 0.759 1.000 1.000 1.000 1.000 
0.227 0.920 0.813 0.779 1.000 1.000 1.000 1.000 
0.190 0.927 0.589 0.759 1.000 1.000 1.000 1.000 
0.140 0.946 0.564 0.795 1.000 1.000 1.000 1.000 
0.157 0.945 0.524 0.805 1.000 1.000 0.989 0.958 
0.138 0.939 0.588 0.738 1.000 1.000 1.000 0.979 
0.116 0.954 0.569 0.790 1.000 1.000 0.989 0.947 
0.111 0.957 0.551 0.800 1.000 1.000 1.000 1.000 
0.113 0.955 0.652 0.759 1.000 1.000 1.000 0.989 
0.141 0.960 0.776 0.759 1.000 1.000 1.000 1.000 
0.156 0.945 0.786 0.759 1.000 1.000 1.000 0.989 
0.197 0.935 0.596 0.779 1.000 1.000 1.000 1.000 
0.140 0.948 0.577 0.800 0.967 0.979 0.937 0.895 
0.142 0.948 0.629 0.754 1.000 1.000 0.989 0.989 
0.171 0.946 0.661 0.785 0.989 1.000 0.989 0.958 
0.207 0.931 0.868 0.749 0.978 0.979 0.989 0.884 
0.139 0.936 0.642 0.769 0.978 0.979 0.947 0.905 
0.122 0.953 0.703 0.769 1.000 1.000 1.000 1.000 
0.120 0.953 0.758 0.733 0.978 0.989 0.979 0.937 
0.123 0.949 0.611 0.749 1.000 1.000 0.989 0.968 
0.113 0.949 0.976 0.713 1.000 1.000 1.000 1.000 
0.110 0.963 0.635 0.800 1.000 1.000 1.000 0.989 
0.119 0.957 0.669 0.769 1.000 1.000 1.000 0.979 
0.145 0.954 0.562 0.779 0.989 1.000 0.989 0.926 
0.136 0.941 0.565 0.810 0.934 0.979 0.958 0.821 
0.143 0.964 0.593 0.769 1.000 1.000 0.989 0.947 
0.130 0.951 0.605 0.774 1.000 1.000 1.000 0.968 
0.118 0.954 0.628 0.779 1.000 1.000 1.000 0.979 
0.115 0.969 0.629 0.785 1.000 1.000 1.000 1.000 
0.118 0.957 0.534 0.779 1.000 1.000 1.000 0.937 
0.154 0.946 0.754 0.779 1.000 1.000 1.000 1.000 
0.147 0.928 0.803 0.738 0.989 1.000 0.989 0.937 
0.169 0.934 0.672 0.774 0.989 0.989 0.958 0.937 
0.101 0.958 0.769 0.764 1.000 1.000 1.000 1.000 
0.134 0.963 0.685 0.800 1.000 1.000 1.000 1.000 
0.285 0.913 0.957 0.738 1.000 1.000 0.989 0.989 
0.290 0.897 1.387 0.677 1.000 1.000 1.000 1.000 
0.193 0.920 0.851 0.697 1.000 1.000 1.000 1.000 
0.155 0.954 0.632 0.769 1.000 1.000 1.000 0.979 
0.135 0.950 0.731 0.759 1.000 1.000 1.000 1.000 
0.113 0.951 0.713 0.764 1.000 1.000 0.979 0.926 
0.115 0.954 0.758 0.759 1.000 1.000 0.989 0.968 
0.107 0.959 0.642 0.815 1.000 1.000 1.000 1.000 
0.125 0.959 0.734 0.769 0.978 0.989 0.947 0.884 
0.174 0.948 0.918 0.764 0.967 0.979 0.947 0.863 
0.191 0.921 0.571 0.754 0.989 1.000 0.989 0.968 
0.159 0.954 0.843 0.703 1.000 1.000 1.000 1.000 
0.189 0.930 0.762 0.733 1.000 1.000 1.000 0.989 
0.173 0.918 0.880 0.733 1.000 1.000 1.000 1.000 
0.129 0.950 0.535 0.795 1.000 1.000 1.000 0.947 
0.150 0.937 0.622 0.805 1.000 1.000 1.000 1.000 
0.232 0.917 1.505 0.656 1.000 1.000 1.000 1.000 
0.158 0.928 0.691 0.785 1.000 1.000 1.000 1.000 
0.130 0.943 0.639 0.790 1.000 1.000 1.000 1.000 
0.156 0.953 0.720 0.764 1.000 1.000 1.000 1.000 
0.165 0.941 0.827 0.708 0.978 1.000 0.958 0.895 
0.148 0.962 0.741 0.764 1.000 1.000 1.000 1.000 
0.231 0.918 0.811 0.754 0.989 0.989 0.979 0.947 
0.152 0.932 0.748 0.790 1.000 1.000 0.979 0.958 
0.136 0.950 0.986 0.728 1.000 1.000 1.000 1.000 
0.096 0.966 0.790 0.769 1.000 1.000 1.000 1.000 
0.125 0.964 0.673 0.785 1.000 1.000 1.000 0.979 
0.208 0.922 0.908 0.733 1.000 1.000 0.968 0.916 
0.153 0.931 0.738 0.785 1.000 1.000 1.000 1.000 
0.144 0.944 0.711 0.738 1.000 1.000 1.000 1.000 
0.126 0.953 0.618 0.785 1.000 1.000 1.000 0.989 
0.101 0.963 1.099 0.708 1.000 1.000 1.000 0.989 
0.122 0.960 0.899 0.749 1.000 1.000 1.000 1.000 
0.141 0.967 0.606 0.800 1.000 1.000 1.000 1.000 
0.384 0.893 1.710 0.651 1.000 1.000 1.000 1.000 
0.334 0.885 2.308 0.574 1.000 1.000 1.000 1.000 
0.174 0.932 1.131 0.667 1.000 1.000 1.000 0.989 
0.224 0.930 0.634 0.795 1.000 1.000 1.000 1.000 
0.157 0.936 0.693 0.754 1.000 1.000 1.000 0.989 
0.113 0.955 0.620 0.759 1.000 1.000 1.000 1.000 
0.117 0.954 0.620 0.810 1.000 1.000 0.989 0.947 
0.114 0.953 0.836 0.744 0.989 0.968 0.968 0.884 
0.158 0.950 0.659 0.779 1.000 1.000 1.000 0.968 
0.109 0.955 0.659 0.764 1.000 1.000 1.000 0.979 
0.124 0.945 0.742 0.785 1.000 1.000 1.000 1.000 
0.116 0.964 0.627 0.795 1.000 1.000 1.000 0.979 
0.153 0.943 0.661 0.774 1.000 1.000 1.000 1.000 
0.147 0.945 0.926 0.774 1.000 1.000 1.000 1.000 
0.126 0.958 0.863 0.754 1.000 1.000 1.000 1.000 
0.128 0.963 0.687 0.769 1.000 1.000 1.000 1.000 
0.193 0.945 0.653 0.774 1.000 1.000 0.989 0.958 
0.129 0.953 0.830 0.738 0.989 0.989 0.968 0.937 
0.115 0.954 0.615 0.764 1.000 1.000 0.989 0.968 
0.126 0.954 0.738 0.774 1.000 0.989 0.968 0.958 
0.123 0.958 0.824 0.790 1.000 1.000 1.000 0.958 
0.204 0.917 0.878 0.744 1.000 1.000 1.000 1.000 
0.121 0.951 0.585 0.790 1.000 1.000 1.000 1.000 
0.119 0.960 0.738 0.790 0.989 0.989 0.968 0.926 
0.158 0.941 1.042 0.738 1.000 1.000 1.000 1.000 
0.157 0.944 0.696 0.764 0.978 0.979 0.947 0.842 
0.136 0.948 0.746 0.754 1.000 1.000 1.000 0.979 
0.200 0.917 0.785 0.764 1.000 1.000 1.000 1.000 
0.190 0.943 1.505 0.646 1.000 1.000 1.000 1.000 
0.152 0.941 1.737 0.610 1.000 1.000 1.000 1.000 
0.131 0.946 0.922 0.759 1.000 1.000 1.000 1.000 
0.116 0.958 0.916 0.759 1.000 1.000 1.000 1.000 
0.135 0.954 0.678 0.800 1.000 1.000 1.000 1.000 
0.149 0.941 0.688 0.764 1.000 1.000 1.000 1.000 
0.169 0.946 0.873 0.744 1.000 1.000 1.000 0.989 
0.168 0.936 0.620 0.795 1.000 1.000 1.000 0.947 
0.150 0.951 0.717 0.749 1.000 1.000 0.989 0.968 
0.132 0.943 0.737 0.774 1.000 1.000 1.000 0.947 
0.081 0.974 0.905 0.749 1.000 1.000 1.000 1.000 
0.126 0.977 0.757 0.754 1.000 1.000 1.000 1.000 
0.215 0.930 0.719 0.764 0.989 0.989 0.968 0.937 
0.256 0.900 0.743 0.749 1.000 1.000 1.000 1.000 
0.223 0.911 0.700 0.769 1.000 1.000 1.000 1.000 
0.121 0.953 0.863 0.733 1.000 1.000 1.000 0.947 
0.101 0.963 1.042 0.723 1.000 1.000 1.000 1.000 
0.164 0.964 0.936 0.708 0.978 0.989 0.968 0.811 
0.185 0.934 0.735 0.764 1.000 1.000 1.000 1.000 
0.183 0.931 1.040 0.697 1.000 1.000 0.989 0.958 
0.178 0.939 0.648 0.800 1.000 1.000 1.000 1.000 
0.158 0.939 0.755 0.785 1.000 1.000 1.000 1.000 
0.131 0.943 1.005 0.728 1.000 1.000 1.000 1.000 
0.138 0.964 0.942 0.764 1.000 1.000 0.989 0.979 
0.109 0.958 0.796 0.754 1.000 1.000 1.000 0.989 
0.119 0.972 0.586 0.805 1.000 1.000 1.000 1.000 
0.132 0.948 0.745 0.764 0.989 0.989 0.958 0.926 
0.147 0.941 0.628 0.764 1.000 1.000 1.000 0.979 
0.155 0.944 0.895 0.738 1.000 1.000 0.979 0.979 
0.129 0.949 0.919 0.769 1.000 1.000 1.000 0.947 
0.145 0.953 0.917 0.744 1.000 1.000 1.000 1.000 
0.207 0.937 0.635 0.790 1.000 1.000 1.000 1.000 
0.269 0.909 0.843 0.738 1.000 1.000 1.000 0.989 
0.242 0.916 0.694 0.769 1.000 1.000 1.000 1.000 
0.243 0.936 0.772 0.744 0.989 1.000 0.979 0.958 
0.217 0.904 0.726 0.728 1.000 1.000 0.989 0.968 
0.122 0.953 0.808 0.769 1.000 1.000 1.000 1.000 
0.153 0.954 0.783 0.774 1.000 1.000 1.000 1.000 
0.149 0.940 1.015 0.713 1.000 1.000 1.000 1.000 
0.115 0.948 0.760 0.728 0.989 0.989 0.958 0.947 
0.101 0.964 0.942 0.713 0.989 0.989 0.958 0.895 
0.132 0.963 0.690 0.779 1.000 1.000 0.989 1.000 
0.093 0.959 0.648 0.764 1.000 1.000 1.000 1.000 
0.126 0.967 0.818 0.738 1.000 1.000 1.000 1.000 
0.183 0.943 0.740 0.764 1.000 1.000 1.000 1.000 
0.171 0.948 0.757 0.708 1.000 1.000 1.000 1.000 
0.133 0.953 0.657 0.774 1.000 1.000 1.000 0.979 
0.118 0.953 0.692 0.795 1.000 1.000 1.000 0.947 
0.169 0.940 1.034 0.764 1.000 1.000 1.000 0.979 
0.256 0.899 0.976 0.718 1.000 1.000 1.000 1.000 
0.144 0.950 0.825 0.749 1.000 1.000 1.000 1.000 
0.170 0.944 0.888 0.754 1.000 1.000 1.000 1.000 
0.169 0.940 0.715 0.795 0.681 0.758 0.726 0.600 
0.134 0.953 0.651 0.800 1.000 1.000 1.000 0.989 
0.091 0.967 0.619 0.785 1.000 1.000 1.000 1.000 
0.079 0.969 0.697 0.831 1.000 1.000 0.989 0.937 
0.092 0.973 0.569 0.805 1.000 1.000 1.000 1.000 
0.102 0.967 0.741 0.774 1.000 1.000 1.000 0.989 
0.104 0.953 0.804 0.754 1.000 1.000 1.000 0.958 
0.099 0.967 0.954 0.754 1.000 1.000 1.000 1.000 
0.143 0.972 1.214 0.749 1.000 1.000 1.000 1.000 
0.145 0.945 2.499 0.621 1.000 1.000 1.000 1.000 
0.110 0.962 1.196 0.733 1.000 1.000 1.000 1.000 
0.094 0.968 0.642 0.785 1.000 1.000 1.000 0.989 
0.082 0.972 0.698 0.821 1.000 1.000 1.000 1.000 
0.142 0.958 0.765 0.779 1.000 1.000 1.000 1.000 
0.141 0.939 0.831 0.831 1.000 1.000 1.000 0.979 
0.148 0.959 1.197 0.667 0.978 0.979 0.947 0.832 
0.208 0.931 1.896 0.579 1.000 1.000 1.000 0.989 
0.223 0.914 1.975 0.585 1.000 1.000 1.000 1.000 
0.153 0.949 0.684 0.779 1.000 1.000 1.000 1.000 
0.091 0.963 0.768 0.764 1.000 1.000 1.000 1.000 
0.087 0.976 0.579 0.815 1.000 1.000 1.000 1.000 
0.113 0.966 0.936 0.728 1.000 1.000 1.000 1.000 
0.126 0.948 1.398 0.687 1.000 1.000 1.000 1.000 
0.183 0.935 1.095 0.697 1.000 1.000 1.000 1.000 
0.127 0.935 0.790 0.810 1.000 1.000 1.000 1.000 
0.104 0.958 0.873 0.810 1.000 1.000 1.000 1.000 
0.125 0.951 0.773 0.764 1.000 1.000 0.989 0.947 
0.123 0.950 0.727 0.779 1.000 1.000 1.000 0.989 
0.103 0.958 0.848 0.769 1.000 1.000 1.000 1.000 
0.091 0.967 0.934 0.759 1.000 1.000 1.000 1.000 
0.081 0.974 0.882 0.754 1.000 1.000 1.000 1.000 
0.087 0.971 0.714 0.790 1.000 1.000 1.000 1.000 
0.094 0.978 0.578 0.810 1.000 1.000 1.000 1.000 
0.131 0.963 0.823 0.759 1.000 1.000 1.000 1.000 
0.121 0.954 0.784 0.779 1.000 1.000 0.979 0.947 
0.149 0.931 0.673 0.774 1.000 1.000 1.000 1.000 
0.133 0.954 0.828 0.779 1.000 1.000 1.000 1.000 
0.148 0.945 0.841 0.723 1.000 1.000 0.979 0.937 
0.145 0.953 0.807 0.754 0.989 1.000 0.979 0.916 
0.173 0.939 0.709 0.790 1.000 1.000 1.000 0.968 
0.241 0.916 0.845 0.718 1.000 1.000 1.000 1.000 
0.356 0.897 1.289 0.677 0.857 0.863 0.758 0.632 
0.157 0.943 1.018 0.749 0.956 0.958 0.937 0.758 
0.113 0.969 0.664 0.795 1.000 1.000 1.000 0.979 
0.097 0.967 0.764 0.785 1.000 1.000 1.000 1.000 
0.087 0.972 0.892 0.764 1.000 1.000 1.000 1.000 
0.068 0.973 0.773 0.790 1.000 1.000 1.000 0.979 
0.089 0.973 0.752 0.779 1.000 1.000 1.000 1.000 
0.159 0.941 1.931 0.651 1.000 1.000 1.000 1.000 
0.134 0.958 0.842 0.805 1.000 1.000 1.000 1.000 
0.160 0.930 0.623 0.795 1.000 1.000 1.000 1.000 
0.108 0.967 0.764 0.779 1.000 1.000 1.000 1.000 
0.160 0.945 0.757 0.790 1.000 1.000 1.000 0.968 
0.124 0.962 0.802 0.779 1.000 1.000 0.989 0.968 
0.128 0.941 0.764 0.790 1.000 1.000 1.000 1.000 
0.109 0.963 0.811 0.790 1.000 1.000 0.989 0.947 
0.208 0.934 0.911 0.754 1.000 1.000 1.000 1.000 
0.141 0.967 0.749 0.764 1.000 1.000 1.000 1.000 
0.196 0.937 1.167 0.697 1.000 1.000 1.000 1.000 
0.223 0.930 1.064 0.677 0.967 0.958 0.926 0.874 
0.216 0.937 0.840 0.754 0.989 0.989 0.989 0.947 
0.166 0.957 1.443 0.662 1.000 1.000 1.000 1.000 
0.106 0.954 2.452 0.564 1.000 1.000 1.000 1.000 
0.092 0.976 0.913 0.774 1.000 1.000 1.000 1.000 
0.104 0.960 0.895 0.749 1.000 1.000 1.000 1.000 
0.107 0.966 0.713 0.815 1.000 1.000 1.000 1.000 
0.102 0.959 0.614 0.790 1.000 1.000 1.000 1.000 
0.117 0.969 0.666 0.779 1.000 1.000 1.000 1.000 
0.146 0.940 1.105 0.723 1.000 1.000 0.968 0.968 
0.111 0.954 0.718 0.744 1.000 1.000 1.000 1.000 
0.096 0.972 0.724 0.779 1.000 1.000 0.979 0.979 
0.159 0.962 0.764 0.759 0.989 0.989 0.958 0.905 
0.205 0.926 1.168 0.723 1.000 1.000 1.000 1.000 
0.191 0.950 0.760 0.821 1.000 1.000 1.000 0.989 
0.181 0.941 0.788 0.779 0.945 0.958 0.937 0.768 
0.095 0.968 0.720 0.795 1.000 1.000 1.000 1.000 
0.114 0.967 0.952 0.749 1.000 1.000 1.000 1.000 
0.205 0.932 0.914 0.738 1.000 1.000 1.000 1.000 
0.218 0.946 0.826 0.754 1.000 1.000 1.000 1.000 
0.289 0.907 1.151 0.718 1.000 1.000 0.989 0.968 
0.208 0.913 0.748 0.738 1.000 1.000 0.989 0.947 
0.213 0.945 0.897 0.749 1.000 1.000 1.000 0.979 
0.139 0.955 0.724 0.790 0.846 0.853 0.884 0.758 
0.138 0.959 0.660 0.790 0.978 0.989 1.000 0.979 
0.131 0.953 0.788 0.779 1.000 1.000 1.000 1.000 
0.115 0.955 0.658 0.810 1.000 0.989 0.979 0.947 
0.101 0.957 0.861 0.785 1.000 1.000 1.000 1.000 
0.114 0.951 0.657 0.774 1.000 1.000 1.000 1.000 
0.101 0.960 0.852 0.774 1.000 1.000 1.000 1.000 
0.075 0.973 0.714 0.805 1.000 1.000 1.000 1.000 
0.086 0.959 0.812 0.815 1.000 1.000 1.000 1.000 
0.060 0.986 0.582 0.826 1.000 1.000 1.000 1.000 
0.061 0.973 0.811 0.774 1.000 1.000 1.000 1.000 
0.074 0.974 0.621 0.815 1.000 1.000 1.000 0.989 
0.114 0.957 0.743 0.800 1.000 1.000 1.000 1.000 
0.185 0.951 0.645 0.800 1.000 1.000 1.000 1.000 
0.141 0.951 0.653 0.764 0.989 0.989 0.968 0.937 
0.108 0.960 0.851 0.769 1.000 1.000 0.989 0.947 
0.119 0.962 0.789 0.774 1.000 1.000 1.000 1.000 
0.123 0.936 0.712 0.764 0.945 0.968 0.905 0.842 
0.100 0.972 0.605 0.800 1.000 1.000 1.000 1.000 
0.104 0.954 0.906 0.805 1.000 1.000 0.989 0.968 
0.110 0.951 0.837 0.821 1.000 1.000 0.979 0.926 
0.127 0.962 0.856 0.774 1.000 1.000 1.000 1.000 
0.083 0.968 0.719 0.810 1.000 1.000 1.000 1.000 
0.082 0.974 0.721 0.831 1.000 1.000 1.000 0.979 
0.097 0.974 0.743 0.774 1.000 1.000 0.989 0.968 
0.098 0.977 0.733 0.795 1.000 1.000 1.000 0.989 
0.116 0.958 0.936 0.769 1.000 1.000 1.000 1.000 
0.136 0.968 0.945 0.785 1.000 1.000 1.000 1.000 
0.173 0.955 0.827 0.779 1.000 1.000 1.000 1.000 
0.110 0.954 1.153 0.718 1.000 1.000 1.000 0.989 
0.108 0.957 1.070 0.713 1.000 1.000 1.000 1.000 
0.124 0.963 1.382 0.677 1.000 1.000 1.000 1.000 
0.146 0.931 1.193 0.708 1.000 1.000 1.000 0.979 
0.128 0.959 0.900 0.759 1.000 1.000 1.000 0.989 
0.142 0.950 0.926 0.733 1.000 1.000 1.000 0.989 
0.116 0.964 0.761 0.728 1.000 1.000 0.989 0.916 
0.141 0.955 1.159 0.733 0.967 0.958 0.947 0.905 
0.196 0.918 1.435 0.744 1.000 0.989 0.989 0.916 
0.107 0.950 0.685 0.795 0.989 0.989 0.989 0.905 
0.115 0.959 0.622 0.821 1.000 1.000 1.000 0.979 
0.160 0.943 1.604 0.662 1.000 1.000 0.989 1.000 
0.176 0.941 0.887 0.759 1.000 1.000 1.000 1.000 
0.171 0.935 0.987 0.769 1.000 1.000 0.989 0.937 
0.146 0.962 0.971 0.774 1.000 1.000 1.000 1.000 
0.234 0.918 1.040 0.749 1.000 1.000 1.000 1.000 
0.176 0.931 0.836 0.785 1.000 1.000 1.000 1.000 
0.088 0.971 0.775 0.769 1.000 1.000 1.000 1.000 
0.092 0.977 0.772 0.769 1.000 1.000 1.000 1.000 
0.093 0.968 0.834 0.759 1.000 1.000 1.000 1.000 
0.061 0.977 0.822 0.779 1.000 1.000 1.000 0.989 
0.053 0.981 0.807 0.795 0.978 0.989 0.968 0.884 
0.121 0.983 0.655 0.774 1.000 1.000 1.000 0.989 
0.171 0.959 0.923 0.744 1.000 1.000 1.000 1.000 
0.147 0.941 0.798 0.733 0.901 0.958 0.905 0.821 
0.153 0.940 0.966 0.759 0.923 0.916 0.905 0.842 
0.074 0.969 0.910 0.785 1.000 1.000 1.000 1.000 
0.060 0.972 0.690 0.774 1.000 1.000 1.000 1.000 
0.064 0.977 0.707 0.810 1.000 1.000 1.000 1.000 
0.160 0.978 0.675 0.769 1.000 1.000 1.000 1.000 
0.277 0.913 0.701 0.795 1.000 1.000 1.000 0.979 
0.177 0.935 0.779 0.790 1.000 1.000 1.000 1.000 
0.166 0.940 0.649 0.795 1.000 1.000 1.000 1.000 
0.158 0.944 1.558 0.682 1.000 1.000 1.000 1.000 
0.156 0.953 0.888 0.785 1.000 1.000 1.000 1.000 
0.249 0.940 1.527 0.636 1.000 1.000 1.000 1.000 
0.152 0.948 0.892 0.754 1.000 1.000 1.000 1.000 
0.097 0.963 0.681 0.764 1.000 1.000 1.000 1.000 
0.099 0.966 0.796 0.759 1.000 1.000 1.000 0.979 
0.103 0.959 0.916 0.738 1.000 1.000 0.989 0.968 
0.092 0.959 0.826 0.769 1.000 1.000 1.000 0.979 
0.061 0.974 0.841 0.785 1.000 1.000 1.000 1.000 
0.054 0.985 0.793 0.769 1.000 1.000 1.000 0.989 
0.055 0.976 0.802 0.785 1.000 1.000 1.000 0.979 
0.063 0.980 0.774 0.815 1.000 1.000 1.000 1.000 
0.083 0.971 0.805 0.759 1.000 1.000 0.979 0.905 
0.104 0.960 0.875 0.769 1.000 1.000 0.989 0.968 
0.100 0.968 0.989 0.774 1.000 1.000 1.000 1.000 
0.066 0.972 0.790 0.769 1.000 1.000 1.000 1.000 
0.074 0.978 0.860 0.744 1.000 1.000 1.000 0.979 
0.197 0.949 1.846 0.646 1.000 1.000 1.000 1.000 
0.157 0.946 1.193 0.738 1.000 1.000 1.000 1.000 
0.084 0.960 0.798 0.800 1.000 1.000 1.000 1.000 
0.066 0.974 0.711 0.805 1.000 1.000 1.000 1.000 
0.054 0.981 0.754 0.805 1.000 1.000 1.000 1.000 
0.063 0.980 0.702 0.774 1.000 1.000 1.000 1.000 
0.072 0.976 0.942 0.723 1.000 1.000 0.989 0.958 
0.063 0.987 0.839 0.759 1.000 1.000 1.000 1.000 
0.091 0.976 0.698 0.785 1.000 1.000 1.000 1.000 
0.086 0.978 0.869 0.779 1.000 1.000 1.000 1.000 
0.096 0.968 0.793 0.810 1.000 1.000 1.000 1.000 
0.076 0.971 1.420 0.728 1.000 1.000 1.000 0.989 
0.095 0.968 1.094 0.749 1.000 1.000 1.000 1.000 
0.097 0.959 0.746 0.785 1.000 1.000 1.000 0.989 
0.082 0.985 0.775 0.749 1.000 1.000 1.000 0.958 
0.120 0.953 0.757 0.790 1.000 1.000 1.000 1.000 
0.148 0.955 0.834 0.774 1.000 1.000 0.989 0.958 
0.173 0.949 0.925 0.764 1.000 1.000 1.000 0.979 
0.238 0.939 0.833 0.733 1.000 1.000 1.000 0.989 
0.163 0.948 0.726 0.774 1.000 1.000 1.000 1.000 
0.128 0.959 1.245 0.733 1.000 1.000 1.000 1.000 
0.188 0.959 0.834 0.764 1.000 1.000 1.000 0.979 
0.100 0.972 0.812 0.733 1.000 1.000 0.979 0.895 
0.107 0.973 0.897 0.785 1.000 1.000 1.000 0.958 
0.080 0.972 0.888 0.800 1.000 1.000 1.000 1.000 
0.097 0.971 0.643 0.785 1.000 1.000 1.000 1.000 
0.076 0.977 0.717 0.759 1.000 1.000 1.000 1.000 
0.056 0.985 0.710 0.769 1.000 1.000 1.000 1.000 
0.074 0.978 0.657 0.790 1.000 1.000 1.000 1.000 
0.077 0.968 0.916 0.759 1.000 1.000 1.000 1.000 
0.104 0.958 0.763 0.779 1.000 1.000 1.000 1.000 
0.091 0.971 0.671 0.785 1.000 1.000 1.000 1.000 
0.090 0.964 0.749 0.795 0.989 0.989 0.979 0.947 
0.061 0.982 0.895 0.785 1.000 1.000 1.000 0.989 
0.074 0.986 0.945 0.733 1.000 1.000 0.989 0.958 
0.098 0.963 1.028 0.723 1.000 1.000 0.979 0.958 
0.162 0.958 1.124 0.749 1.000 1.000 0.989 0.968 
0.338 0.916 0.885 0.723 1.000 1.000 0.989 0.968 
0.307 0.877 0.693 0.749 1.000 1.000 1.000 1.000 
0.138 0.937 0.771 0.764 1.000 1.000 1.000 1.000 
0.118 0.960 0.723 0.769 1.000 1.000 1.000 1.000 
0.111 0.958 0.713 0.749 1.000 1.000 1.000 1.000 
0.103 0.959 0.672 0.779 1.000 1.000 1.000 1.000 
0.132 0.950 0.977 0.738 1.000 1.000 1.000 1.000 
0.247 0.950 0.985 0.774 1.000 1.000 1.000 0.989 
0.245 0.914 1.132 0.687 1.000 1.000 1.000 1.000 
0.172 0.923 1.042 0.759 1.000 1.000 1.000 1.000 
0.139 0.960 0.682 0.800 1.000 1.000 0.979 0.979 
0.152 0.950 0.750 0.785 1.000 1.000 0.979 0.937 
0.132 0.944 0.905 0.749 1.000 1.000 1.000 1.000 
0.086 0.974 1.221 0.697 1.000 1.000 1.000 1.000 
0.068 0.973 0.962 0.774 1.000 1.000 1.000 1.000 
0.057 0.977 0.741 0.795 1.000 1.000 1.000 1.000 
0.050 0.983 0.668 0.815 1.000 1.000 1.000 0.989 
0.056 0.983 0.750 0.800 1.000 1.000 1.000 0.979 
0.050 0.982 0.736 0.815 1.000 1.000 1.000 1.000 
0.057 0.982 0.768 0.810 1.000 1.000 1.000 1.000 
0.054 0.990 0.821 0.800 1.000 1.000 1.000 1.000 
0.084 0.977 0.743 0.810 1.000 1.000 1.000 1.000 
0.071 0.982 0.878 0.795 1.000 1.000 1.000 1.000 
0.116 0.959 1.106 0.764 1.000 1.000 1.000 1.000 
0.116 0.968 1.039 0.744 1.000 1.000 1.000 1.000 
0.053 0.980 0.752 0.810 1.000 1.000 1.000 1.000 
0.075 0.985 0.749 0.805 1.000 1.000 1.000 0.989 
0.063 0.983 0.857 0.805 1.000 1.000 1.000 1.000 
0.089 0.973 0.965 0.749 1.000 1.000 1.000 1.000 
0.080 0.973 0.786 0.815 1.000 1.000 1.000 1.000 
0.086 0.966 1.114 0.703 1.000 1.000 0.989 0.947 
0.099 0.974 0.873 0.790 1.000 1.000 1.000 1.000 
0.091 0.955 0.760 0.810 1.000 1.000 1.000 1.000 
0.065 0.981 0.808 0.800 1.000 1.000 1.000 0.989 
0.110 0.974 0.963 0.785 1.000 1.000 1.000 1.000 
0.160 0.946 0.914 0.749 1.000 1.000 0.979 0.937 
0.094 0.960 1.141 0.759 1.000 1.000 1.000 0.989 
0.049 0.983 0.836 0.805 1.000 1.000 1.000 1.000 
0.041 0.992 0.745 0.831 1.000 1.000 1.000 1.000 
0.077 0.982 0.735 0.826 1.000 1.000 1.000 0.989 
0.103 0.968 1.087 0.759 1.000 1.000 1.000 1.000 
0.076 0.980 0.921 0.800 1.000 1.000 1.000 0.979 
0.117 0.964 1.101 0.733 1.000 1.000 1.000 0.958 
0.097 0.962 0.945 0.769 1.000 1.000 1.000 1.000 
0.081 0.977 0.723 0.805 1.000 1.000 1.000 1.000 
0.067 0.973 1.209 0.733 1.000 1.000 1.000 1.000 
0.101 0.981 0.989 0.800 1.000 1.000 1.000 0.989 
0.173 0.944 0.792 0.805 1.000 1.000 1.000 0.979 
0.143 0.964 1.182 0.744 1.000 1.000 1.000 1.000 
0.187 0.941 1.203 0.708 1.000 1.000 1.000 1.000 
0.172 0.936 1.028 0.759 1.000 1.000 1.000 1.000 
0.076 0.977 0.638 0.785 1.000 1.000 1.000 1.000 
0.068 0.985 0.673 0.800 1.000 1.000 1.000 1.000 
0.075 0.971 0.812 0.800 1.000 1.000 1.000 0.979 
0.052 0.983 0.758 0.810 1.000 1.000 1.000 0.968 
0.047 0.981 0.820 0.790 1.000 1.000 1.000 1.000 
0.059 0.981 0.730 0.800 1.000 1.000 1.000 1.000 
0.083 0.978 0.948 0.785 1.000 1.000 1.000 1.000 
0.156 0.953 0.893 0.728 1.000 1.000 1.000 0.979 
0.187 0.920 0.749 0.744 1.000 1.000 1.000 0.989 
0.168 0.959 0.716 0.800 1.000 1.000 1.000 1.000 
0.294 0.908 1.311 0.723 1.000 1.000 1.000 0.979 
0.198 0.934 1.292 0.718 1.000 1.000 1.000 1.000 
0.119 0.972 0.712 0.790 1.000 1.000 1.000 0.979 
0.083 0.969 0.806 0.759 0.989 1.000 0.968 0.937 
0.087 0.982 0.941 0.790 1.000 1.000 1.000 1.000 
0.117 0.974 0.954 0.754 1.000 1.000 1.000 0.989 
0.082 0.972 1.565 0.682 1.000 1.000 1.000 1.000 
0.068 0.980 0.877 0.759 1.000 1.000 1.000 0.947 
0.093 0.982 1.114 0.728 1.000 1.000 1.000 1.000 
0.085 0.977 1.140 0.744 1.000 1.000 1.000 1.000 
0.060 0.986 0.827 0.821 1.000 1.000 1.000 1.000 
0.049 0.981 0.777 0.744 1.000 1.000 1.000 1.000 
0.052 0.986 0.914 0.738 1.000 1.000 1.000 0.989 
0.078 0.976 0.757 0.774 1.000 1.000 1.000 0.989 
0.116 0.966 0.819 0.785 1.000 1.000 1.000 1.000 
0.104 0.973 0.944 0.779 1.000 1.000 1.000 1.000 
0.156 0.960 1.048 0.774 1.000 1.000 1.000 0.968 
0.173 0.936 1.383 0.682 0.978 1.000 0.958 0.937 
0.063 0.972 0.926 0.759 1.000 1.000 1.000 1.000 
0.058 0.982 0.858 0.800 1.000 1.000 1.000 1.000 
0.047 0.982 0.768 0.795 1.000 1.000 1.000 1.000 
0.064 0.991 0.776 0.800 1.000 1.000 1.000 0.989 
0.127 0.972 0.859 0.774 1.000 1.000 1.000 0.968 
0.133 0.949 0.897 0.774 1.000 1.000 0.989 0.947 
0.096 0.963 0.757 0.779 1.000 1.000 1.000 1.000 
0.092 0.960 0.959 0.708 1.000 1.000 1.000 1.000 
0.091 0.962 0.867 0.785 1.000 1.000 1.000 1.000 
0.104 0.977 0.845 0.774 1.000 1.000 1.000 0.989 
0.190 0.948 1.339 0.713 1.000 1.000 1.000 1.000 
0.198 0.931 1.582 0.708 1.000 1.000 1.000 1.000 
0.109 0.962 0.886 0.744 1.000 1.000 1.000 1.000 
0.105 0.960 0.905 0.738 1.000 1.000 1.000 1.000 
0.112 0.963 0.730 0.785 1.000 1.000 1.000 1.000 
0.093 0.971 0.860 0.764 1.000 1.000 1.000 1.000 
0.099 0.974 1.020 0.728 1.000 1.000 0.989 0.968 
0.108 0.955 1.082 0.713 1.000 1.000 0.989 0.958 
0.078 0.973 0.844 0.749 1.000 1.000 0.989 0.968 
0.059 0.983 0.795 0.769 1.000 1.000 1.000 0.989 
0.052 0.985 0.704 0.805 1.000 1.000 1.000 1.000 
0.069 0.983 0.831 0.826 1.000 1.000 1.000 1.000 
0.073 0.968 0.761 0.795 1.000 1.000 1.000 1.000 
0.075 0.971 0.734 0.774 1.000 1.000 1.000 1.000 
0.088 0.977 1.064 0.749 1.000 1.000 1.000 1.000 
0.101 0.960 0.901 0.774 1.000 1.000 1.000 1.000 
0.054 0.978 0.903 0.815 1.000 1.000 1.000 1.000 
0.039 0.987 0.924 0.800 1.000 1.000 1.000 1.000 
0.051 0.990 0.782 0.785 1.000 1.000 1.000 1.000 
0.058 0.978 1.087 0.815 1.000 1.000 1.000 1.000 
0.051 0.983 0.930 0.769 1.000 1.000 1.000 1.000 
0.087 0.968 0.995 0.785 1.000 1.000 1.000 1.000 
0.102 0.951 0.831 0.779 1.000 1.000 1.000 0.989 
0.081 0.977 0.765 0.800 1.000 1.000 1.000 0.979 
0.210 0.967 0.920 0.836 0.736 0.821 0.695 0.526 
0.324 0.909 1.281 0.656 1.000 1.000 1.000 0.947 
0.145 0.940 0.948 0.733 1.000 1.000 1.000 1.000 
0.110 0.951 0.779 0.774 1.000 1.000 1.000 1.000 
0.075 0.982 0.700 0.769 1.000 1.000 1.000 1.000 
0.063 0.976 1.537 0.713 1.000 1.000 1.000 1.000 
0.112 0.983 0.895 0.774 1.000 1.000 1.000 1.000 
0.071 0.980 0.887 0.785 1.000 1.000 1.000 0.979 
0.050 0.983 0.803 0.810 1.000 1.000 0.989 0.947 
0.097 0.977 1.023 0.795 1.000 1.000 1.000 0.979 
0.087 0.968 1.283 0.738 1.000 1.000 1.000 0.979 
0.049 0.981 0.941 0.764 1.000 1.000 0.989 0.979 
0.033 0.994 0.889 0.800 1.000 1.000 1.000 0.989 
0.041 0.987 0.876 0.826 1.000 1.000 1.000 0.979 
0.030 0.992 0.716 0.779 1.000 1.000 1.000 1.000 
0.041 0.991 0.779 0.785 1.000 1.000 1.000 1.000 
0.039 0.985 0.878 0.759 1.000 1.000 0.989 0.968 
0.042 0.990 1.054 0.744 1.000 1.000 0.989 0.979 
0.073 0.985 1.039 0.800 1.000 1.000 1.000 0.989 
0.147 0.963 1.599 0.677 1.000 1.000 1.000 1.000 
0.096 0.958 0.927 0.749 1.000 1.000 1.000 1.000 
0.056 0.986 0.878 0.738 1.000 1.000 1.000 0.947 
0.058 0.978 1.024 0.733 1.000 1.000 0.979 0.958 
0.054 0.983 0.827 0.785 1.000 1.000 1.000 1.000 
0.079 0.986 1.036 0.764 1.000 1.000 1.000 1.000 
0.133 0.963 1.268 0.764 1.000 1.000 1.000 1.000 
0.072 0.977 1.122 0.785 1.000 1.000 1.000 1.000 
0.139 0.968 0.998 0.779 1.000 1.000 1.000 0.989 
0.201 0.928 1.010 0.738 1.000 1.000 1.000 0.989 
0.131 0.966 0.982 0.769 1.000 1.000 1.000 0.989 
0.114 0.964 0.738 0.759 1.000 1.000 0.989 0.905 
0.086 0.976 0.841 0.733 1.000 1.000 1.000 0.989 
0.089 0.973 0.714 0.769 1.000 1.000 1.000 0.979 
0.098 0.964 0.655 0.795 0.956 0.989 0.947 0.832 
0.088 0.981 0.923 0.790 1.000 1.000 0.989 0.979 
0.119 0.951 0.897 0.790 1.000 1.000 0.979 0.968 
0.046 0.986 0.847 0.810 1.000 1.000 1.000 0.989 
0.045 0.986 0.785 0.810 1.000 1.000 1.000 0.989 
0.032 0.994 0.846 0.810 1.000 1.000 1.000 0.968 
0.034 0.995 0.776 0.810 1.000 1.000 1.000 1.000 
0.034 0.990 0.784 0.800 1.000 1.000 1.000 1.000 
0.092 0.987 0.766 0.805 1.000 1.000 1.000 1.000 
0.106 0.962 1.101 0.749 1.000 1.000 1.000 1.000 
0.087 0.983 1.108 0.774 1.000 1.000 1.000 1.000 
0.078 0.978 0.724 0.779 1.000 1.000 0.989 0.958 
0.087 0.955 0.861 0.769 1.000 1.000 0.989 0.968 
0.069 0.982 0.781 0.779 1.000 1.000 1.000 1.000 
0.080 0.974 1.229 0.790 1.000 1.000 1.000 1.000 
0.039 0.991 0.967 0.769 1.000 1.000 1.000 1.000 
0.047 0.990 0.929 0.785 1.000 1.000 1.000 1.000 
0.046 0.982 0.938 0.774 1.000 1.000 1.000 0.968 
0.061 0.973 1.050 0.769 1.000 1.000 1.000 1.000 
0.158 0.968 0.893 0.759 1.000 1.000 1.000 1.000 
0.154 0.941 1.090 0.682 1.000 1.000 1.000 1.000 
0.089 0.971 0.860 0.779 1.000 1.000 1.000 1.000 
0.068 0.973 1.326 0.754 1.000 1.000 1.000 1.000 
0.043 0.978 0.832 0.821 1.000 1.000 1.000 1.000 
0.056 0.978 0.837 0.764 1.000 1.000 1.000 1.000 
0.054 0.986 0.867 0.749 1.000 1.000 0.989 0.968 
0.048 0.986 0.772 0.810 1.000 1.000 1.000 1.000 
0.051 0.982 0.917 0.800 1.000 1.000 1.000 1.000 
0.046 0.994 0.740 0.800 1.000 1.000 1.000 1.000 
0.110 0.962 0.762 0.779 1.000 1.000 1.000 1.000 
0.059 0.982 0.940 0.764 1.000 1.000 0.979 0.947 
0.135 0.964 1.608 0.733 1.000 1.000 1.000 1.000 
0.228 0.932 2.645 0.646 1.000 1.000 1.000 1.000 
0.150 0.951 0.964 0.764 1.000 1.000 0.989 0.947 
0.092 0.971 0.839 0.785 1.000 1.000 1.000 1.000 
0.079 0.974 1.357 0.744 1.000 1.000 1.000 1.000 
0.066 0.981 1.102 0.779 1.000 1.000 1.000 1.000 
0.101 0.981 0.798 0.774 1.000 1.000 1.000 1.000 
0.193 0.953 0.915 0.774 1.000 1.000 0.989 0.968 
0.084 0.974 0.944 0.728 1.000 1.000 1.000 1.000 
0.115 0.964 1.321 0.728 1.000 1.000 1.000 1.000 
0.081 0.969 0.953 0.749 0.989 1.000 0.979 0.937 
0.065 0.978 0.991 0.800 1.000 1.000 0.968 0.916 
0.039 0.986 1.017 0.800 1.000 1.000 1.000 1.000 
0.042 0.990 0.737 0.805 1.000 1.000 1.000 1.000 
0.048 0.986 0.695 0.815 1.000 1.000 1.000 1.000 
0.050 0.986 0.808 0.815 1.000 1.000 1.000 1.000 
0.050 0.980 0.702 0.826 1.000 1.000 1.000 1.000 
0.039 0.987 0.732 0.810 1.000 1.000 1.000 1.000 
0.038 0.992 0.857 0.815 1.000 1.000 1.000 1.000 
0.038 0.992 0.883 0.821 1.000 1.000 1.000 1.000 
0.043 0.990 0.780 0.821 1.000 1.000 1.000 1.000 
0.033 0.990 0.682 0.815 1.000 1.000 1.000 1.000 
0.055 0.982 0.789 0.810 1.000 1.000 1.000 1.000 
0.053 0.990 0.850 0.790 1.000 1.000 1.000 1.000 
0.046 0.990 0.841 0.769 1.000 1.000 1.000 1.000 
0.054 0.982 0.926 0.795 1.000 1.000 1.000 1.000 
0.044 0.987 0.830 0.795 1.000 1.000 0.989 0.968 
0.045 0.989 0.919 0.790 1.000 1.000 1.000 1.000 
0.089 0.973 0.935 0.774 1.000 1.000 1.000 0.989 
0.163 0.930 0.871 0.769 0.978 0.979 0.937 0.842 
0.145 0.957 0.956 0.790 0.890 0.937 0.884 0.674 
0.196 0.948 1.057 0.785 1.000 1.000 1.000 0.989 
0.166 0.951 0.873 0.754 0.989 0.989 0.968 0.895 
0.246 0.918 1.057 0.692 1.000 1.000 1.000 1.000 
0.119 0.954 0.856 0.764 1.000 1.000 1.000 0.968 
0.100 0.981 0.927 0.790 1.000 1.000 0.989 0.958 
0.089 0.968 0.708 0.800 1.000 1.000 1.000 1.000 
0.089 0.980 0.840 0.795 1.000 1.000 1.000 1.000 
0.087 0.967 0.838 0.821 1.000 1.000 1.000 1.000 
0.074 0.968 0.970 0.774 1.000 1.000 0.989 0.947 
0.083 0.969 0.947 0.779 1.000 1.000 1.000 1.000 
0.040 0.987 0.996 0.785 1.000 1.000 1.000 1.000 
0.044 0.992 0.687 0.826 1.000 1.000 1.000 1.000 
0.056 0.985 0.927 0.728 1.000 1.000 1.000 0.979 
0.052 0.983 1.051 0.738 1.000 1.000 1.000 1.000 
0.072 0.972 1.742 0.682 1.000 1.000 1.000 0.989 
0.047 0.987 0.683 0.810 1.000 1.000 1.000 0.989 
0.091 0.989 0.945 0.774 1.000 1.000 1.000 1.000 
0.085 0.974 1.005 0.749 1.000 1.000 0.989 0.968 
0.042 0.982 0.925 0.805 1.000 1.000 0.989 0.958 
0.029 0.992 1.064 0.774 1.000 1.000 1.000 1.000 
0.028 0.995 0.975 0.800 1.000 1.000 1.000 1.000 
0.032 0.991 0.869 0.810 1.000 1.000 1.000 1.000 
0.031 0.994 0.749 0.836 1.000 1.000 1.000 1.000 
0.088 0.983 0.935 0.800 1.000 1.000 1.000 1.000 
