0.627 0.636 0.690 0.539 1.000 1.000 1.000 1.000 
0.545 0.686 0.715 0.469 1.000 1.000 1.000 1.000 
0.517 0.686 0.702 0.492 1.000 1.000 1.000 1.000 
0.526 0.693 0.681 0.539 1.000 1.000 1.000 1.000 
0.500 0.748 0.680 0.633 1.000 1.000 1.000 0.979 
0.522 0.725 0.677 0.500 1.000 1.000 1.000 1.000 
0.493 0.751 0.648 0.594 1.000 1.000 1.000 1.000 
0.479 0.764 0.657 0.594 1.000 1.000 1.000 1.000 
0.471 0.773 0.644 0.602 1.000 1.000 1.000 1.000 
0.458 0.787 0.679 0.555 1.000 1.000 1.000 1.000 
0.485 0.783 0.729 0.539 1.000 1.000 1.000 1.000 
0.470 0.783 0.731 0.586 1.000 1.000 1.000 1.000 
0.484 0.760 0.656 0.641 1.000 1.000 1.000 1.000 
0.434 0.805 0.687 0.570 1.000 1.000 1.000 1.000 
0.452 0.792 0.695 0.578 1.000 1.000 1.000 1.000 
0.455 0.792 0.741 0.516 1.000 1.000 1.000 1.000 
0.441 0.798 0.655 0.594 1.000 1.000 0.989 0.968 
0.414 0.831 0.683 0.609 1.000 1.000 1.000 1.000 
0.441 0.811 0.641 0.641 1.000 1.000 1.000 0.979 
0.412 0.817 0.653 0.578 1.000 1.000 1.000 1.000 
0.486 0.821 0.732 0.586 1.000 1.000 1.000 1.000 
0.460 0.801 0.697 0.609 1.000 1.000 0.989 0.958 
0.416 0.814 0.941 0.555 1.000 1.000 1.000 1.000 
0.390 0.815 0.822 0.562 1.000 1.000 1.000 1.000 
0.372 0.834 0.714 0.586 1.000 1.000 1.000 1.000 
0.422 0.822 0.769 0.562 1.000 1.000 1.000 1.000 
0.415 0.816 0.802 0.578 0.967 0.968 0.937 0.811 
0.416 0.811 0.743 0.555 1.000 1.000 1.000 1.000 
0.418 0.819 0.732 0.609 0.846 0.821 0.632 0.558 
0.382 0.825 0.935 0.539 1.000 1.000 1.000 1.000 
0.386 0.828 0.790 0.570 1.000 1.000 0.979 0.958 
0.390 0.812 0.699 0.648 1.000 1.000 1.000 1.000 
0.397 0.825 0.985 0.531 1.000 1.000 1.000 1.000 
0.363 0.820 0.668 0.617 0.978 0.979 0.895 0.768 
0.357 0.843 0.780 0.562 1.000 1.000 1.000 1.000 
0.475 0.837 0.961 0.523 1.000 0.989 0.968 0.905 
0.390 0.835 0.826 0.547 0.418 0.411 0.326 0.316 
0.393 0.826 1.149 0.539 1.000 1.000 1.000 1.000 
0.360 0.843 0.792 0.586 1.000 1.000 1.000 0.989 
0.378 0.833 0.707 0.656 1.000 1.000 1.000 1.000 
0.359 0.834 0.731 0.633 1.000 1.000 1.000 1.000 
0.346 0.845 0.607 0.711 1.000 1.000 1.000 1.000 
0.341 0.848 0.728 0.656 1.000 1.000 0.989 0.958 
0.353 0.851 0.766 0.617 0.978 0.968 0.905 0.737 
0.368 0.838 0.653 0.648 1.000 1.000 1.000 1.000 
0.363 0.839 0.770 0.625 1.000 1.000 1.000 1.000 
0.407 0.843 0.605 0.719 0.956 0.989 0.895 0.853 
0.415 0.837 0.829 0.578 1.000 1.000 1.000 1.000 
0.339 0.842 0.820 0.594 1.000 0.989 0.968 0.926 
0.352 0.849 0.616 0.648 1.000 1.000 1.000 1.000 
0.317 0.852 0.698 0.664 1.000 1.000 0.989 0.958 
0.334 0.857 0.571 0.727 0.989 1.000 0.968 0.905 
0.348 0.848 1.126 0.531 1.000 1.000 1.000 1.000 
0.342 0.857 0.704 0.594 1.000 1.000 1.000 1.000 
0.318 0.847 0.716 0.625 1.000 1.000 1.000 1.000 
0.385 0.847 0.630 0.711 1.000 1.000 1.000 1.000 
0.360 0.845 0.779 0.617 0.912 0.905 0.768 0.663 
0.357 0.839 0.818 0.633 1.000 1.000 1.000 1.000 
0.352 0.851 0.599 0.703 1.000 1.000 1.000 0.958 
0.360 0.816 0.793 0.680 1.000 1.000 1.000 1.000 
0.347 0.852 1.013 0.555 0.978 0.968 0.884 0.768 
0.341 0.856 0.761 0.641 1.000 1.000 1.000 1.000 
0.324 0.857 0.726 0.695 1.000 1.000 1.000 0.968 
0.340 0.854 0.554 0.695 1.000 1.000 1.000 1.000 
0.312 0.863 0.537 0.703 1.000 1.000 1.000 1.000 
0.391 0.849 0.681 0.641 1.000 1.000 1.000 0.958 
0.361 0.826 0.663 0.633 0.802 0.811 0.768 0.663 
0.337 0.854 0.989 0.539 1.000 1.000 1.000 1.000 
0.339 0.842 1.017 0.539 1.000 1.000 1.000 0.989 
0.313 0.860 0.698 0.680 1.000 1.000 1.000 1.000 
0.310 0.874 0.550 0.781 1.000 1.000 1.000 1.000 
0.478 0.848 0.883 0.594 0.945 0.958 0.853 0.726 
0.346 0.851 0.653 0.656 1.000 1.000 1.000 1.000 
0.305 0.868 0.674 0.703 1.000 1.000 1.000 1.000 
0.333 0.857 0.526 0.773 1.000 1.000 0.989 0.947 
0.317 0.849 0.733 0.641 1.000 1.000 1.000 1.000 
0.332 0.870 0.573 0.727 1.000 1.000 1.000 1.000 
0.329 0.857 0.705 0.680 0.934 0.968 0.947 0.789 
0.292 0.875 0.582 0.758 1.000 1.000 1.000 0.989 
0.288 0.884 0.688 0.648 0.967 0.979 0.916 0.842 
0.299 0.868 0.660 0.680 1.000 1.000 1.000 1.000 
0.282 0.874 0.648 0.672 1.000 1.000 0.989 0.958 
0.326 0.861 0.540 0.758 1.000 1.000 1.000 1.000 
0.353 0.853 0.772 0.625 0.934 0.895 0.832 0.726 
0.315 0.868 0.591 0.727 1.000 1.000 1.000 1.000 
0.299 0.868 0.537 0.766 1.000 1.000 1.000 0.979 
0.306 0.880 0.497 0.789 1.000 1.000 0.968 0.937 
0.316 0.858 0.698 0.695 1.000 1.000 1.000 0.989 
0.297 0.861 0.741 0.719 1.000 1.000 1.000 0.958 
0.286 0.865 0.832 0.625 1.000 1.000 1.000 1.000 
0.274 0.879 0.657 0.742 0.978 0.989 0.968 0.863 
0.319 0.868 0.603 0.727 1.000 1.000 1.000 1.000 
0.307 0.880 0.530 0.773 1.000 1.000 0.979 0.958 
0.291 0.870 1.045 0.547 1.000 1.000 1.000 1.000 
0.299 0.881 0.604 0.719 1.000 1.000 1.000 1.000 
0.313 0.870 0.695 0.695 1.000 1.000 1.000 0.989 
0.268 0.889 0.822 0.688 1.000 1.000 1.000 1.000 
0.293 0.884 0.603 0.672 1.000 1.000 1.000 1.000 
0.326 0.885 1.023 0.570 1.000 1.000 1.000 1.000 
0.264 0.891 0.514 0.727 1.000 1.000 1.000 1.000 
0.306 0.895 0.643 0.680 1.000 1.000 0.989 0.958 
0.314 0.876 1.074 0.516 1.000 1.000 1.000 1.000 
0.308 0.863 0.592 0.758 1.000 1.000 0.958 0.916 
0.298 0.866 0.969 0.602 1.000 1.000 1.000 1.000 
0.271 0.886 0.630 0.750 1.000 1.000 1.000 1.000 
0.296 0.886 0.555 0.742 1.000 1.000 1.000 0.989 
0.279 0.877 0.756 0.648 1.000 1.000 1.000 1.000 
0.292 0.884 0.673 0.727 1.000 1.000 1.000 0.989 
0.300 0.865 0.638 0.703 1.000 1.000 1.000 0.989 
0.260 0.890 0.707 0.727 1.000 1.000 1.000 0.968 
0.247 0.895 0.608 0.711 0.989 1.000 1.000 0.958 
0.243 0.889 1.051 0.555 1.000 1.000 1.000 1.000 
0.288 0.891 0.511 0.789 0.978 0.989 0.937 0.916 
0.285 0.879 1.085 0.500 1.000 1.000 1.000 1.000 
0.284 0.885 0.669 0.703 1.000 1.000 1.000 1.000 
0.270 0.893 0.688 0.695 1.000 1.000 1.000 1.000 
0.257 0.885 0.597 0.758 1.000 1.000 1.000 0.989 
0.281 0.886 0.530 0.773 1.000 1.000 1.000 0.979 
0.244 0.893 0.599 0.742 1.000 1.000 1.000 0.989 
0.259 0.902 0.575 0.734 1.000 1.000 1.000 1.000 
0.274 0.890 0.566 0.758 1.000 1.000 1.000 1.000 
0.277 0.888 0.553 0.750 1.000 1.000 1.000 0.989 
0.235 0.897 0.639 0.703 1.000 1.000 1.000 0.989 
0.262 0.909 0.604 0.734 1.000 1.000 1.000 1.000 
0.247 0.902 0.551 0.773 1.000 1.000 1.000 0.979 
0.260 0.894 0.628 0.727 1.000 1.000 1.000 1.000 
0.304 0.872 0.691 0.695 1.000 1.000 0.968 0.853 
0.285 0.888 0.648 0.688 1.000 1.000 1.000 1.000 
0.246 0.903 0.771 0.664 1.000 1.000 1.000 1.000 
0.236 0.908 0.806 0.664 1.000 1.000 1.000 0.979 
0.255 0.897 0.954 0.602 1.000 1.000 1.000 1.000 
0.289 0.894 0.532 0.750 1.000 1.000 1.000 0.979 
0.256 0.886 1.176 0.570 1.000 1.000 1.000 1.000 
0.244 0.905 0.606 0.773 1.000 1.000 1.000 0.989 
0.265 0.899 0.659 0.711 1.000 1.000 1.000 0.968 
0.263 0.894 0.901 0.648 0.736 0.863 0.705 0.611 
0.228 0.900 0.761 0.648 1.000 1.000 1.000 1.000 
0.244 0.914 0.502 0.773 1.000 1.000 1.000 1.000 
0.237 0.900 0.786 0.680 1.000 1.000 1.000 0.989 
0.258 0.911 0.676 0.695 1.000 1.000 1.000 1.000 
0.252 0.886 0.654 0.734 1.000 1.000 1.000 0.989 
0.311 0.898 0.516 0.789 1.000 1.000 1.000 1.000 
0.300 0.883 0.745 0.617 1.000 1.000 1.000 1.000 
0.282 0.856 1.395 0.516 1.000 1.000 1.000 1.000 
0.254 0.880 1.042 0.586 1.000 1.000 1.000 1.000 
0.237 0.911 0.624 0.688 1.000 1.000 1.000 0.989 
0.223 0.909 0.528 0.773 1.000 1.000 0.979 0.947 
0.256 0.900 0.796 0.625 1.000 1.000 1.000 1.000 
0.231 0.913 0.775 0.672 1.000 1.000 1.000 1.000 
0.237 0.914 0.689 0.750 1.000 1.000 0.989 0.968 
0.238 0.905 0.762 0.625 1.000 1.000 1.000 1.000 
0.222 0.903 0.741 0.695 1.000 1.000 1.000 0.989 
0.231 0.909 0.597 0.750 1.000 1.000 1.000 0.989 
0.263 0.907 0.621 0.719 1.000 1.000 1.000 0.989 
0.218 0.907 1.363 0.500 1.000 1.000 1.000 1.000 
0.249 0.905 1.470 0.508 1.000 1.000 1.000 1.000 
0.241 0.903 1.532 0.555 1.000 1.000 1.000 1.000 
0.217 0.914 0.718 0.727 1.000 1.000 1.000 1.000 
0.200 0.920 0.556 0.789 1.000 1.000 1.000 1.000 
0.219 0.907 0.915 0.586 1.000 1.000 1.000 0.989 
0.249 0.908 0.959 0.625 1.000 1.000 1.000 1.000 
0.204 0.918 1.202 0.562 1.000 1.000 1.000 1.000 
0.213 0.922 0.636 0.703 0.967 0.989 0.989 0.926 
0.296 0.897 0.935 0.617 1.000 1.000 1.000 1.000 
0.244 0.891 1.527 0.531 1.000 1.000 1.000 1.000 
0.228 0.907 0.851 0.625 1.000 1.000 1.000 1.000 
0.229 0.904 0.781 0.680 1.000 1.000 1.000 1.000 
0.244 0.918 0.897 0.633 1.000 1.000 1.000 1.000 
0.220 0.921 1.195 0.562 1.000 1.000 1.000 1.000 
0.222 0.905 0.722 0.719 1.000 1.000 0.989 0.989 
0.222 0.907 0.655 0.719 1.000 1.000 1.000 0.989 
0.243 0.898 0.843 0.664 1.000 1.000 1.000 1.000 
0.205 0.914 0.749 0.672 1.000 1.000 1.000 0.989 
0.213 0.932 0.839 0.680 1.000 1.000 1.000 1.000 
0.199 0.922 1.045 0.617 1.000 1.000 1.000 1.000 
0.189 0.923 0.652 0.773 1.000 1.000 1.000 0.989 
0.195 0.909 0.520 0.805 1.000 1.000 1.000 0.989 
0.180 0.940 0.651 0.766 1.000 1.000 1.000 0.989 
0.208 0.927 0.585 0.711 1.000 1.000 1.000 0.979 
0.205 0.931 0.814 0.703 1.000 1.000 1.000 1.000 
0.202 0.926 0.672 0.664 0.989 1.000 0.989 0.968 
0.250 0.907 0.666 0.734 1.000 1.000 1.000 1.000 
0.203 0.916 1.390 0.570 1.000 1.000 1.000 1.000 
0.191 0.917 0.636 0.766 1.000 1.000 1.000 0.989 
0.191 0.936 0.694 0.742 1.000 1.000 1.000 1.000 
0.203 0.902 0.541 0.766 0.868 0.916 0.884 0.768 
0.189 0.926 0.524 0.781 1.000 1.000 1.000 0.989 
0.171 0.939 0.606 0.727 1.000 1.000 1.000 0.989 
0.188 0.936 0.607 0.789 1.000 1.000 1.000 1.000 
0.224 0.930 0.588 0.805 1.000 1.000 1.000 1.000 
0.209 0.914 0.631 0.781 0.967 0.989 0.968 0.884 
0.260 0.905 0.876 0.648 1.000 1.000 1.000 1.000 
0.201 0.921 0.887 0.641 1.000 1.000 1.000 0.989 
0.201 0.936 0.595 0.742 1.000 1.000 1.000 0.989 
0.191 0.922 0.612 0.750 0.956 0.968 0.947 0.895 
0.262 0.936 0.799 0.680 1.000 1.000 1.000 0.989 
0.269 0.881 0.972 0.602 1.000 1.000 1.000 1.000 
0.190 0.930 0.515 0.766 1.000 1.000 1.000 0.979 
0.211 0.917 0.538 0.773 1.000 1.000 1.000 0.989 
0.197 0.912 0.590 0.742 0.967 0.979 0.916 0.716 
0.207 0.917 0.648 0.734 1.000 1.000 1.000 0.989 
0.178 0.940 0.506 0.773 1.000 1.000 1.000 1.000 
0.178 0.926 0.782 0.719 1.000 1.000 1.000 1.000 
0.174 0.934 0.583 0.789 1.000 1.000 1.000 1.000 
0.196 0.923 0.492 0.773 1.000 1.000 1.000 1.000 
0.173 0.931 0.621 0.750 1.000 1.000 1.000 1.000 
0.179 0.935 0.553 0.797 1.000 1.000 1.000 0.989 
0.233 0.926 0.784 0.680 1.000 1.000 1.000 0.979 
0.217 0.911 0.655 0.734 1.000 1.000 1.000 1.000 
0.171 0.935 0.684 0.719 1.000 1.000 0.979 0.926 
0.193 0.921 0.672 0.750 1.000 1.000 1.000 1.000 
0.179 0.940 0.481 0.758 1.000 1.000 1.000 0.979 
0.178 0.935 0.589 0.719 1.000 1.000 1.000 0.979 
0.176 0.934 0.815 0.672 1.000 1.000 1.000 0.989 
0.193 0.937 0.626 0.711 1.000 1.000 1.000 1.000 
0.181 0.932 0.547 0.781 1.000 1.000 1.000 1.000 
0.183 0.930 0.604 0.727 1.000 1.000 1.000 0.968 
0.165 0.941 0.521 0.789 1.000 1.000 1.000 0.947 
0.167 0.943 0.591 0.750 1.000 1.000 1.000 0.968 
0.149 0.950 0.578 0.758 1.000 1.000 1.000 0.989 
0.161 0.943 0.590 0.781 1.000 1.000 1.000 0.989 
0.227 0.902 0.562 0.789 1.000 1.000 1.000 0.979 
0.229 0.908 0.573 0.781 1.000 1.000 1.000 1.000 
0.195 0.928 0.664 0.742 1.000 1.000 1.000 1.000 
0.161 0.928 0.642 0.750 1.000 1.000 1.000 1.000 
0.169 0.948 0.553 0.742 1.000 1.000 1.000 0.989 
0.157 0.940 0.585 0.766 1.000 1.000 1.000 1.000 
0.241 0.923 0.597 0.781 1.000 1.000 1.000 0.989 
0.246 0.897 0.852 0.648 1.000 1.000 0.979 0.979 
0.203 0.922 0.782 0.688 1.000 1.000 1.000 0.989 
0.173 0.939 0.681 0.703 1.000 1.000 1.000 0.989 
0.171 0.939 0.725 0.695 0.824 0.884 0.768 0.547 
0.236 0.913 0.726 0.719 1.000 1.000 1.000 1.000 
0.185 0.930 0.964 0.664 1.000 1.000 1.000 1.000 
0.233 0.923 0.641 0.742 1.000 1.000 1.000 1.000 
0.193 0.930 0.461 0.789 1.000 1.000 1.000 1.000 
0.164 0.936 0.501 0.773 1.000 1.000 1.000 0.989 
0.160 0.936 0.569 0.758 1.000 1.000 1.000 0.937 
0.160 0.943 0.514 0.766 1.000 1.000 1.000 0.989 
0.181 0.939 0.698 0.719 1.000 1.000 1.000 1.000 
0.189 0.921 0.847 0.711 1.000 1.000 1.000 1.000 
0.173 0.932 0.642 0.781 1.000 1.000 1.000 0.989 
0.164 0.939 0.687 0.711 1.000 1.000 1.000 0.989 
0.175 0.949 0.682 0.727 1.000 1.000 1.000 0.989 
0.175 0.939 0.998 0.641 1.000 1.000 1.000 0.979 
0.169 0.937 0.648 0.750 1.000 1.000 1.000 1.000 
0.211 0.934 0.750 0.695 1.000 1.000 1.000 1.000 
0.281 0.911 0.588 0.719 1.000 1.000 1.000 1.000 
0.223 0.909 0.738 0.734 1.000 1.000 1.000 0.989 
0.164 0.943 0.504 0.789 1.000 1.000 1.000 0.989 
0.163 0.948 0.632 0.719 1.000 1.000 1.000 0.979 
0.146 0.940 0.764 0.734 1.000 1.000 1.000 0.979 
0.131 0.957 0.582 0.797 1.000 1.000 1.000 0.989 
0.116 0.964 0.725 0.695 1.000 1.000 1.000 1.000 
0.140 0.953 0.550 0.812 1.000 1.000 1.000 0.979 
0.147 0.940 0.709 0.695 1.000 1.000 1.000 0.989 
0.202 0.949 0.653 0.758 0.978 1.000 0.989 0.926 
0.238 0.903 0.567 0.734 1.000 1.000 1.000 1.000 
0.166 0.939 0.613 0.758 1.000 1.000 1.000 1.000 
0.169 0.934 0.851 0.648 1.000 1.000 1.000 0.989 
0.150 0.948 0.581 0.742 1.000 1.000 1.000 1.000 
0.171 0.945 0.691 0.742 0.989 1.000 0.958 0.905 
0.214 0.920 0.973 0.664 1.000 1.000 1.000 0.989 
0.179 0.936 0.595 0.758 1.000 1.000 1.000 1.000 
0.174 0.934 0.581 0.773 1.000 1.000 1.000 1.000 
0.151 0.941 0.581 0.789 0.989 1.000 0.979 0.926 
0.197 0.932 0.680 0.742 1.000 1.000 1.000 0.989 
0.225 0.939 0.843 0.602 0.978 0.989 0.905 0.800 
0.262 0.888 0.896 0.586 1.000 1.000 1.000 0.989 
0.230 0.940 0.562 0.750 1.000 1.000 1.000 1.000 
0.175 0.943 0.578 0.766 1.000 1.000 1.000 1.000 
0.221 0.917 1.034 0.695 1.000 1.000 1.000 1.000 
0.169 0.944 0.860 0.688 1.000 1.000 1.000 0.989 
0.213 0.932 0.698 0.680 1.000 1.000 1.000 0.979 
0.166 0.939 0.563 0.766 1.000 1.000 1.000 0.989 
0.199 0.940 0.539 0.812 1.000 1.000 1.000 0.979 
0.169 0.928 0.922 0.664 0.978 0.989 0.958 0.895 
0.158 0.946 0.480 0.828 1.000 1.000 1.000 1.000 
0.152 0.943 0.609 0.734 1.000 1.000 1.000 1.000 
0.152 0.941 0.521 0.766 1.000 1.000 1.000 1.000 
0.132 0.950 0.581 0.758 1.000 1.000 1.000 1.000 
0.129 0.962 0.546 0.781 1.000 1.000 1.000 0.989 
0.175 0.940 0.568 0.766 0.989 1.000 0.989 0.926 
0.184 0.949 0.674 0.719 1.000 1.000 1.000 1.000 
0.167 0.939 0.869 0.680 1.000 1.000 1.000 1.000 
0.190 0.936 0.573 0.797 1.000 1.000 1.000 0.968 
0.184 0.934 0.697 0.773 1.000 1.000 1.000 0.989 
0.164 0.930 0.637 0.750 1.000 1.000 1.000 0.979 
0.143 0.946 0.574 0.797 1.000 1.000 1.000 0.937 
0.187 0.935 0.572 0.727 1.000 1.000 1.000 1.000 
0.147 0.939 0.776 0.695 1.000 1.000 1.000 1.000 
0.146 0.951 0.841 0.711 1.000 1.000 1.000 0.989 
0.140 0.951 0.673 0.727 1.000 1.000 1.000 1.000 
0.176 0.945 0.627 0.766 1.000 1.000 1.000 1.000 
0.149 0.945 0.793 0.711 0.989 1.000 1.000 0.947 
0.136 0.946 0.873 0.750 1.000 1.000 1.000 1.000 
0.123 0.962 0.602 0.750 1.000 1.000 1.000 0.979 
0.145 0.968 0.549 0.797 1.000 1.000 1.000 0.979 
0.170 0.926 0.835 0.641 1.000 1.000 1.000 1.000 
0.173 0.936 1.245 0.609 1.000 1.000 1.000 1.000 
0.189 0.926 0.695 0.742 1.000 1.000 1.000 0.989 
0.203 0.936 1.669 0.586 1.000 1.000 1.000 0.947 
0.150 0.935 0.614 0.742 1.000 1.000 1.000 0.989 
0.162 0.949 0.537 0.766 1.000 1.000 1.000 0.989 
0.246 0.905 1.459 0.570 1.000 1.000 1.000 1.000 
0.205 0.932 0.902 0.695 1.000 1.000 1.000 1.000 
0.167 0.937 0.969 0.664 1.000 1.000 1.000 1.000 
0.225 0.928 0.950 0.680 1.000 1.000 1.000 1.000 
0.212 0.927 0.817 0.664 0.978 1.000 0.968 0.926 
0.146 0.939 0.490 0.773 0.989 0.989 0.989 0.916 
0.119 0.957 0.500 0.805 1.000 1.000 1.000 0.979 
0.113 0.957 0.454 0.758 1.000 1.000 1.000 1.000 
0.126 0.962 0.657 0.742 1.000 1.000 1.000 0.989 
0.190 0.931 0.666 0.742 1.000 1.000 1.000 0.989 
0.281 0.863 2.261 0.500 1.000 1.000 1.000 0.968 
0.250 0.922 1.356 0.625 1.000 1.000 1.000 1.000 
0.188 0.939 2.031 0.555 1.000 1.000 1.000 1.000 
0.143 0.945 0.624 0.773 1.000 1.000 1.000 0.989 
0.149 0.935 0.523 0.805 1.000 1.000 1.000 0.989 
0.125 0.954 0.494 0.797 1.000 1.000 1.000 0.979 
0.149 0.953 0.606 0.734 1.000 1.000 1.000 0.989 
0.184 0.935 0.652 0.781 1.000 1.000 1.000 0.989 
0.197 0.934 0.862 0.656 0.989 1.000 0.958 0.937 
0.165 0.935 0.756 0.719 1.000 1.000 0.989 1.000 
0.120 0.964 1.078 0.656 1.000 1.000 1.000 0.989 
0.129 0.948 0.583 0.781 1.000 1.000 1.000 0.989 
0.118 0.955 0.596 0.750 1.000 1.000 1.000 0.989 
0.179 0.960 0.600 0.734 1.000 1.000 1.000 0.989 
0.176 0.928 0.612 0.750 1.000 1.000 1.000 0.979 
0.232 0.943 1.515 0.641 1.000 1.000 1.000 0.979 
0.165 0.928 0.959 0.664 1.000 1.000 1.000 1.000 
0.151 0.946 0.717 0.727 1.000 1.000 1.000 0.989 
0.138 0.946 0.576 0.766 0.956 0.979 0.916 0.789 
0.177 0.918 0.581 0.773 1.000 1.000 1.000 1.000 
0.171 0.946 0.546 0.781 1.000 1.000 1.000 0.989 
0.172 0.931 0.970 0.617 1.000 1.000 1.000 1.000 
0.164 0.937 1.082 0.703 1.000 1.000 1.000 1.000 
0.155 0.939 0.543 0.773 1.000 1.000 1.000 0.958 
0.178 0.937 0.823 0.703 1.000 1.000 1.000 0.968 
0.164 0.923 0.732 0.773 1.000 1.000 1.000 1.000 
0.131 0.949 0.690 0.727 1.000 1.000 0.989 0.958 
0.154 0.957 0.643 0.773 1.000 1.000 1.000 0.968 
0.225 0.916 1.801 0.531 1.000 1.000 1.000 0.979 
0.222 0.913 0.798 0.727 1.000 1.000 1.000 1.000 
0.161 0.943 0.788 0.719 1.000 1.000 1.000 1.000 
0.182 0.937 0.654 0.734 1.000 1.000 1.000 1.000 
0.176 0.943 0.830 0.672 1.000 1.000 1.000 0.979 
0.184 0.921 1.165 0.648 1.000 1.000 0.989 0.937 
0.137 0.959 0.842 0.750 1.000 1.000 1.000 0.989 
0.153 0.951 0.597 0.812 1.000 1.000 1.000 0.937 
0.152 0.941 0.780 0.719 1.000 1.000 1.000 0.968 
0.179 0.957 0.616 0.750 1.000 0.989 0.979 0.863 
0.245 0.926 1.243 0.656 1.000 1.000 1.000 1.000 
0.140 0.955 1.963 0.578 1.000 1.000 1.000 1.000 
0.168 0.963 0.584 0.781 1.000 1.000 1.000 1.000 
0.222 0.913 0.961 0.719 1.000 1.000 1.000 1.000 
0.221 0.899 0.704 0.766 1.000 1.000 1.000 0.979 
0.164 0.941 1.160 0.656 1.000 1.000 1.000 1.000 
0.144 0.946 0.483 0.820 1.000 1.000 1.000 0.979 
0.145 0.943 0.683 0.750 1.000 1.000 1.000 0.989 
0.140 0.959 0.621 0.742 1.000 1.000 1.000 0.989 
0.142 0.939 0.830 0.734 1.000 1.000 1.000 1.000 
0.130 0.948 0.523 0.766 1.000 1.000 1.000 0.979 
0.127 0.949 0.713 0.711 1.000 1.000 1.000 0.989 
0.137 0.939 0.618 0.719 1.000 1.000 1.000 0.989 
0.119 0.958 0.608 0.766 1.000 1.000 1.000 0.979 
0.109 0.958 0.532 0.773 1.000 1.000 1.000 0.989 
0.124 0.960 0.598 0.797 1.000 1.000 1.000 0.968 
0.144 0.950 0.666 0.711 0.978 1.000 0.968 0.905 
0.179 0.920 0.607 0.766 1.000 1.000 1.000 0.989 
0.190 0.936 0.533 0.773 1.000 1.000 1.000 0.989 
0.203 0.914 0.811 0.688 0.956 0.937 0.874 0.832 
0.190 0.934 1.182 0.648 1.000 1.000 0.989 0.979 
0.160 0.944 0.597 0.742 1.000 1.000 1.000 0.968 
0.152 0.944 0.840 0.672 1.000 1.000 1.000 1.000 
0.164 0.940 0.467 0.766 1.000 1.000 1.000 0.989 
0.140 0.954 0.949 0.695 1.000 1.000 1.000 1.000 
0.116 0.963 0.881 0.742 1.000 1.000 1.000 0.989 
0.111 0.964 0.768 0.734 1.000 1.000 1.000 0.989 
0.134 0.955 1.370 0.625 1.000 1.000 1.000 1.000 
0.211 0.928 1.382 0.656 1.000 1.000 1.000 0.989 
0.174 0.935 2.005 0.547 0.901 0.905 0.832 0.621 
0.124 0.950 0.530 0.781 1.000 1.000 1.000 0.968 
0.111 0.955 0.572 0.750 1.000 1.000 1.000 1.000 
0.144 0.959 0.575 0.758 0.989 1.000 0.979 0.916 
0.140 0.940 0.795 0.664 0.978 0.979 0.947 0.926 
0.098 0.964 0.689 0.781 1.000 1.000 1.000 0.989 
0.095 0.964 0.556 0.805 1.000 1.000 1.000 0.989 
0.094 0.967 0.522 0.797 1.000 1.000 1.000 0.979 
0.117 0.966 0.713 0.742 1.000 1.000 1.000 1.000 
0.153 0.946 0.968 0.672 1.000 1.000 1.000 1.000 
0.100 0.967 0.609 0.805 1.000 1.000 1.000 1.000 
0.134 0.964 0.486 0.789 1.000 1.000 1.000 1.000 
0.131 0.945 1.131 0.641 1.000 1.000 1.000 1.000 
0.154 0.945 0.665 0.750 1.000 1.000 1.000 0.989 
0.164 0.949 0.736 0.734 0.989 1.000 0.989 0.958 
0.223 0.912 0.778 0.688 1.000 1.000 1.000 1.000 
0.133 0.940 0.763 0.695 1.000 1.000 1.000 0.989 
0.137 0.953 0.578 0.797 0.989 1.000 1.000 0.947 
0.118 0.958 0.588 0.805 1.000 1.000 1.000 0.958 
0.206 0.931 1.649 0.594 1.000 1.000 1.000 1.000 
0.143 0.935 0.579 0.742 1.000 1.000 1.000 0.979 
0.169 0.931 0.766 0.719 1.000 1.000 1.000 1.000 
0.168 0.948 0.846 0.680 1.000 1.000 0.979 0.947 
0.164 0.951 0.806 0.727 1.000 1.000 1.000 1.000 
0.194 0.949 0.892 0.719 1.000 1.000 1.000 0.958 
0.304 0.916 1.196 0.602 1.000 1.000 1.000 1.000 
0.162 0.937 1.051 0.617 1.000 0.989 1.000 0.958 
0.143 0.954 0.554 0.766 1.000 1.000 1.000 0.958 
0.182 0.930 0.905 0.672 1.000 1.000 1.000 0.968 
0.174 0.948 0.708 0.734 1.000 1.000 1.000 1.000 
0.135 0.944 0.643 0.719 1.000 1.000 1.000 1.000 
0.112 0.963 0.708 0.734 1.000 1.000 1.000 0.989 
0.118 0.964 0.723 0.711 1.000 1.000 1.000 1.000 
0.163 0.944 1.054 0.664 1.000 1.000 1.000 1.000 
0.152 0.937 1.384 0.617 1.000 1.000 1.000 0.989 
0.160 0.948 1.165 0.680 1.000 1.000 1.000 1.000 
0.167 0.943 0.676 0.742 1.000 1.000 1.000 0.989 
0.159 0.944 1.464 0.594 1.000 1.000 1.000 1.000 
0.152 0.935 0.728 0.766 0.978 0.979 0.937 0.811 
0.153 0.946 0.697 0.766 0.989 0.989 0.958 0.895 
0.161 0.953 0.865 0.695 1.000 1.000 1.000 1.000 
0.103 0.966 0.791 0.711 1.000 1.000 1.000 1.000 
0.105 0.960 0.612 0.766 1.000 1.000 1.000 1.000 
0.113 0.966 0.611 0.789 1.000 1.000 1.000 0.989 
0.107 0.969 0.880 0.727 1.000 1.000 1.000 1.000 
0.104 0.968 0.735 0.766 1.000 1.000 1.000 0.989 
0.115 0.958 0.674 0.789 1.000 1.000 1.000 0.926 
0.112 0.962 0.769 0.766 1.000 1.000 0.989 0.979 
0.136 0.954 0.717 0.750 1.000 1.000 1.000 0.989 
0.152 0.932 0.939 0.695 1.000 1.000 1.000 1.000 
0.150 0.955 1.237 0.703 1.000 1.000 1.000 0.989 
0.111 0.955 0.788 0.750 1.000 1.000 1.000 0.968 
0.117 0.958 0.812 0.766 1.000 1.000 1.000 1.000 
0.108 0.966 0.709 0.742 1.000 1.000 1.000 1.000 
0.108 0.954 0.610 0.719 1.000 1.000 1.000 1.000 
0.112 0.954 0.516 0.781 1.000 1.000 0.989 0.905 
0.107 0.957 0.591 0.781 1.000 1.000 1.000 0.989 
0.098 0.950 1.022 0.703 1.000 1.000 1.000 0.989 
0.110 0.966 0.477 0.797 1.000 1.000 0.989 0.874 
0.108 0.958 0.619 0.789 1.000 1.000 0.989 0.895 
0.138 0.950 0.565 0.781 1.000 1.000 1.000 0.979 
0.153 0.943 0.934 0.664 1.000 1.000 1.000 0.989 
0.145 0.953 0.626 0.789 1.000 1.000 1.000 0.989 
0.142 0.950 1.204 0.641 1.000 1.000 1.000 1.000 
0.180 0.943 0.565 0.789 1.000 1.000 1.000 0.989 
0.177 0.926 0.593 0.781 1.000 1.000 1.000 1.000 
0.161 0.950 0.497 0.828 1.000 1.000 1.000 0.989 
0.166 0.939 1.993 0.555 1.000 1.000 1.000 1.000 
0.107 0.950 1.182 0.648 1.000 1.000 1.000 0.989 
0.111 0.962 0.902 0.727 1.000 1.000 1.000 0.989 
0.099 0.955 0.605 0.766 1.000 1.000 1.000 0.979 
0.084 0.964 0.947 0.758 1.000 1.000 1.000 1.000 
0.095 0.960 0.612 0.797 1.000 1.000 1.000 0.979 
0.093 0.963 0.694 0.766 1.000 1.000 1.000 1.000 
0.103 0.959 0.960 0.719 1.000 1.000 1.000 1.000 
0.083 0.963 0.741 0.750 1.000 1.000 1.000 1.000 
0.121 0.960 0.538 0.836 1.000 1.000 1.000 0.958 
0.145 0.953 0.636 0.734 0.978 0.989 0.947 0.895 
0.133 0.940 1.452 0.633 1.000 1.000 1.000 0.989 
0.156 0.950 0.778 0.742 1.000 1.000 1.000 1.000 
0.132 0.949 0.646 0.773 1.000 1.000 1.000 0.989 
0.123 0.959 0.733 0.773 1.000 1.000 1.000 0.968 
0.104 0.962 0.694 0.766 1.000 1.000 0.979 0.916 
0.146 0.958 0.761 0.781 1.000 1.000 1.000 0.989 
0.146 0.953 1.756 0.617 1.000 1.000 1.000 1.000 
0.136 0.955 1.045 0.648 1.000 1.000 1.000 1.000 
0.142 0.954 1.119 0.688 1.000 1.000 1.000 0.989 
0.166 0.935 0.645 0.781 1.000 1.000 1.000 1.000 
0.143 0.958 0.978 0.703 1.000 1.000 1.000 1.000 
0.091 0.960 0.675 0.766 1.000 1.000 1.000 0.979 
0.105 0.964 0.522 0.758 1.000 1.000 1.000 0.989 
0.099 0.967 0.821 0.766 1.000 1.000 1.000 1.000 
0.107 0.966 0.735 0.766 1.000 1.000 1.000 0.989 
0.199 0.941 0.766 0.695 1.000 1.000 1.000 0.989 
0.127 0.959 1.051 0.727 1.000 1.000 1.000 1.000 
0.106 0.948 0.685 0.766 1.000 1.000 1.000 0.989 
0.080 0.973 0.676 0.742 1.000 1.000 1.000 0.989 
0.083 0.973 0.615 0.773 1.000 1.000 1.000 0.979 
0.116 0.950 0.745 0.742 1.000 1.000 1.000 1.000 
0.139 0.951 0.838 0.781 1.000 1.000 1.000 0.947 
0.214 0.934 0.978 0.680 1.000 1.000 1.000 1.000 
0.189 0.928 0.907 0.727 1.000 1.000 1.000 1.000 
0.125 0.950 0.766 0.719 0.967 0.968 0.926 0.800 
0.094 0.957 0.553 0.781 1.000 1.000 1.000 0.979 
0.115 0.969 0.853 0.742 1.000 1.000 1.000 0.979 
0.117 0.949 0.662 0.750 0.868 0.926 0.916 0.695 
0.080 0.966 0.735 0.797 1.000 1.000 1.000 0.979 
0.087 0.967 0.784 0.719 0.989 1.000 0.979 0.916 
0.134 0.950 1.490 0.656 1.000 1.000 1.000 1.000 
0.111 0.948 2.053 0.578 1.000 1.000 1.000 1.000 
0.088 0.967 0.756 0.711 1.000 1.000 1.000 1.000 
0.097 0.967 0.618 0.742 1.000 1.000 1.000 0.989 
0.094 0.963 0.690 0.742 1.000 1.000 1.000 0.937 
0.076 0.976 0.707 0.703 1.000 1.000 1.000 0.989 
0.077 0.971 1.492 0.602 1.000 1.000 1.000 1.000 
0.087 0.969 0.974 0.695 1.000 1.000 1.000 1.000 
0.098 0.959 0.731 0.766 1.000 1.000 1.000 1.000 
0.111 0.969 0.768 0.789 0.978 0.989 0.937 0.811 
0.122 0.950 1.022 0.711 1.000 1.000 1.000 1.000 
0.093 0.973 0.654 0.773 1.000 1.000 1.000 1.000 
0.084 0.967 0.732 0.781 1.000 1.000 1.000 1.000 
0.114 0.958 0.452 0.781 1.000 1.000 1.000 1.000 
0.142 0.971 0.919 0.719 1.000 1.000 1.000 0.989 
0.212 0.934 0.707 0.734 1.000 1.000 1.000 0.958 
0.152 0.954 1.057 0.656 1.000 1.000 1.000 1.000 
0.143 0.941 0.810 0.766 1.000 1.000 1.000 1.000 
0.107 0.968 0.619 0.773 1.000 1.000 1.000 0.979 
0.089 0.966 0.642 0.789 1.000 1.000 1.000 1.000 
0.099 0.971 0.826 0.750 1.000 1.000 1.000 1.000 
0.083 0.971 0.653 0.805 1.000 1.000 1.000 1.000 
0.084 0.967 0.666 0.750 1.000 1.000 1.000 0.979 
0.133 0.954 0.820 0.750 1.000 1.000 1.000 0.979 
0.116 0.948 1.053 0.688 1.000 1.000 0.968 0.947 
0.118 0.954 0.736 0.758 1.000 1.000 1.000 0.968 
0.147 0.944 1.136 0.742 1.000 1.000 1.000 1.000 
0.107 0.957 0.596 0.797 1.000 1.000 1.000 1.000 
0.088 0.960 0.718 0.727 1.000 1.000 1.000 0.989 
0.086 0.964 1.163 0.688 1.000 1.000 1.000 1.000 
0.086 0.967 0.595 0.781 1.000 1.000 1.000 0.989 
0.115 0.959 0.899 0.719 1.000 1.000 1.000 0.979 
0.165 0.944 1.120 0.695 1.000 1.000 1.000 0.989 
0.122 0.966 0.723 0.805 1.000 1.000 1.000 0.905 
0.077 0.969 0.733 0.758 1.000 1.000 1.000 1.000 
0.065 0.980 0.930 0.695 1.000 1.000 1.000 1.000 
0.068 0.973 0.799 0.703 1.000 1.000 1.000 1.000 
0.071 0.973 0.449 0.852 1.000 1.000 1.000 0.989 
0.081 0.971 0.657 0.750 1.000 1.000 1.000 0.989 
0.080 0.974 0.482 0.836 1.000 1.000 1.000 0.989 
0.160 0.960 0.701 0.820 1.000 1.000 1.000 0.989 
0.134 0.949 0.544 0.812 1.000 1.000 1.000 0.937 
0.097 0.950 0.971 0.719 1.000 1.000 1.000 0.979 
0.092 0.973 0.993 0.719 1.000 1.000 1.000 1.000 
0.108 0.967 0.743 0.773 1.000 1.000 1.000 1.000 
0.104 0.960 1.106 0.656 1.000 1.000 1.000 1.000 
0.108 0.968 0.854 0.781 1.000 1.000 1.000 0.989 
0.132 0.959 0.633 0.719 1.000 1.000 1.000 1.000 
0.112 0.963 0.976 0.672 0.978 0.989 0.958 0.895 
0.168 0.953 0.882 0.703 1.000 1.000 1.000 0.989 
0.142 0.958 0.789 0.727 1.000 1.000 1.000 1.000 
0.181 0.959 2.293 0.547 1.000 1.000 1.000 1.000 
0.235 0.937 2.686 0.562 1.000 1.000 1.000 1.000 
0.172 0.957 1.608 0.625 1.000 1.000 1.000 1.000 
0.146 0.944 0.779 0.773 1.000 1.000 1.000 1.000 
0.116 0.954 0.531 0.789 1.000 1.000 1.000 0.989 
0.094 0.969 1.019 0.703 0.989 0.989 0.968 0.905 
0.142 0.963 0.705 0.727 1.000 1.000 1.000 0.958 
0.191 0.931 1.845 0.586 1.000 1.000 1.000 1.000 
0.191 0.908 3.277 0.500 1.000 1.000 1.000 1.000 
0.110 0.964 0.674 0.766 1.000 1.000 0.989 0.968 
0.100 0.963 0.681 0.734 1.000 1.000 1.000 1.000 
0.080 0.962 0.619 0.797 1.000 1.000 1.000 1.000 
0.110 0.969 0.971 0.711 1.000 1.000 1.000 1.000 
0.162 0.940 1.033 0.648 0.978 0.989 0.895 0.768 
0.232 0.948 0.926 0.703 1.000 1.000 1.000 1.000 
0.145 0.949 0.905 0.664 1.000 1.000 1.000 1.000 
0.131 0.962 1.148 0.703 1.000 1.000 1.000 1.000 
0.106 0.955 0.644 0.797 1.000 1.000 1.000 1.000 
0.093 0.968 0.558 0.781 1.000 1.000 1.000 0.989 
0.097 0.968 0.663 0.789 1.000 1.000 1.000 1.000 
0.077 0.964 0.818 0.703 1.000 1.000 1.000 1.000 
0.064 0.973 0.629 0.789 1.000 1.000 1.000 1.000 
0.075 0.969 0.742 0.781 1.000 1.000 1.000 0.989 
0.071 0.971 0.913 0.734 1.000 1.000 1.000 1.000 
0.083 0.971 0.830 0.781 1.000 1.000 1.000 1.000 
0.197 0.953 1.041 0.727 1.000 1.000 1.000 1.000 
0.302 0.891 3.495 0.578 1.000 1.000 1.000 1.000 
0.140 0.943 0.903 0.758 1.000 1.000 1.000 1.000 
0.072 0.974 0.814 0.773 1.000 1.000 1.000 1.000 
0.086 0.963 0.533 0.812 1.000 1.000 1.000 1.000 
0.090 0.962 0.710 0.789 1.000 1.000 1.000 1.000 
0.125 0.958 0.639 0.797 1.000 1.000 1.000 0.947 
0.096 0.962 0.516 0.773 1.000 1.000 1.000 1.000 
0.085 0.963 0.858 0.742 1.000 1.000 1.000 1.000 
0.137 0.967 0.776 0.758 1.000 1.000 1.000 1.000 
0.090 0.968 0.875 0.750 0.989 1.000 0.989 0.926 
0.098 0.976 0.785 0.742 1.000 1.000 1.000 0.989 
0.136 0.944 0.888 0.742 1.000 1.000 1.000 0.979 
0.079 0.960 0.655 0.812 1.000 1.000 1.000 1.000 
0.075 0.976 0.978 0.750 1.000 1.000 1.000 1.000 
0.078 0.978 0.927 0.711 1.000 1.000 1.000 1.000 
0.088 0.973 0.786 0.734 1.000 1.000 1.000 1.000 
0.099 0.968 0.647 0.797 1.000 1.000 1.000 1.000 
0.110 0.954 0.722 0.773 1.000 1.000 1.000 1.000 
0.105 0.969 1.287 0.719 1.000 1.000 1.000 1.000 
0.168 0.948 0.839 0.805 1.000 1.000 1.000 0.989 
0.083 0.964 0.882 0.750 1.000 1.000 1.000 1.000 
0.103 0.969 0.743 0.773 1.000 1.000 1.000 1.000 
0.079 0.967 0.835 0.781 1.000 1.000 1.000 1.000 
0.068 0.976 0.684 0.781 1.000 1.000 1.000 0.989 
0.063 0.978 1.068 0.742 1.000 1.000 1.000 1.000 
0.089 0.974 0.699 0.812 1.000 1.000 1.000 0.968 
0.119 0.946 1.062 0.680 1.000 1.000 0.989 0.968 
0.083 0.968 0.687 0.781 1.000 1.000 1.000 1.000 
0.086 0.964 0.752 0.773 1.000 1.000 1.000 0.989 
0.101 0.954 0.663 0.742 1.000 1.000 1.000 1.000 
0.099 0.957 0.651 0.766 1.000 1.000 1.000 1.000 
0.081 0.963 0.751 0.711 1.000 1.000 0.979 0.937 
0.066 0.973 0.897 0.758 1.000 1.000 1.000 1.000 
0.058 0.980 0.964 0.703 1.000 1.000 1.000 1.000 
0.085 0.971 0.654 0.789 1.000 1.000 1.000 1.000 
0.082 0.964 0.597 0.781 1.000 1.000 1.000 0.979 
0.067 0.980 0.736 0.805 1.000 1.000 1.000 0.979 
0.092 0.963 0.709 0.781 1.000 1.000 1.000 0.979 
0.102 0.959 0.582 0.820 1.000 1.000 1.000 0.989 
0.095 0.960 0.797 0.789 1.000 1.000 0.989 0.979 
0.107 0.973 0.992 0.758 1.000 1.000 1.000 0.968 
0.177 0.935 1.230 0.711 1.000 1.000 1.000 1.000 
0.086 0.968 1.244 0.719 1.000 1.000 1.000 1.000 
0.090 0.978 1.078 0.711 1.000 1.000 1.000 1.000 
0.127 0.953 2.277 0.641 1.000 1.000 1.000 1.000 
0.075 0.971 0.878 0.758 1.000 1.000 1.000 1.000 
0.062 0.977 0.918 0.742 1.000 1.000 1.000 1.000 
0.080 0.973 0.774 0.781 1.000 1.000 1.000 0.979 
0.106 0.964 0.982 0.734 1.000 1.000 1.000 0.958 
0.122 0.966 0.833 0.750 1.000 1.000 1.000 0.989 
0.077 0.974 0.808 0.742 1.000 1.000 1.000 0.958 
0.061 0.980 0.867 0.727 0.989 1.000 0.968 0.926 
0.065 0.981 0.448 0.844 1.000 1.000 1.000 1.000 
0.088 0.985 0.621 0.797 1.000 1.000 1.000 1.000 
0.215 0.944 0.982 0.680 1.000 1.000 1.000 0.989 
0.109 0.955 0.797 0.781 1.000 1.000 1.000 1.000 
0.065 0.972 0.773 0.766 1.000 1.000 1.000 1.000 
0.065 0.980 0.651 0.773 1.000 1.000 1.000 1.000 
0.070 0.963 2.615 0.586 1.000 1.000 1.000 1.000 
0.092 0.977 1.222 0.680 1.000 1.000 1.000 0.979 
0.091 0.963 0.974 0.758 1.000 1.000 1.000 1.000 
0.084 0.968 0.863 0.773 1.000 1.000 1.000 0.979 
0.125 0.968 0.831 0.773 1.000 1.000 1.000 0.958 
0.111 0.949 0.730 0.758 1.000 1.000 1.000 0.989 
0.063 0.978 0.716 0.797 1.000 1.000 1.000 0.979 
0.080 0.971 1.362 0.695 1.000 1.000 1.000 1.000 
0.141 0.953 0.836 0.781 1.000 1.000 1.000 1.000 
0.180 0.927 0.950 0.773 1.000 1.000 1.000 1.000 
0.185 0.953 0.799 0.742 1.000 1.000 1.000 0.947 
0.144 0.940 0.995 0.680 1.000 1.000 1.000 0.989 
0.085 0.972 0.671 0.766 1.000 1.000 1.000 1.000 
0.080 0.969 0.939 0.773 1.000 1.000 1.000 1.000 
0.082 0.969 1.046 0.758 1.000 1.000 0.947 0.853 
0.074 0.977 0.787 0.773 1.000 1.000 0.979 0.937 
0.067 0.977 0.780 0.773 1.000 1.000 1.000 1.000 
0.067 0.974 0.798 0.734 1.000 1.000 1.000 0.989 
0.059 0.974 0.775 0.789 1.000 1.000 1.000 1.000 
0.054 0.976 0.750 0.742 1.000 1.000 1.000 1.000 
0.065 0.980 0.942 0.797 1.000 1.000 1.000 1.000 
0.128 0.954 0.827 0.758 1.000 1.000 1.000 1.000 
0.220 0.917 1.000 0.680 1.000 1.000 1.000 1.000 
0.120 0.949 0.688 0.742 1.000 1.000 1.000 0.989 
0.099 0.967 0.931 0.711 1.000 1.000 1.000 1.000 
0.127 0.954 0.834 0.758 1.000 1.000 1.000 0.947 
0.103 0.966 0.717 0.797 1.000 1.000 1.000 0.979 
0.139 0.953 1.107 0.758 1.000 1.000 1.000 1.000 
0.162 0.937 0.813 0.742 1.000 1.000 1.000 0.989 
0.158 0.925 0.878 0.688 0.989 1.000 1.000 0.968 
0.087 0.967 0.717 0.789 1.000 1.000 1.000 0.989 
0.062 0.978 0.857 0.711 1.000 1.000 1.000 1.000 
0.056 0.980 0.598 0.789 1.000 1.000 1.000 1.000 
0.067 0.985 0.828 0.781 1.000 1.000 1.000 1.000 
0.094 0.980 0.768 0.781 1.000 1.000 1.000 1.000 
0.078 0.966 1.096 0.680 1.000 1.000 0.989 0.895 
0.084 0.966 0.797 0.852 1.000 1.000 1.000 1.000 
0.045 0.983 0.822 0.742 1.000 1.000 1.000 1.000 
0.047 0.977 0.712 0.805 1.000 1.000 1.000 1.000 
0.048 0.986 0.778 0.805 1.000 1.000 1.000 1.000 
0.066 0.978 0.781 0.758 1.000 1.000 1.000 1.000 
0.047 0.982 0.828 0.820 1.000 1.000 1.000 0.989 
0.064 0.981 0.673 0.812 1.000 1.000 1.000 0.989 
0.120 0.964 1.115 0.719 1.000 1.000 1.000 0.937 
0.214 0.937 1.176 0.703 1.000 1.000 1.000 0.958 
0.248 0.925 0.736 0.773 1.000 1.000 1.000 1.000 
0.163 0.949 1.294 0.633 1.000 1.000 1.000 1.000 
0.121 0.967 0.650 0.805 1.000 1.000 1.000 0.979 
0.092 0.963 0.886 0.719 1.000 1.000 0.968 0.916 
0.058 0.980 0.876 0.789 1.000 1.000 1.000 0.989 
0.094 0.990 0.718 0.750 1.000 1.000 1.000 1.000 
0.085 0.980 0.921 0.719 1.000 1.000 1.000 1.000 
0.099 0.954 0.551 0.805 1.000 1.000 1.000 1.000 
0.097 0.969 0.903 0.766 1.000 1.000 1.000 1.000 
0.122 0.971 1.222 0.750 1.000 1.000 1.000 0.979 
0.085 0.958 1.186 0.703 1.000 1.000 1.000 0.947 
0.069 0.977 0.930 0.781 1.000 1.000 1.000 1.000 
0.061 0.978 0.844 0.789 1.000 1.000 1.000 1.000 
0.071 0.980 0.835 0.781 1.000 1.000 1.000 1.000 
0.099 0.976 0.669 0.797 1.000 1.000 0.989 0.937 
0.137 0.950 1.274 0.648 1.000 1.000 1.000 1.000 
0.177 0.950 1.350 0.656 1.000 1.000 0.989 0.968 
0.178 0.937 0.864 0.719 1.000 1.000 1.000 1.000 
0.116 0.964 1.671 0.664 1.000 1.000 1.000 1.000 
0.054 0.981 0.636 0.773 1.000 1.000 1.000 1.000 
0.072 0.973 1.137 0.680 1.000 1.000 1.000 1.000 
0.076 0.974 0.875 0.773 1.000 1.000 1.000 1.000 
0.084 0.976 1.078 0.734 1.000 1.000 1.000 1.000 
0.110 0.963 1.562 0.664 1.000 1.000 1.000 1.000 
0.078 0.968 0.857 0.781 1.000 1.000 0.989 0.958 
0.111 0.980 0.739 0.797 1.000 1.000 1.000 1.000 
0.071 0.971 0.846 0.734 1.000 1.000 1.000 0.989 
0.047 0.986 0.615 0.766 1.000 1.000 1.000 1.000 
0.056 0.974 0.772 0.758 1.000 1.000 1.000 1.000 
0.075 0.982 0.852 0.719 1.000 1.000 1.000 1.000 
0.069 0.976 1.641 0.648 1.000 1.000 1.000 0.979 
0.076 0.966 0.848 0.797 1.000 1.000 1.000 0.989 
0.143 0.976 1.477 0.633 1.000 1.000 0.989 0.968 
0.229 0.941 3.131 0.547 1.000 1.000 1.000 1.000 
0.204 0.927 2.856 0.547 1.000 1.000 1.000 1.000 
0.113 0.951 1.399 0.633 1.000 1.000 1.000 1.000 
0.143 0.962 1.197 0.664 1.000 1.000 1.000 1.000 
0.126 0.944 2.448 0.570 1.000 1.000 1.000 1.000 
0.070 0.968 0.967 0.766 1.000 1.000 1.000 1.000 
0.079 0.980 0.963 0.758 1.000 1.000 1.000 1.000 
0.090 0.958 0.787 0.758 1.000 1.000 0.989 0.968 
0.219 0.973 0.680 0.797 1.000 1.000 1.000 0.989 
0.067 0.964 1.181 0.703 1.000 1.000 1.000 1.000 
0.053 0.990 0.873 0.805 1.000 1.000 1.000 1.000 
0.080 0.969 0.853 0.812 1.000 1.000 1.000 1.000 
0.091 0.969 0.780 0.758 1.000 1.000 1.000 1.000 
0.091 0.968 0.816 0.789 1.000 1.000 1.000 1.000 
0.091 0.966 0.874 0.797 1.000 1.000 1.000 1.000 
0.100 0.960 0.755 0.781 1.000 1.000 1.000 1.000 
0.099 0.968 0.762 0.781 1.000 1.000 1.000 1.000 
0.058 0.977 0.860 0.727 1.000 1.000 1.000 1.000 
0.045 0.989 0.935 0.742 1.000 1.000 1.000 0.989 
0.052 0.982 0.821 0.750 1.000 1.000 1.000 1.000 
0.060 0.974 0.824 0.734 1.000 1.000 1.000 1.000 
0.065 0.980 0.763 0.750 1.000 1.000 1.000 1.000 
0.056 0.978 0.875 0.742 1.000 1.000 1.000 1.000 
0.073 0.990 0.960 0.766 1.000 1.000 1.000 1.000 
0.142 0.968 0.759 0.750 1.000 1.000 1.000 1.000 
0.114 0.968 1.131 0.773 1.000 1.000 1.000 0.958 
0.089 0.960 0.812 0.719 1.000 1.000 1.000 1.000 
0.057 0.981 2.137 0.672 1.000 1.000 1.000 1.000 
0.056 0.980 1.078 0.766 1.000 1.000 1.000 1.000 
0.194 0.973 0.748 0.742 1.000 1.000 1.000 0.979 
0.078 0.969 0.786 0.758 0.989 1.000 0.979 0.926 
0.047 0.981 0.714 0.812 1.000 1.000 1.000 0.989 
0.042 0.990 0.954 0.703 1.000 1.000 0.989 0.926 
0.067 0.982 0.847 0.797 1.000 1.000 1.000 1.000 
0.084 0.969 0.951 0.797 1.000 1.000 1.000 1.000 
0.053 0.982 0.881 0.797 1.000 1.000 1.000 0.979 
0.061 0.974 0.800 0.766 1.000 1.000 1.000 0.989 
0.161 0.972 0.937 0.742 1.000 1.000 1.000 0.989 
0.235 0.914 1.218 0.695 1.000 1.000 1.000 0.989 
0.096 0.966 1.268 0.688 1.000 1.000 1.000 1.000 
0.090 0.980 0.792 0.781 1.000 1.000 1.000 1.000 
0.072 0.971 0.801 0.734 1.000 1.000 1.000 1.000 
0.156 0.980 0.801 0.797 1.000 1.000 1.000 1.000 
0.102 0.966 0.895 0.766 1.000 1.000 1.000 1.000 
0.078 0.969 1.104 0.750 1.000 1.000 1.000 1.000 
0.056 0.982 0.983 0.727 1.000 1.000 1.000 1.000 
0.076 0.983 0.672 0.844 1.000 1.000 1.000 0.989 
0.049 0.985 0.616 0.781 1.000 1.000 1.000 0.989 
0.107 0.983 1.018 0.742 1.000 1.000 1.000 0.989 
0.223 0.928 3.678 0.562 1.000 1.000 1.000 1.000 
0.064 0.973 1.541 0.656 1.000 1.000 1.000 1.000 
0.049 0.991 0.784 0.781 1.000 1.000 1.000 1.000 
0.130 0.971 0.709 0.805 1.000 1.000 1.000 1.000 
0.093 0.962 0.986 0.742 1.000 1.000 1.000 1.000 
0.060 0.982 0.678 0.773 1.000 1.000 1.000 1.000 
0.048 0.982 0.990 0.727 1.000 1.000 1.000 1.000 
0.076 0.989 0.707 0.805 1.000 1.000 1.000 1.000 
0.100 0.964 0.632 0.742 1.000 1.000 1.000 1.000 
0.054 0.982 0.634 0.859 1.000 1.000 1.000 0.989 
0.078 0.980 0.634 0.820 1.000 1.000 1.000 1.000 
0.077 0.977 0.815 0.789 1.000 1.000 1.000 1.000 
0.062 0.986 0.852 0.750 1.000 1.000 1.000 1.000 
0.102 0.966 1.045 0.727 1.000 1.000 1.000 1.000 
0.128 0.962 0.688 0.750 1.000 1.000 0.968 0.916 
0.114 0.981 1.101 0.695 1.000 1.000 1.000 0.989 
0.080 0.967 1.055 0.688 1.000 1.000 1.000 1.000 
0.126 0.957 1.019 0.750 1.000 1.000 1.000 0.958 
0.085 0.966 1.237 0.727 1.000 1.000 1.000 1.000 
0.079 0.967 1.329 0.734 1.000 1.000 1.000 1.000 
0.071 0.976 1.102 0.742 1.000 1.000 1.000 1.000 
0.140 0.972 0.926 0.734 1.000 1.000 1.000 1.000 
0.217 0.930 3.653 0.531 1.000 1.000 1.000 1.000 
0.096 0.963 1.513 0.648 1.000 1.000 1.000 1.000 
0.073 0.963 0.745 0.766 1.000 1.000 1.000 1.000 
0.062 0.978 0.571 0.805 1.000 1.000 1.000 0.989 
0.076 0.973 0.763 0.797 1.000 1.000 1.000 1.000 
0.129 0.972 0.804 0.789 1.000 1.000 1.000 1.000 
0.079 0.974 0.582 0.789 1.000 1.000 0.989 0.968 
0.119 0.977 0.828 0.781 1.000 1.000 0.989 0.968 
0.096 0.968 0.827 0.727 1.000 1.000 1.000 1.000 
0.066 0.980 1.006 0.719 1.000 1.000 1.000 1.000 
0.063 0.982 0.773 0.766 1.000 1.000 1.000 1.000 
0.058 0.980 0.825 0.789 1.000 1.000 1.000 1.000 
0.053 0.987 0.733 0.773 1.000 1.000 1.000 0.989 
0.087 0.978 1.225 0.727 1.000 1.000 1.000 1.000 
0.069 0.973 2.510 0.609 1.000 1.000 1.000 1.000 
0.086 0.967 1.430 0.703 1.000 1.000 1.000 1.000 
0.083 0.963 1.208 0.719 1.000 1.000 1.000 1.000 
0.055 0.985 0.883 0.758 1.000 1.000 0.989 0.926 
0.042 0.983 0.955 0.750 1.000 1.000 0.979 0.895 
0.046 0.987 0.897 0.781 1.000 1.000 1.000 1.000 
0.104 0.985 0.726 0.797 1.000 1.000 1.000 1.000 
0.066 0.974 1.239 0.656 1.000 1.000 0.989 0.947 
0.060 0.977 0.730 0.758 1.000 1.000 0.989 0.968 
0.046 0.990 0.666 0.781 1.000 1.000 1.000 1.000 
0.041 0.983 0.957 0.781 1.000 1.000 0.989 0.968 
0.042 0.983 0.965 0.750 1.000 1.000 1.000 0.989 
0.052 0.982 0.668 0.867 1.000 1.000 1.000 0.979 
0.048 0.980 0.765 0.797 1.000 1.000 1.000 0.979 
0.045 0.985 0.944 0.781 1.000 1.000 1.000 0.989 
0.048 0.980 1.111 0.789 1.000 1.000 1.000 1.000 
0.058 0.989 0.913 0.781 1.000 1.000 0.989 0.947 
0.043 0.985 1.130 0.742 1.000 1.000 1.000 0.968 
0.048 0.986 0.621 0.844 1.000 1.000 0.989 0.958 
0.058 0.980 0.770 0.812 1.000 1.000 0.989 0.958 
0.046 0.982 0.988 0.789 1.000 1.000 1.000 1.000 
0.109 0.980 0.843 0.797 1.000 1.000 1.000 1.000 
0.092 0.972 0.905 0.734 1.000 1.000 1.000 1.000 
0.111 0.971 0.919 0.742 1.000 1.000 1.000 0.989 
0.101 0.973 0.802 0.758 1.000 1.000 1.000 1.000 
0.163 0.960 2.069 0.609 1.000 1.000 1.000 1.000 
0.174 0.945 1.181 0.719 0.989 1.000 0.979 0.979 
0.212 0.940 2.087 0.594 1.000 1.000 1.000 1.000 
0.139 0.953 2.084 0.641 1.000 1.000 1.000 1.000 
0.106 0.971 1.661 0.688 1.000 1.000 1.000 1.000 
0.075 0.973 1.450 0.672 1.000 1.000 1.000 1.000 
0.100 0.968 0.955 0.789 1.000 1.000 1.000 1.000 
0.081 0.968 0.834 0.742 1.000 0.989 1.000 0.895 
0.054 0.976 0.984 0.750 1.000 1.000 1.000 0.958 
0.037 0.989 0.886 0.805 1.000 1.000 1.000 0.989 
0.036 0.989 0.999 0.750 1.000 1.000 1.000 1.000 
0.064 0.978 0.941 0.773 1.000 1.000 1.000 1.000 
0.073 0.972 0.750 0.758 1.000 1.000 1.000 0.989 
0.102 0.978 0.817 0.750 1.000 1.000 0.989 0.958 
0.063 0.976 0.920 0.758 1.000 1.000 1.000 1.000 
0.042 0.982 0.839 0.781 1.000 1.000 1.000 0.989 
0.090 0.983 1.153 0.719 1.000 1.000 1.000 1.000 
0.099 0.959 1.190 0.719 1.000 1.000 1.000 0.979 
0.069 0.964 1.621 0.672 1.000 1.000 1.000 1.000 
0.051 0.985 0.718 0.742 1.000 1.000 1.000 0.989 
0.048 0.980 0.769 0.742 1.000 1.000 1.000 0.989 
0.089 0.986 0.566 0.781 1.000 1.000 1.000 1.000 
0.101 0.962 0.969 0.758 1.000 1.000 1.000 0.989 
0.100 0.951 2.081 0.625 1.000 1.000 1.000 1.000 
0.078 0.968 0.927 0.773 1.000 1.000 1.000 1.000 
0.068 0.972 0.806 0.789 1.000 1.000 0.958 0.905 
0.057 0.981 0.858 0.789 1.000 1.000 1.000 0.989 
0.068 0.981 1.022 0.711 1.000 1.000 1.000 1.000 
0.087 0.978 1.858 0.680 1.000 1.000 1.000 1.000 
0.071 0.985 1.162 0.727 1.000 1.000 1.000 1.000 
0.070 0.971 0.777 0.766 1.000 1.000 1.000 0.958 
0.075 0.973 0.972 0.750 1.000 1.000 1.000 0.947 
0.065 0.978 1.190 0.750 1.000 1.000 1.000 0.989 
0.097 0.978 1.181 0.742 1.000 1.000 1.000 1.000 
0.097 0.954 2.109 0.625 1.000 1.000 1.000 1.000 
0.055 0.980 1.072 0.727 1.000 1.000 1.000 1.000 
0.050 0.989 0.832 0.805 1.000 1.000 1.000 1.000 
0.064 0.986 0.824 0.789 0.989 1.000 0.958 0.926 
0.076 0.969 1.015 0.750 1.000 1.000 1.000 0.947 
0.042 0.990 0.876 0.766 1.000 1.000 1.000 1.000 
0.047 0.981 0.835 0.797 1.000 1.000 1.000 0.989 
0.042 0.986 0.781 0.820 1.000 1.000 1.000 0.989 
0.045 0.987 1.047 0.750 1.000 1.000 1.000 1.000 
0.052 0.982 0.866 0.742 1.000 1.000 1.000 0.937 
0.128 0.981 0.948 0.789 1.000 1.000 0.989 0.989 
0.136 0.960 1.453 0.656 1.000 1.000 1.000 1.000 
0.123 0.966 2.404 0.578 1.000 1.000 1.000 1.000 
0.120 0.954 1.273 0.734 1.000 1.000 1.000 1.000 
0.152 0.974 0.934 0.719 1.000 1.000 1.000 0.968 
0.100 0.953 1.282 0.742 1.000 1.000 1.000 0.989 
0.103 0.971 1.004 0.758 1.000 1.000 1.000 1.000 
0.100 0.964 1.064 0.719 1.000 1.000 0.989 1.000 
0.068 0.980 1.167 0.703 1.000 1.000 1.000 0.979 
0.048 0.985 0.946 0.734 1.000 1.000 1.000 1.000 
0.056 0.978 0.579 0.820 1.000 1.000 1.000 1.000 
0.033 0.989 0.681 0.781 1.000 1.000 1.000 1.000 
0.047 0.989 1.290 0.688 1.000 1.000 1.000 1.000 
0.055 0.985 1.028 0.742 1.000 1.000 1.000 1.000 
0.099 0.966 1.098 0.781 1.000 1.000 1.000 1.000 
0.086 0.974 1.198 0.711 1.000 1.000 1.000 1.000 
0.056 0.973 0.749 0.727 1.000 1.000 1.000 1.000 
0.088 0.987 1.001 0.773 1.000 1.000 1.000 1.000 
0.125 0.958 1.369 0.680 1.000 1.000 1.000 1.000 
0.074 0.966 0.941 0.688 1.000 1.000 1.000 0.968 
0.044 0.983 0.874 0.773 1.000 1.000 1.000 1.000 
0.047 0.981 1.212 0.719 1.000 1.000 1.000 1.000 
0.082 0.969 1.359 0.719 1.000 1.000 1.000 1.000 
0.083 0.967 0.971 0.742 1.000 1.000 1.000 1.000 
0.141 0.981 0.538 0.812 1.000 1.000 1.000 1.000 
0.075 0.973 0.898 0.820 1.000 1.000 1.000 1.000 
0.065 0.972 0.944 0.758 1.000 1.000 1.000 1.000 
0.061 0.986 0.873 0.812 1.000 1.000 1.000 1.000 
0.047 0.976 1.096 0.664 1.000 1.000 1.000 1.000 
0.048 0.985 0.927 0.742 1.000 1.000 1.000 0.958 
0.061 0.968 1.455 0.688 1.000 1.000 1.000 1.000 
0.052 0.982 0.883 0.758 1.000 1.000 1.000 1.000 
0.074 0.977 0.762 0.828 1.000 1.000 1.000 1.000 
0.058 0.981 0.895 0.805 1.000 1.000 1.000 1.000 
0.075 0.982 0.972 0.789 1.000 1.000 0.989 0.937 
0.116 0.958 1.269 0.672 1.000 1.000 0.989 0.937 
0.047 0.983 1.001 0.727 1.000 1.000 0.989 0.916 
0.033 0.991 0.828 0.781 1.000 1.000 1.000 1.000 
0.038 0.989 0.818 0.820 1.000 1.000 1.000 1.000 
0.032 0.994 0.863 0.797 1.000 1.000 1.000 1.000 
0.039 0.987 0.916 0.758 1.000 1.000 1.000 1.000 
0.047 0.987 0.808 0.789 1.000 1.000 1.000 1.000 
0.064 0.985 0.925 0.781 1.000 1.000 1.000 1.000 
0.092 0.969 1.540 0.680 1.000 1.000 1.000 1.000 
0.045 0.983 0.718 0.828 1.000 1.000 1.000 1.000 
0.085 0.977 0.998 0.766 1.000 1.000 1.000 1.000 
0.144 0.966 1.621 0.617 1.000 1.000 1.000 1.000 
0.236 0.940 0.954 0.617 1.000 1.000 1.000 1.000 
0.131 0.946 0.965 0.703 1.000 1.000 1.000 1.000 
0.080 0.967 0.952 0.766 1.000 1.000 1.000 1.000 
0.039 0.986 0.728 0.781 1.000 1.000 1.000 1.000 
0.041 0.985 0.909 0.766 1.000 1.000 1.000 1.000 
0.035 0.981 1.183 0.703 1.000 1.000 1.000 1.000 
0.039 0.991 0.878 0.773 1.000 1.000 1.000 1.000 
0.061 0.980 1.029 0.766 1.000 1.000 0.989 0.968 
0.068 0.981 1.121 0.703 1.000 1.000 1.000 1.000 
0.082 0.973 1.180 0.656 1.000 1.000 1.000 1.000 
0.081 0.976 0.886 0.789 1.000 1.000 0.989 0.958 
0.096 0.957 0.759 0.742 1.000 1.000 1.000 0.989 
0.079 0.966 1.331 0.734 1.000 1.000 1.000 1.000 
0.069 0.976 0.803 0.773 1.000 1.000 1.000 1.000 
0.068 0.967 0.986 0.750 1.000 1.000 0.989 0.937 
0.040 0.986 0.604 0.836 1.000 1.000 1.000 0.958 
0.030 0.992 0.891 0.812 1.000 1.000 1.000 0.989 
0.044 0.991 0.654 0.836 1.000 1.000 1.000 1.000 
0.103 0.972 1.599 0.695 1.000 1.000 1.000 1.000 
0.092 0.976 0.978 0.781 1.000 1.000 1.000 1.000 
0.085 0.974 1.245 0.750 1.000 1.000 1.000 0.979 
0.151 0.959 1.069 0.695 1.000 1.000 1.000 1.000 
0.090 0.971 0.718 0.750 1.000 1.000 1.000 1.000 
0.046 0.986 0.766 0.773 1.000 1.000 1.000 0.989 
0.041 0.990 0.900 0.797 1.000 1.000 1.000 0.989 
0.042 0.978 0.817 0.789 1.000 1.000 1.000 1.000 
0.030 0.990 1.121 0.750 1.000 1.000 1.000 1.000 
0.024 0.994 0.897 0.797 1.000 1.000 1.000 1.000 
0.034 0.989 1.243 0.750 1.000 1.000 1.000 1.000 
0.067 0.986 1.083 0.758 1.000 1.000 1.000 1.000 
0.079 0.973 1.155 0.750 0.978 1.000 0.926 0.863 
0.038 0.986 0.724 0.781 1.000 1.000 1.000 1.000 
0.046 0.985 0.847 0.797 1.000 1.000 1.000 0.958 
0.093 0.976 2.062 0.609 1.000 1.000 1.000 1.000 
0.128 0.959 1.230 0.742 1.000 1.000 1.000 1.000 
0.069 0.964 1.095 0.695 1.000 1.000 1.000 0.989 
0.069 0.986 0.821 0.758 1.000 1.000 1.000 0.989 
0.078 0.971 1.045 0.766 0.989 0.989 0.926 0.895 
0.044 0.983 2.020 0.680 1.000 1.000 1.000 1.000 
0.060 0.991 0.969 0.781 1.000 1.000 1.000 1.000 
0.113 0.976 2.106 0.664 1.000 1.000 1.000 1.000 
0.157 0.969 3.423 0.562 1.000 1.000 1.000 1.000 
0.068 0.976 1.099 0.734 1.000 1.000 1.000 0.989 
0.049 0.985 0.902 0.773 1.000 1.000 1.000 0.989 
0.034 0.991 0.682 0.797 1.000 1.000 1.000 1.000 
0.028 0.990 0.621 0.805 1.000 1.000 1.000 0.989 
0.036 0.989 0.630 0.812 1.000 1.000 1.000 1.000 
0.044 0.990 1.196 0.773 1.000 1.000 1.000 1.000 
0.126 0.967 2.665 0.617 1.000 1.000 1.000 0.989 
0.056 0.976 0.926 0.758 1.000 1.000 1.000 1.000 
0.092 0.983 0.808 0.766 1.000 1.000 1.000 1.000 
0.142 0.946 1.025 0.727 1.000 1.000 1.000 1.000 
0.100 0.969 1.221 0.719 1.000 1.000 0.989 0.968 
0.098 0.966 0.918 0.727 1.000 1.000 1.000 0.989 
0.122 0.959 1.296 0.766 1.000 1.000 1.000 1.000 
0.194 0.964 0.727 0.766 1.000 1.000 1.000 1.000 
0.078 0.968 0.799 0.758 1.000 1.000 1.000 1.000 
0.073 0.977 0.833 0.781 1.000 1.000 1.000 1.000 
0.043 0.985 0.507 0.820 0.989 1.000 0.989 0.874 
0.063 0.987 0.781 0.812 1.000 1.000 1.000 0.989 
0.056 0.981 1.275 0.734 1.000 1.000 1.000 1.000 
0.104 0.977 0.791 0.805 1.000 1.000 1.000 1.000 
0.075 0.971 0.794 0.773 1.000 1.000 1.000 0.989 
0.087 0.981 0.729 0.781 1.000 1.000 1.000 1.000 
0.109 0.953 1.044 0.711 1.000 1.000 1.000 1.000 
0.064 0.976 1.127 0.672 1.000 1.000 1.000 1.000 
0.048 0.981 0.829 0.766 1.000 1.000 1.000 1.000 
0.051 0.985 0.652 0.805 1.000 1.000 1.000 1.000 
0.071 0.981 1.031 0.766 1.000 1.000 1.000 0.989 
0.177 0.946 1.554 0.609 1.000 1.000 1.000 0.989 
0.119 0.982 1.731 0.648 1.000 1.000 1.000 1.000 
0.136 0.951 2.794 0.602 1.000 1.000 1.000 1.000 
0.102 0.958 0.634 0.820 1.000 1.000 1.000 1.000 
0.063 0.976 0.971 0.711 1.000 1.000 1.000 1.000 
0.057 0.981 1.021 0.758 1.000 1.000 1.000 1.000 
0.032 0.990 1.292 0.734 1.000 1.000 1.000 1.000 
0.038 0.987 0.971 0.789 1.000 1.000 1.000 1.000 
0.066 0.987 1.093 0.766 1.000 1.000 1.000 1.000 
0.070 0.980 0.925 0.844 1.000 1.000 1.000 1.000 
0.077 0.974 0.816 0.797 1.000 1.000 0.979 0.937 
0.188 0.968 1.222 0.742 1.000 1.000 1.000 1.000 
0.126 0.954 0.793 0.719 1.000 1.000 1.000 0.989 
0.044 0.987 0.833 0.797 1.000 1.000 1.000 1.000 
0.035 0.990 1.011 0.805 1.000 1.000 1.000 1.000 
0.075 0.990 1.249 0.750 1.000 1.000 1.000 1.000 
0.103 0.962 1.606 0.719 1.000 1.000 1.000 1.000 
0.061 0.980 1.107 0.758 1.000 1.000 1.000 1.000 
0.080 0.963 0.787 0.805 1.000 1.000 1.000 0.937 
0.073 0.983 0.902 0.766 1.000 1.000 1.000 1.000 
0.066 0.973 1.265 0.688 1.000 1.000 1.000 1.000 
0.064 0.986 1.131 0.773 1.000 1.000 1.000 1.000 
0.083 0.973 1.263 0.805 1.000 1.000 1.000 0.947 
0.035 0.992 1.190 0.773 1.000 1.000 0.989 0.916 
0.038 0.991 0.986 0.797 1.000 1.000 1.000 1.000 
0.058 0.974 1.236 0.711 1.000 1.000 1.000 1.000 
0.031 0.989 0.915 0.766 1.000 1.000 1.000 0.989 
0.055 0.989 0.836 0.812 1.000 1.000 1.000 0.989 
