0.625 0.618 0.701 0.484 1.000 1.000 1.000 1.000 
0.567 0.697 0.708 0.492 1.000 1.000 1.000 1.000 
0.527 0.697 0.695 0.516 1.000 1.000 1.000 1.000 
0.530 0.687 0.674 0.570 1.000 1.000 1.000 1.000 
0.532 0.710 0.677 0.523 1.000 1.000 1.000 1.000 
0.519 0.724 0.708 0.492 1.000 1.000 1.000 1.000 
0.502 0.713 0.710 0.516 1.000 1.000 1.000 1.000 
0.509 0.745 0.807 0.531 1.000 1.000 1.000 1.000 
0.478 0.727 0.853 0.523 1.000 1.000 1.000 1.000 
0.483 0.745 0.847 0.570 1.000 1.000 1.000 1.000 
0.475 0.745 0.946 0.484 1.000 1.000 1.000 1.000 
0.525 0.752 1.153 0.547 1.000 1.000 1.000 1.000 
0.485 0.755 0.863 0.547 1.000 1.000 1.000 1.000 
0.492 0.762 1.118 0.516 1.000 1.000 1.000 1.000 
0.486 0.757 0.611 0.672 1.000 1.000 1.000 1.000 
0.461 0.770 0.911 0.531 1.000 1.000 1.000 1.000 
0.470 0.780 0.914 0.523 1.000 1.000 1.000 1.000 
0.467 0.783 1.408 0.469 1.000 1.000 1.000 1.000 
0.466 0.794 0.984 0.516 1.000 1.000 1.000 1.000 
0.445 0.770 0.802 0.547 1.000 1.000 1.000 1.000 
0.511 0.760 0.841 0.500 1.000 1.000 1.000 1.000 
0.499 0.774 0.801 0.578 1.000 1.000 1.000 1.000 
0.476 0.764 0.824 0.531 1.000 1.000 1.000 1.000 
0.438 0.796 0.876 0.523 1.000 1.000 1.000 1.000 
0.426 0.791 0.649 0.633 1.000 1.000 1.000 1.000 
0.465 0.791 0.739 0.555 1.000 1.000 1.000 1.000 
0.438 0.785 1.080 0.523 1.000 1.000 1.000 1.000 
0.437 0.796 1.105 0.484 1.000 1.000 1.000 1.000 
0.450 0.798 0.740 0.609 1.000 1.000 1.000 1.000 
0.433 0.764 0.959 0.555 1.000 1.000 1.000 1.000 
0.423 0.783 0.676 0.625 1.000 1.000 1.000 1.000 
0.425 0.806 0.751 0.555 1.000 1.000 1.000 1.000 
0.443 0.803 0.852 0.531 1.000 1.000 1.000 1.000 
0.415 0.798 0.727 0.586 1.000 1.000 1.000 1.000 
0.440 0.787 1.391 0.516 1.000 1.000 1.000 1.000 
0.427 0.803 0.886 0.531 0.934 0.968 0.905 0.705 
0.477 0.784 0.827 0.562 1.000 1.000 1.000 1.000 
0.413 0.797 0.782 0.531 1.000 1.000 1.000 1.000 
0.408 0.777 0.632 0.680 1.000 1.000 1.000 1.000 
0.436 0.803 0.733 0.633 1.000 1.000 1.000 1.000 
0.445 0.799 0.586 0.727 1.000 1.000 1.000 1.000 
0.419 0.806 0.590 0.703 1.000 1.000 1.000 1.000 
0.387 0.812 0.891 0.523 1.000 1.000 1.000 1.000 
0.392 0.822 0.693 0.648 1.000 1.000 1.000 1.000 
0.388 0.803 0.614 0.664 1.000 1.000 1.000 1.000 
0.406 0.821 0.622 0.703 1.000 1.000 1.000 1.000 
0.427 0.808 0.768 0.562 1.000 1.000 1.000 1.000 
0.411 0.802 0.734 0.633 1.000 1.000 1.000 1.000 
0.419 0.808 0.703 0.672 1.000 1.000 1.000 1.000 
0.389 0.824 0.969 0.539 1.000 1.000 1.000 1.000 
0.399 0.789 0.892 0.547 1.000 1.000 1.000 1.000 
0.397 0.810 0.649 0.711 1.000 1.000 1.000 1.000 
0.425 0.791 0.949 0.562 1.000 1.000 1.000 1.000 
0.409 0.806 0.578 0.688 1.000 1.000 1.000 1.000 
0.412 0.814 1.465 0.516 1.000 1.000 1.000 1.000 
0.383 0.810 0.827 0.578 1.000 1.000 1.000 1.000 
0.384 0.817 0.676 0.641 1.000 1.000 1.000 1.000 
0.380 0.822 0.792 0.609 1.000 1.000 1.000 1.000 
0.416 0.814 1.438 0.547 1.000 1.000 1.000 1.000 
0.433 0.817 0.589 0.664 1.000 1.000 1.000 1.000 
0.403 0.811 0.818 0.555 1.000 1.000 1.000 1.000 
0.380 0.828 0.802 0.625 1.000 1.000 1.000 1.000 
0.380 0.819 0.709 0.609 1.000 1.000 1.000 1.000 
0.375 0.835 0.921 0.555 1.000 1.000 1.000 1.000 
0.348 0.845 0.805 0.578 1.000 1.000 1.000 1.000 
0.340 0.843 0.654 0.672 1.000 1.000 1.000 1.000 
0.380 0.842 0.770 0.602 1.000 1.000 1.000 1.000 
0.431 0.828 0.624 0.680 1.000 1.000 1.000 1.000 
0.385 0.817 0.721 0.594 1.000 1.000 1.000 1.000 
0.372 0.835 0.606 0.703 1.000 1.000 1.000 1.000 
0.386 0.842 0.936 0.555 1.000 1.000 1.000 1.000 
0.373 0.831 0.687 0.625 1.000 1.000 1.000 1.000 
0.371 0.862 0.762 0.602 1.000 1.000 1.000 1.000 
0.398 0.810 0.669 0.664 1.000 1.000 1.000 1.000 
0.338 0.840 0.588 0.711 1.000 1.000 1.000 1.000 
0.351 0.835 0.861 0.594 1.000 1.000 1.000 1.000 
0.361 0.847 0.545 0.727 1.000 1.000 1.000 1.000 
0.360 0.837 0.620 0.695 0.989 1.000 0.958 0.905 
0.358 0.844 0.556 0.750 1.000 1.000 1.000 1.000 
0.387 0.825 1.076 0.531 1.000 1.000 1.000 1.000 
0.379 0.816 0.589 0.727 1.000 1.000 1.000 1.000 
0.402 0.830 0.735 0.609 1.000 1.000 1.000 1.000 
0.364 0.831 0.574 0.711 1.000 1.000 1.000 1.000 
0.374 0.824 1.042 0.562 1.000 1.000 1.000 1.000 
0.338 0.851 0.636 0.711 1.000 1.000 1.000 1.000 
0.352 0.862 1.043 0.531 0.341 0.432 0.232 0.189 
0.367 0.833 1.561 0.555 1.000 1.000 1.000 1.000 
0.386 0.830 0.782 0.594 1.000 1.000 1.000 1.000 
0.416 0.833 0.684 0.625 0.813 0.884 0.821 0.853 
0.384 0.842 0.685 0.648 1.000 1.000 1.000 1.000 
0.351 0.826 0.603 0.711 1.000 1.000 1.000 1.000 
0.332 0.860 0.968 0.555 1.000 1.000 1.000 1.000 
0.334 0.862 0.600 0.688 1.000 1.000 1.000 1.000 
0.352 0.860 0.571 0.742 1.000 1.000 1.000 1.000 
0.319 0.867 1.056 0.547 1.000 1.000 1.000 1.000 
0.341 0.847 0.873 0.570 1.000 1.000 1.000 1.000 
0.354 0.853 0.524 0.758 1.000 1.000 1.000 1.000 
0.345 0.839 1.405 0.531 1.000 1.000 1.000 1.000 
0.315 0.868 0.510 0.758 1.000 1.000 1.000 1.000 
0.326 0.861 0.760 0.617 1.000 1.000 1.000 1.000 
0.350 0.843 0.578 0.773 1.000 1.000 0.989 0.968 
0.341 0.853 0.783 0.656 1.000 1.000 1.000 1.000 
0.306 0.860 0.825 0.562 1.000 1.000 1.000 1.000 
0.312 0.853 0.643 0.688 1.000 1.000 1.000 1.000 
0.300 0.860 0.540 0.727 1.000 1.000 1.000 1.000 
0.284 0.880 0.541 0.750 1.000 1.000 1.000 1.000 
0.296 0.876 0.596 0.695 1.000 1.000 1.000 1.000 
0.284 0.874 0.523 0.781 1.000 1.000 1.000 1.000 
0.316 0.879 0.536 0.766 1.000 1.000 1.000 1.000 
0.367 0.817 0.785 0.680 1.000 1.000 1.000 1.000 
0.333 0.843 0.857 0.625 0.978 0.989 0.947 0.884 
0.365 0.835 1.051 0.547 1.000 1.000 1.000 1.000 
0.334 0.865 0.536 0.727 1.000 1.000 1.000 1.000 
0.312 0.879 0.569 0.758 1.000 1.000 1.000 1.000 
0.328 0.874 0.685 0.680 1.000 1.000 1.000 1.000 
0.402 0.821 0.652 0.703 0.989 1.000 0.979 0.989 
0.293 0.874 0.592 0.734 1.000 1.000 1.000 1.000 
0.294 0.858 0.744 0.688 1.000 1.000 1.000 1.000 
0.286 0.871 0.554 0.773 1.000 1.000 1.000 0.979 
0.297 0.872 0.919 0.625 1.000 1.000 1.000 1.000 
0.322 0.860 0.821 0.586 1.000 1.000 1.000 0.979 
0.299 0.877 0.800 0.680 1.000 1.000 1.000 0.989 
0.313 0.858 0.586 0.695 1.000 1.000 1.000 1.000 
0.314 0.874 0.595 0.727 1.000 1.000 1.000 1.000 
0.275 0.883 0.568 0.727 1.000 1.000 1.000 1.000 
0.280 0.881 0.543 0.734 1.000 1.000 1.000 1.000 
0.377 0.854 0.500 0.766 1.000 1.000 1.000 1.000 
0.395 0.820 0.651 0.680 0.989 1.000 1.000 0.968 
0.327 0.852 1.468 0.516 1.000 1.000 1.000 1.000 
0.330 0.868 0.494 0.797 1.000 1.000 1.000 1.000 
0.297 0.879 0.519 0.789 0.989 1.000 1.000 0.989 
0.316 0.858 0.770 0.688 1.000 1.000 1.000 1.000 
0.312 0.862 0.762 0.641 1.000 1.000 1.000 1.000 
0.315 0.872 0.635 0.703 1.000 1.000 1.000 1.000 
0.357 0.856 0.607 0.727 0.989 1.000 0.979 0.905 
0.354 0.866 0.586 0.703 1.000 1.000 1.000 1.000 
0.287 0.886 0.566 0.703 1.000 1.000 1.000 1.000 
0.298 0.885 0.588 0.742 1.000 1.000 1.000 1.000 
0.310 0.880 0.827 0.633 1.000 1.000 0.989 0.958 
0.329 0.875 0.885 0.586 1.000 1.000 1.000 0.968 
0.307 0.868 0.727 0.656 1.000 1.000 1.000 1.000 
0.339 0.871 0.734 0.695 1.000 1.000 1.000 1.000 
0.405 0.835 1.137 0.555 0.923 0.905 0.905 0.884 
0.338 0.854 0.746 0.719 1.000 1.000 1.000 1.000 
0.289 0.872 0.698 0.617 1.000 1.000 1.000 1.000 
0.295 0.890 0.528 0.773 1.000 1.000 1.000 1.000 
0.299 0.877 0.684 0.711 1.000 1.000 1.000 0.968 
0.267 0.889 0.592 0.781 1.000 1.000 1.000 1.000 
0.271 0.870 0.558 0.789 1.000 1.000 1.000 1.000 
0.254 0.894 0.677 0.695 0.978 1.000 0.979 0.916 
0.254 0.877 0.527 0.773 1.000 1.000 1.000 1.000 
0.225 0.905 0.739 0.664 0.989 1.000 1.000 0.958 
0.229 0.905 0.670 0.688 1.000 1.000 1.000 0.968 
0.268 0.898 0.536 0.750 0.989 1.000 1.000 0.989 
0.237 0.889 0.551 0.758 1.000 1.000 1.000 1.000 
0.246 0.904 0.606 0.750 0.989 1.000 1.000 0.916 
0.273 0.890 0.690 0.711 1.000 1.000 1.000 1.000 
0.280 0.883 1.061 0.570 1.000 1.000 1.000 0.968 
0.241 0.893 0.808 0.641 1.000 1.000 1.000 0.926 
0.265 0.880 1.065 0.586 1.000 1.000 0.989 0.905 
0.272 0.874 0.506 0.766 1.000 1.000 1.000 1.000 
0.288 0.879 0.789 0.695 1.000 1.000 1.000 1.000 
0.326 0.860 0.986 0.664 1.000 1.000 0.989 0.853 
0.259 0.889 0.949 0.633 1.000 1.000 1.000 1.000 
0.279 0.889 0.603 0.695 1.000 1.000 1.000 1.000 
0.280 0.880 0.552 0.750 1.000 1.000 1.000 1.000 
0.251 0.904 0.597 0.734 1.000 1.000 1.000 1.000 
0.250 0.881 0.513 0.781 1.000 1.000 1.000 1.000 
0.252 0.898 0.635 0.750 1.000 1.000 1.000 1.000 
0.225 0.891 0.660 0.766 0.989 1.000 0.979 0.916 
0.246 0.900 0.515 0.789 1.000 1.000 1.000 1.000 
0.241 0.886 0.519 0.758 1.000 1.000 1.000 1.000 
0.288 0.895 0.635 0.758 1.000 1.000 1.000 0.958 
0.299 0.868 0.706 0.742 1.000 1.000 1.000 1.000 
0.301 0.885 0.733 0.688 1.000 1.000 1.000 0.989 
0.298 0.874 0.595 0.750 1.000 1.000 1.000 1.000 
0.254 0.908 0.653 0.734 1.000 1.000 1.000 1.000 
0.209 0.918 0.456 0.805 1.000 1.000 1.000 1.000 
0.224 0.916 0.685 0.695 0.901 0.947 0.905 0.789 
0.262 0.885 1.452 0.570 1.000 1.000 1.000 1.000 
0.232 0.898 0.758 0.648 0.989 1.000 0.989 0.968 
0.232 0.898 0.482 0.766 1.000 1.000 1.000 1.000 
0.232 0.908 0.530 0.789 1.000 1.000 1.000 1.000 
0.280 0.900 0.601 0.781 1.000 1.000 1.000 1.000 
0.312 0.866 0.985 0.617 0.989 1.000 0.979 0.926 
0.221 0.914 0.491 0.812 1.000 1.000 1.000 1.000 
0.212 0.907 0.440 0.828 1.000 1.000 1.000 1.000 
0.217 0.917 0.620 0.750 1.000 1.000 1.000 1.000 
0.232 0.893 0.650 0.711 0.989 1.000 0.989 0.968 
0.240 0.908 0.480 0.773 1.000 1.000 1.000 1.000 
0.247 0.888 0.656 0.727 1.000 1.000 1.000 1.000 
0.230 0.916 0.642 0.727 1.000 1.000 1.000 1.000 
0.269 0.894 0.468 0.734 1.000 1.000 1.000 1.000 
0.238 0.904 1.007 0.617 1.000 1.000 1.000 1.000 
0.224 0.908 0.619 0.734 1.000 1.000 1.000 1.000 
0.307 0.875 0.727 0.703 1.000 1.000 1.000 1.000 
0.245 0.895 0.708 0.664 1.000 1.000 1.000 1.000 
0.257 0.909 0.568 0.758 1.000 1.000 1.000 1.000 
0.257 0.913 0.627 0.711 1.000 1.000 1.000 0.979 
0.246 0.903 0.770 0.672 1.000 1.000 1.000 1.000 
0.235 0.914 0.612 0.734 1.000 1.000 1.000 1.000 
0.239 0.909 0.545 0.781 1.000 1.000 1.000 1.000 
0.265 0.891 0.806 0.688 0.989 0.979 0.958 0.905 
0.210 0.912 0.964 0.633 1.000 1.000 1.000 0.968 
0.223 0.914 0.535 0.781 1.000 1.000 1.000 1.000 
0.266 0.904 0.496 0.812 1.000 1.000 1.000 1.000 
0.262 0.883 0.601 0.766 1.000 1.000 1.000 1.000 
0.246 0.918 0.566 0.766 1.000 1.000 1.000 1.000 
0.262 0.902 0.632 0.719 1.000 1.000 1.000 1.000 
0.308 0.872 1.035 0.617 1.000 1.000 1.000 1.000 
0.300 0.876 0.671 0.734 1.000 1.000 1.000 1.000 
0.253 0.902 0.751 0.688 1.000 1.000 0.989 0.958 
0.206 0.905 0.406 0.852 1.000 1.000 1.000 0.989 
0.188 0.918 0.537 0.773 1.000 1.000 1.000 0.989 
0.235 0.922 0.644 0.742 1.000 1.000 1.000 1.000 
0.246 0.908 0.547 0.773 1.000 1.000 1.000 0.979 
0.212 0.904 0.643 0.727 1.000 1.000 1.000 1.000 
0.194 0.916 0.664 0.734 1.000 1.000 1.000 0.989 
0.210 0.930 0.703 0.680 1.000 1.000 1.000 1.000 
0.204 0.913 0.757 0.680 1.000 1.000 1.000 1.000 
0.253 0.918 0.728 0.734 1.000 1.000 1.000 0.958 
0.263 0.900 0.718 0.703 1.000 1.000 1.000 0.989 
0.224 0.905 1.679 0.586 1.000 1.000 1.000 1.000 
0.255 0.900 0.904 0.609 1.000 1.000 1.000 1.000 
0.242 0.903 0.832 0.672 1.000 1.000 1.000 0.979 
0.230 0.903 0.664 0.688 1.000 1.000 1.000 1.000 
0.249 0.918 0.765 0.727 1.000 1.000 1.000 1.000 
0.254 0.900 0.561 0.797 1.000 1.000 1.000 0.979 
0.202 0.914 0.624 0.727 1.000 1.000 1.000 1.000 
0.251 0.909 0.773 0.719 1.000 1.000 1.000 1.000 
0.247 0.897 1.625 0.578 0.901 0.916 0.842 0.716 
0.212 0.916 1.099 0.648 1.000 1.000 1.000 1.000 
0.329 0.904 0.887 0.656 1.000 1.000 1.000 1.000 
0.328 0.865 0.740 0.719 1.000 1.000 1.000 1.000 
0.214 0.908 1.100 0.664 1.000 1.000 1.000 1.000 
0.198 0.916 0.429 0.805 1.000 1.000 1.000 1.000 
0.228 0.921 0.623 0.703 1.000 1.000 0.989 0.979 
0.232 0.912 0.673 0.734 1.000 1.000 1.000 0.989 
0.223 0.914 0.903 0.672 0.989 1.000 0.989 0.968 
0.203 0.916 0.655 0.727 1.000 1.000 1.000 1.000 
0.233 0.917 0.644 0.750 1.000 1.000 1.000 1.000 
0.232 0.880 0.916 0.672 0.989 0.989 0.968 0.905 
0.210 0.916 0.643 0.773 1.000 1.000 1.000 1.000 
0.229 0.904 0.558 0.766 1.000 1.000 1.000 1.000 
0.220 0.918 0.507 0.773 1.000 1.000 1.000 1.000 
0.292 0.898 0.891 0.672 1.000 1.000 0.968 0.874 
0.281 0.894 0.640 0.734 1.000 1.000 1.000 1.000 
0.236 0.911 0.880 0.688 1.000 1.000 1.000 1.000 
0.245 0.902 0.757 0.672 1.000 1.000 0.979 0.947 
0.235 0.908 0.657 0.734 1.000 1.000 1.000 1.000 
0.245 0.889 0.746 0.688 1.000 1.000 1.000 1.000 
0.208 0.917 0.489 0.766 1.000 1.000 1.000 1.000 
0.211 0.912 0.824 0.703 0.956 0.968 0.937 0.895 
0.218 0.932 0.593 0.719 1.000 1.000 1.000 0.968 
0.211 0.916 0.616 0.781 1.000 1.000 1.000 1.000 
0.235 0.912 0.657 0.773 1.000 1.000 1.000 1.000 
0.223 0.917 0.615 0.773 1.000 1.000 1.000 1.000 
0.196 0.920 0.646 0.750 1.000 1.000 1.000 1.000 
0.215 0.917 0.586 0.766 1.000 1.000 1.000 1.000 
0.232 0.913 1.000 0.633 1.000 1.000 0.989 0.926 
0.285 0.889 0.486 0.781 1.000 1.000 1.000 1.000 
0.207 0.912 0.465 0.781 1.000 1.000 1.000 1.000 
0.168 0.927 0.528 0.766 1.000 1.000 1.000 0.958 
0.192 0.928 0.738 0.758 1.000 1.000 1.000 1.000 
0.199 0.932 0.498 0.773 1.000 1.000 1.000 1.000 
0.211 0.908 0.992 0.688 0.989 0.989 0.989 0.958 
0.238 0.913 0.537 0.750 1.000 1.000 1.000 1.000 
0.215 0.904 0.605 0.773 1.000 1.000 1.000 1.000 
0.173 0.928 0.635 0.781 1.000 1.000 1.000 1.000 
0.168 0.932 0.672 0.719 0.989 1.000 1.000 0.979 
0.178 0.926 0.550 0.758 1.000 1.000 1.000 0.979 
0.166 0.937 0.545 0.828 1.000 1.000 1.000 1.000 
0.218 0.918 0.589 0.781 1.000 1.000 1.000 1.000 
0.254 0.909 0.409 0.844 1.000 1.000 1.000 1.000 
0.295 0.875 0.597 0.766 1.000 1.000 1.000 1.000 
0.246 0.897 0.497 0.750 1.000 1.000 1.000 0.989 
0.167 0.926 0.524 0.766 1.000 1.000 1.000 1.000 
0.183 0.927 0.451 0.836 1.000 1.000 1.000 1.000 
0.201 0.921 0.515 0.805 1.000 1.000 1.000 1.000 
0.184 0.921 0.468 0.820 1.000 1.000 1.000 0.989 
0.261 0.899 0.581 0.781 1.000 1.000 1.000 1.000 
0.200 0.909 0.696 0.719 1.000 1.000 1.000 1.000 
0.192 0.928 0.426 0.852 1.000 1.000 1.000 1.000 
0.193 0.930 0.564 0.789 1.000 1.000 1.000 1.000 
0.168 0.926 0.607 0.766 0.989 0.989 0.979 0.937 
0.170 0.934 0.745 0.680 1.000 1.000 1.000 0.968 
0.183 0.922 0.565 0.758 1.000 1.000 1.000 1.000 
0.234 0.921 0.651 0.742 1.000 1.000 1.000 0.989 
0.242 0.907 0.556 0.773 1.000 1.000 1.000 1.000 
0.189 0.922 0.624 0.711 0.989 1.000 1.000 0.926 
0.180 0.930 0.645 0.742 1.000 1.000 1.000 1.000 
0.208 0.920 0.489 0.789 1.000 1.000 1.000 1.000 
0.216 0.913 0.713 0.703 1.000 1.000 1.000 0.968 
0.172 0.930 0.672 0.766 1.000 1.000 1.000 1.000 
0.178 0.930 0.717 0.719 1.000 1.000 0.989 0.968 
0.189 0.925 0.675 0.789 1.000 1.000 1.000 1.000 
0.163 0.930 0.615 0.734 1.000 1.000 1.000 1.000 
0.182 0.937 0.533 0.773 1.000 1.000 1.000 0.989 
0.257 0.916 0.838 0.711 1.000 1.000 1.000 1.000 
0.261 0.908 1.186 0.617 0.978 0.968 0.989 0.884 
0.213 0.922 0.726 0.703 1.000 1.000 1.000 1.000 
0.170 0.935 0.568 0.750 1.000 1.000 1.000 1.000 
0.195 0.932 0.619 0.727 1.000 1.000 1.000 1.000 
0.197 0.923 0.639 0.773 1.000 1.000 1.000 0.989 
0.163 0.930 0.572 0.766 1.000 1.000 1.000 0.989 
0.174 0.923 0.654 0.797 1.000 1.000 1.000 1.000 
0.181 0.923 0.637 0.727 1.000 1.000 1.000 1.000 
0.155 0.937 0.652 0.781 1.000 1.000 1.000 1.000 
0.150 0.946 0.565 0.789 1.000 1.000 1.000 1.000 
0.145 0.937 0.741 0.727 1.000 1.000 1.000 0.968 
0.135 0.945 0.553 0.789 1.000 1.000 1.000 1.000 
0.156 0.935 0.776 0.742 1.000 1.000 1.000 1.000 
0.181 0.928 1.088 0.680 1.000 1.000 1.000 0.968 
0.151 0.940 0.619 0.742 1.000 1.000 1.000 0.989 
0.181 0.948 0.625 0.734 0.978 0.989 0.958 0.884 
0.305 0.889 1.085 0.664 1.000 1.000 1.000 1.000 
0.237 0.917 0.829 0.734 1.000 1.000 1.000 1.000 
0.227 0.911 0.650 0.750 1.000 1.000 1.000 0.989 
0.205 0.916 0.643 0.828 1.000 1.000 1.000 1.000 
0.211 0.903 0.747 0.695 1.000 1.000 1.000 1.000 
0.169 0.932 0.689 0.711 1.000 1.000 1.000 0.989 
0.140 0.946 0.669 0.742 0.989 0.989 0.989 0.947 
0.159 0.948 0.438 0.812 1.000 1.000 1.000 0.989 
0.181 0.921 1.036 0.633 1.000 1.000 1.000 1.000 
0.160 0.922 0.521 0.758 1.000 1.000 1.000 0.989 
0.197 0.932 0.547 0.805 1.000 1.000 1.000 1.000 
0.201 0.912 0.752 0.766 1.000 1.000 1.000 1.000 
0.185 0.939 0.743 0.680 0.967 0.968 0.947 0.916 
0.152 0.932 0.511 0.812 1.000 1.000 1.000 1.000 
0.258 0.917 0.732 0.766 1.000 1.000 1.000 1.000 
0.195 0.917 1.139 0.664 1.000 1.000 1.000 1.000 
0.134 0.953 0.636 0.750 1.000 1.000 1.000 1.000 
0.140 0.949 0.646 0.750 1.000 1.000 1.000 1.000 
0.176 0.939 0.874 0.672 0.978 0.989 0.968 0.853 
0.335 0.908 0.698 0.680 1.000 1.000 1.000 1.000 
0.240 0.889 1.865 0.500 1.000 1.000 1.000 1.000 
0.192 0.926 0.657 0.766 1.000 1.000 1.000 1.000 
0.220 0.925 0.834 0.750 1.000 1.000 1.000 1.000 
0.172 0.935 0.583 0.805 1.000 1.000 1.000 1.000 
0.164 0.937 0.713 0.773 1.000 1.000 1.000 1.000 
0.179 0.932 0.512 0.852 1.000 1.000 1.000 1.000 
0.188 0.927 0.844 0.703 0.989 0.989 0.958 0.895 
0.261 0.900 0.879 0.734 1.000 1.000 1.000 1.000 
0.180 0.930 0.642 0.734 1.000 1.000 1.000 1.000 
0.204 0.926 0.719 0.797 1.000 1.000 1.000 1.000 
0.206 0.920 1.356 0.609 1.000 1.000 1.000 1.000 
0.231 0.900 0.868 0.703 1.000 1.000 1.000 0.968 
0.166 0.945 0.909 0.641 1.000 1.000 1.000 0.968 
0.171 0.944 0.675 0.742 1.000 1.000 1.000 0.947 
0.184 0.923 1.054 0.672 1.000 1.000 1.000 1.000 
0.177 0.928 0.618 0.812 1.000 1.000 1.000 1.000 
0.169 0.927 0.689 0.734 1.000 1.000 1.000 1.000 
0.118 0.949 0.520 0.797 1.000 1.000 1.000 1.000 
0.144 0.945 0.600 0.781 1.000 1.000 1.000 1.000 
0.162 0.935 0.813 0.695 1.000 1.000 1.000 1.000 
0.161 0.946 0.820 0.742 1.000 1.000 1.000 1.000 
0.161 0.935 0.819 0.727 1.000 1.000 1.000 1.000 
0.157 0.939 1.192 0.664 1.000 1.000 1.000 1.000 
0.205 0.917 0.640 0.750 1.000 1.000 1.000 0.989 
0.253 0.909 0.706 0.703 1.000 1.000 1.000 1.000 
0.274 0.885 0.652 0.719 1.000 1.000 1.000 1.000 
0.178 0.935 0.641 0.766 1.000 1.000 1.000 1.000 
0.195 0.922 0.622 0.781 1.000 1.000 1.000 1.000 
0.177 0.928 0.630 0.766 1.000 1.000 1.000 0.979 
0.148 0.946 0.582 0.734 1.000 1.000 1.000 1.000 
0.164 0.941 0.693 0.766 1.000 1.000 1.000 1.000 
0.173 0.939 0.942 0.664 1.000 1.000 1.000 0.989 
0.219 0.925 1.210 0.648 1.000 1.000 0.989 0.968 
0.236 0.931 0.566 0.781 1.000 1.000 1.000 0.989 
0.161 0.941 0.652 0.711 1.000 1.000 1.000 1.000 
0.173 0.935 0.549 0.789 1.000 1.000 1.000 1.000 
0.137 0.949 0.603 0.750 1.000 1.000 1.000 1.000 
0.160 0.936 0.588 0.773 1.000 1.000 1.000 1.000 
0.147 0.944 0.823 0.766 1.000 1.000 1.000 1.000 
0.160 0.934 0.462 0.820 1.000 1.000 1.000 1.000 
0.156 0.940 0.628 0.805 1.000 1.000 1.000 1.000 
0.129 0.948 0.601 0.797 1.000 1.000 1.000 1.000 
0.125 0.948 0.818 0.703 1.000 1.000 0.989 0.958 
0.123 0.951 0.593 0.758 1.000 1.000 1.000 0.989 
0.120 0.954 0.665 0.773 1.000 1.000 1.000 0.979 
0.133 0.958 0.724 0.766 1.000 0.989 1.000 0.979 
0.219 0.934 0.829 0.758 1.000 1.000 1.000 1.000 
0.156 0.937 0.694 0.750 1.000 1.000 1.000 1.000 
0.171 0.930 0.674 0.758 1.000 1.000 1.000 1.000 
0.144 0.943 0.635 0.766 1.000 1.000 1.000 1.000 
0.166 0.951 0.586 0.766 1.000 1.000 1.000 1.000 
0.160 0.937 0.586 0.766 1.000 1.000 1.000 1.000 
0.209 0.939 0.574 0.789 1.000 1.000 1.000 1.000 
0.211 0.927 0.713 0.711 0.989 1.000 0.989 0.979 
0.178 0.927 0.843 0.750 1.000 1.000 1.000 1.000 
0.167 0.936 0.720 0.758 1.000 1.000 1.000 0.989 
0.159 0.937 0.556 0.781 1.000 1.000 1.000 1.000 
0.128 0.953 0.644 0.820 1.000 1.000 1.000 1.000 
0.139 0.950 0.694 0.742 1.000 1.000 1.000 1.000 
0.183 0.935 0.585 0.758 0.934 0.968 0.916 0.779 
0.188 0.923 0.649 0.742 1.000 1.000 1.000 1.000 
0.125 0.953 0.626 0.773 1.000 1.000 1.000 1.000 
0.152 0.948 0.553 0.812 1.000 1.000 1.000 1.000 
0.134 0.954 0.746 0.742 1.000 1.000 1.000 1.000 
0.126 0.948 0.737 0.727 0.989 1.000 0.979 0.895 
0.173 0.943 0.585 0.805 1.000 1.000 1.000 1.000 
0.269 0.875 0.990 0.641 1.000 1.000 1.000 1.000 
0.168 0.944 0.612 0.781 1.000 1.000 1.000 1.000 
0.190 0.943 0.712 0.719 1.000 1.000 1.000 1.000 
0.217 0.917 0.762 0.695 0.703 0.811 0.674 0.653 
0.136 0.945 0.897 0.719 1.000 1.000 1.000 1.000 
0.142 0.943 0.609 0.820 1.000 1.000 1.000 1.000 
0.135 0.950 0.780 0.758 1.000 1.000 1.000 0.989 
0.129 0.951 0.560 0.773 1.000 1.000 1.000 1.000 
0.165 0.950 0.643 0.750 0.989 0.989 0.989 0.947 
0.155 0.944 0.462 0.820 1.000 1.000 1.000 1.000 
0.129 0.955 0.680 0.734 1.000 1.000 1.000 1.000 
0.155 0.940 0.492 0.844 1.000 1.000 1.000 1.000 
0.155 0.950 0.512 0.797 1.000 1.000 1.000 1.000 
0.107 0.960 0.558 0.797 1.000 1.000 1.000 1.000 
0.118 0.957 0.706 0.781 1.000 1.000 1.000 1.000 
0.134 0.955 0.595 0.805 1.000 1.000 1.000 1.000 
0.130 0.953 1.057 0.648 1.000 1.000 1.000 1.000 
0.174 0.958 0.798 0.734 1.000 1.000 1.000 1.000 
0.183 0.925 0.722 0.719 1.000 1.000 1.000 1.000 
0.128 0.944 0.694 0.789 1.000 1.000 1.000 1.000 
0.151 0.944 0.686 0.750 1.000 1.000 1.000 1.000 
0.127 0.940 0.669 0.773 1.000 1.000 1.000 1.000 
0.129 0.951 0.638 0.781 1.000 1.000 1.000 1.000 
0.244 0.943 0.676 0.773 1.000 1.000 1.000 0.979 
0.209 0.916 0.766 0.719 1.000 1.000 1.000 1.000 
0.169 0.950 0.557 0.773 1.000 1.000 1.000 1.000 
0.138 0.946 0.576 0.797 1.000 1.000 1.000 1.000 
0.153 0.943 0.696 0.789 1.000 1.000 1.000 0.989 
0.267 0.908 1.334 0.711 1.000 1.000 1.000 1.000 
0.195 0.925 0.851 0.766 1.000 1.000 1.000 1.000 
0.136 0.950 0.808 0.773 1.000 1.000 1.000 1.000 
0.119 0.959 0.627 0.789 1.000 1.000 1.000 1.000 
0.114 0.957 0.625 0.812 1.000 1.000 1.000 0.989 
0.157 0.941 0.663 0.766 1.000 1.000 1.000 1.000 
0.116 0.963 0.674 0.781 1.000 1.000 1.000 1.000 
0.127 0.954 0.783 0.758 1.000 1.000 1.000 1.000 
0.185 0.930 0.715 0.781 1.000 1.000 1.000 1.000 
0.212 0.921 0.853 0.703 1.000 1.000 1.000 1.000 
0.220 0.925 1.019 0.750 1.000 1.000 1.000 0.989 
0.168 0.946 0.689 0.797 1.000 1.000 1.000 0.979 
0.152 0.926 1.438 0.625 1.000 1.000 1.000 1.000 
0.141 0.943 0.647 0.773 1.000 1.000 1.000 1.000 
0.112 0.953 0.852 0.758 1.000 1.000 1.000 1.000 
0.106 0.958 0.637 0.789 1.000 1.000 1.000 1.000 
0.133 0.946 0.819 0.773 1.000 1.000 1.000 1.000 
0.133 0.946 0.896 0.766 1.000 1.000 1.000 0.947 
0.176 0.946 0.707 0.766 1.000 1.000 1.000 1.000 
0.144 0.946 0.714 0.750 1.000 1.000 1.000 1.000 
0.148 0.950 1.041 0.727 1.000 1.000 1.000 1.000 
0.107 0.966 0.687 0.719 1.000 1.000 0.989 0.916 
0.139 0.960 0.579 0.789 1.000 1.000 1.000 1.000 
0.130 0.954 0.646 0.781 1.000 1.000 1.000 1.000 
0.122 0.945 0.585 0.797 1.000 1.000 1.000 1.000 
0.123 0.955 0.747 0.805 1.000 1.000 1.000 1.000 
0.109 0.946 0.904 0.766 1.000 1.000 1.000 1.000 
0.099 0.971 0.793 0.766 1.000 1.000 1.000 1.000 
0.149 0.943 0.750 0.773 1.000 1.000 1.000 0.979 
0.142 0.937 1.506 0.664 1.000 1.000 1.000 1.000 
0.154 0.939 0.518 0.773 1.000 1.000 1.000 1.000 
0.178 0.939 0.635 0.742 1.000 1.000 1.000 0.989 
0.120 0.951 0.620 0.719 1.000 1.000 1.000 1.000 
0.125 0.957 0.440 0.844 1.000 1.000 1.000 1.000 
0.133 0.962 0.637 0.773 1.000 1.000 1.000 1.000 
0.111 0.955 0.707 0.773 1.000 1.000 1.000 1.000 
0.092 0.967 0.730 0.781 1.000 1.000 1.000 1.000 
0.113 0.964 0.566 0.805 1.000 1.000 1.000 1.000 
0.132 0.950 0.657 0.773 1.000 1.000 1.000 1.000 
0.112 0.958 0.622 0.797 1.000 1.000 1.000 1.000 
0.131 0.959 0.816 0.719 1.000 1.000 1.000 1.000 
0.114 0.966 0.970 0.672 1.000 1.000 0.989 0.937 
0.118 0.957 1.272 0.688 0.989 0.989 0.947 0.863 
0.146 0.953 1.007 0.734 1.000 1.000 1.000 1.000 
0.168 0.931 1.187 0.742 1.000 1.000 1.000 1.000 
0.187 0.941 1.122 0.680 1.000 1.000 1.000 1.000 
0.239 0.921 1.387 0.680 1.000 1.000 1.000 1.000 
0.161 0.939 0.852 0.711 1.000 1.000 0.989 0.937 
0.098 0.960 0.845 0.766 1.000 1.000 1.000 1.000 
0.124 0.966 0.536 0.852 1.000 1.000 1.000 1.000 
0.097 0.962 0.704 0.742 1.000 1.000 1.000 1.000 
0.128 0.946 0.634 0.797 1.000 1.000 1.000 1.000 
0.116 0.950 0.552 0.844 1.000 1.000 1.000 1.000 
0.120 0.957 0.907 0.695 1.000 1.000 1.000 0.989 
0.179 0.932 1.002 0.703 1.000 1.000 1.000 0.937 
0.162 0.932 0.653 0.820 1.000 1.000 1.000 1.000 
0.115 0.957 0.600 0.797 1.000 1.000 1.000 1.000 
0.101 0.962 0.696 0.773 1.000 1.000 1.000 1.000 
0.101 0.969 0.685 0.805 1.000 1.000 1.000 1.000 
0.117 0.967 0.492 0.844 1.000 1.000 1.000 0.937 
0.135 0.955 0.696 0.820 1.000 1.000 1.000 0.989 
0.118 0.946 0.748 0.781 1.000 0.989 0.979 0.884 
0.130 0.955 0.684 0.773 1.000 1.000 1.000 1.000 
0.117 0.951 0.596 0.789 1.000 1.000 1.000 0.979 
0.113 0.957 0.732 0.758 1.000 1.000 1.000 1.000 
0.094 0.968 0.824 0.805 1.000 1.000 1.000 1.000 
0.112 0.962 0.756 0.773 1.000 1.000 1.000 1.000 
0.118 0.957 0.686 0.805 1.000 1.000 1.000 1.000 
0.090 0.963 1.220 0.672 0.901 0.958 0.884 0.695 
0.110 0.963 0.881 0.750 1.000 1.000 1.000 1.000 
0.226 0.925 0.445 0.836 1.000 1.000 1.000 1.000 
0.156 0.939 0.588 0.812 1.000 1.000 1.000 1.000 
0.125 0.940 1.064 0.656 1.000 0.989 0.979 0.895 
0.100 0.969 0.693 0.797 1.000 1.000 1.000 1.000 
0.112 0.953 0.590 0.781 1.000 1.000 1.000 1.000 
0.105 0.967 0.799 0.789 1.000 1.000 1.000 1.000 
0.156 0.953 0.705 0.781 1.000 1.000 1.000 0.968 
0.151 0.940 0.763 0.797 1.000 1.000 1.000 1.000 
0.151 0.941 0.699 0.750 1.000 1.000 1.000 1.000 
0.140 0.949 0.748 0.734 1.000 1.000 1.000 1.000 
0.187 0.958 0.761 0.758 1.000 1.000 1.000 1.000 
0.252 0.900 0.994 0.695 1.000 1.000 1.000 1.000 
0.189 0.914 0.762 0.766 1.000 1.000 1.000 0.989 
0.146 0.945 0.827 0.742 1.000 1.000 1.000 1.000 
0.188 0.922 0.904 0.703 0.989 0.968 0.947 0.853 
0.143 0.941 0.804 0.789 1.000 1.000 1.000 0.989 
0.151 0.955 0.633 0.797 1.000 1.000 1.000 1.000 
0.146 0.950 1.439 0.648 0.989 1.000 0.979 0.968 
0.114 0.969 1.008 0.727 0.989 1.000 0.989 0.947 
0.151 0.936 1.921 0.602 1.000 1.000 1.000 1.000 
0.155 0.936 0.596 0.805 1.000 1.000 1.000 1.000 
0.135 0.948 0.700 0.773 1.000 1.000 1.000 1.000 
0.083 0.971 0.628 0.828 1.000 1.000 1.000 1.000 
0.081 0.971 0.731 0.758 1.000 1.000 1.000 0.979 
0.087 0.964 0.803 0.734 1.000 1.000 1.000 1.000 
0.097 0.966 0.743 0.766 1.000 1.000 1.000 1.000 
0.148 0.949 0.884 0.703 1.000 1.000 1.000 0.989 
0.153 0.945 0.718 0.773 1.000 1.000 1.000 0.989 
0.126 0.954 0.500 0.820 1.000 1.000 1.000 0.989 
0.119 0.963 1.600 0.656 1.000 1.000 1.000 1.000 
0.109 0.957 1.064 0.742 1.000 1.000 1.000 1.000 
0.087 0.963 0.786 0.781 1.000 1.000 1.000 1.000 
0.084 0.973 0.686 0.805 1.000 1.000 1.000 1.000 
0.077 0.972 0.875 0.773 1.000 1.000 1.000 1.000 
0.083 0.960 0.720 0.797 1.000 1.000 1.000 1.000 
0.124 0.967 0.684 0.797 0.989 1.000 0.979 0.926 
0.219 0.911 1.731 0.641 1.000 1.000 1.000 1.000 
0.124 0.958 0.742 0.734 1.000 1.000 1.000 1.000 
0.105 0.957 0.594 0.789 1.000 1.000 1.000 1.000 
0.137 0.954 0.617 0.828 1.000 1.000 1.000 1.000 
0.174 0.945 0.592 0.805 1.000 1.000 1.000 0.979 
0.211 0.909 1.501 0.641 1.000 1.000 1.000 1.000 
0.156 0.934 1.295 0.648 1.000 1.000 1.000 1.000 
0.103 0.963 0.569 0.805 1.000 1.000 1.000 1.000 
0.107 0.962 0.739 0.797 1.000 1.000 1.000 1.000 
0.166 0.962 0.846 0.695 1.000 1.000 1.000 0.989 
0.222 0.912 1.126 0.680 0.989 0.989 0.989 0.937 
0.112 0.955 0.651 0.781 1.000 1.000 1.000 0.989 
0.129 0.951 0.517 0.820 1.000 1.000 1.000 0.947 
0.075 0.973 0.536 0.797 1.000 1.000 1.000 1.000 
0.107 0.955 0.666 0.781 1.000 1.000 1.000 1.000 
0.090 0.968 0.679 0.797 1.000 1.000 1.000 1.000 
0.085 0.972 0.831 0.750 1.000 1.000 1.000 1.000 
0.089 0.967 0.778 0.789 1.000 1.000 1.000 1.000 
0.103 0.964 0.733 0.781 1.000 1.000 1.000 1.000 
0.149 0.963 0.702 0.805 1.000 1.000 1.000 1.000 
0.214 0.923 0.909 0.734 1.000 1.000 1.000 1.000 
0.131 0.963 1.470 0.680 1.000 1.000 1.000 1.000 
0.209 0.914 1.669 0.664 1.000 1.000 1.000 1.000 
0.161 0.940 0.645 0.781 1.000 1.000 1.000 1.000 
0.112 0.953 0.439 0.828 1.000 1.000 1.000 1.000 
0.130 0.944 0.655 0.805 1.000 1.000 1.000 1.000 
0.127 0.953 1.105 0.703 1.000 1.000 1.000 1.000 
0.098 0.964 0.790 0.781 1.000 1.000 1.000 1.000 
0.109 0.962 0.753 0.781 1.000 1.000 1.000 1.000 
0.141 0.950 0.989 0.750 0.978 0.979 0.947 0.895 
0.199 0.932 3.976 0.562 1.000 1.000 1.000 1.000 
0.142 0.937 1.196 0.703 1.000 1.000 1.000 0.989 
0.102 0.960 0.956 0.727 1.000 1.000 1.000 0.968 
0.137 0.964 0.895 0.703 1.000 1.000 0.989 0.989 
0.153 0.935 0.655 0.758 1.000 1.000 1.000 1.000 
0.133 0.968 0.702 0.781 1.000 1.000 1.000 1.000 
0.125 0.953 0.742 0.781 1.000 1.000 1.000 0.989 
0.115 0.959 1.529 0.664 1.000 1.000 1.000 1.000 
0.097 0.967 0.793 0.805 1.000 1.000 1.000 1.000 
0.131 0.957 0.832 0.727 1.000 1.000 1.000 1.000 
0.106 0.962 0.881 0.750 1.000 1.000 1.000 1.000 
0.099 0.967 1.252 0.711 1.000 1.000 1.000 0.989 
0.096 0.963 0.558 0.812 1.000 1.000 1.000 1.000 
0.081 0.968 0.820 0.789 1.000 1.000 1.000 1.000 
0.102 0.951 0.840 0.789 1.000 1.000 1.000 1.000 
0.103 0.951 0.674 0.773 1.000 1.000 0.979 0.884 
0.080 0.966 0.729 0.781 1.000 1.000 1.000 1.000 
0.102 0.962 1.209 0.656 1.000 1.000 1.000 0.979 
0.062 0.978 0.721 0.820 1.000 1.000 1.000 1.000 
0.066 0.971 0.604 0.820 1.000 1.000 1.000 1.000 
0.068 0.973 0.960 0.734 1.000 1.000 0.989 0.958 
0.073 0.969 0.649 0.812 1.000 1.000 1.000 0.979 
0.067 0.980 0.638 0.836 1.000 1.000 1.000 1.000 
0.076 0.966 0.863 0.734 1.000 1.000 1.000 1.000 
0.073 0.974 0.651 0.805 1.000 1.000 1.000 1.000 
0.110 0.957 0.880 0.789 1.000 1.000 1.000 1.000 
0.103 0.967 0.773 0.766 1.000 1.000 1.000 1.000 
0.109 0.959 0.763 0.766 1.000 1.000 1.000 0.989 
0.152 0.958 0.548 0.781 1.000 1.000 1.000 1.000 
0.111 0.960 0.831 0.758 1.000 1.000 1.000 1.000 
0.098 0.962 0.926 0.773 1.000 1.000 1.000 1.000 
0.088 0.954 0.906 0.742 1.000 1.000 0.979 0.926 
0.076 0.978 0.624 0.797 1.000 1.000 1.000 1.000 
0.081 0.969 0.880 0.766 1.000 1.000 1.000 1.000 
0.106 0.973 0.755 0.805 1.000 1.000 1.000 1.000 
0.116 0.949 0.995 0.727 1.000 1.000 1.000 1.000 
0.082 0.973 0.662 0.773 1.000 1.000 1.000 1.000 
0.078 0.972 0.747 0.789 1.000 1.000 1.000 1.000 
0.086 0.962 0.773 0.781 1.000 1.000 1.000 0.979 
0.078 0.980 0.691 0.820 1.000 1.000 1.000 1.000 
0.062 0.974 0.895 0.781 1.000 1.000 1.000 1.000 
0.056 0.987 0.742 0.820 1.000 1.000 1.000 0.989 
0.107 0.983 0.962 0.781 1.000 1.000 1.000 1.000 
0.233 0.935 3.048 0.547 1.000 1.000 1.000 1.000 
0.194 0.923 1.257 0.727 1.000 1.000 1.000 1.000 
0.181 0.939 1.034 0.719 1.000 1.000 1.000 0.989 
0.143 0.941 0.807 0.734 1.000 1.000 0.989 0.926 
0.136 0.948 0.658 0.789 1.000 1.000 1.000 1.000 
0.125 0.948 0.817 0.750 1.000 1.000 1.000 1.000 
0.075 0.977 0.703 0.781 1.000 1.000 1.000 1.000 
0.078 0.967 1.847 0.648 1.000 1.000 1.000 1.000 
0.093 0.968 0.919 0.773 1.000 1.000 1.000 0.979 
0.072 0.972 0.812 0.781 1.000 1.000 1.000 1.000 
0.087 0.967 0.727 0.797 1.000 1.000 1.000 1.000 
0.109 0.962 0.665 0.781 1.000 1.000 1.000 1.000 
0.115 0.948 0.920 0.789 1.000 1.000 1.000 0.968 
0.069 0.978 0.661 0.805 1.000 1.000 1.000 0.968 
0.068 0.977 0.611 0.773 1.000 1.000 1.000 0.989 
0.090 0.968 0.750 0.750 0.989 0.989 0.958 0.905 
0.119 0.949 0.575 0.836 1.000 1.000 0.989 0.968 
0.070 0.976 0.703 0.781 1.000 1.000 1.000 1.000 
0.067 0.978 0.647 0.805 1.000 1.000 1.000 1.000 
0.076 0.981 0.779 0.773 1.000 1.000 1.000 1.000 
0.096 0.964 0.680 0.852 1.000 1.000 1.000 1.000 
0.070 0.974 0.983 0.750 1.000 1.000 0.989 0.979 
0.081 0.967 0.849 0.750 1.000 1.000 1.000 1.000 
0.114 0.948 1.079 0.727 1.000 1.000 1.000 1.000 
0.084 0.962 0.805 0.781 1.000 1.000 1.000 1.000 
0.064 0.982 0.677 0.820 1.000 1.000 1.000 1.000 
0.124 0.966 0.853 0.750 1.000 1.000 1.000 1.000 
0.181 0.914 2.427 0.562 1.000 1.000 1.000 1.000 
0.124 0.955 0.679 0.727 1.000 1.000 1.000 1.000 
0.113 0.967 0.745 0.805 1.000 1.000 1.000 1.000 
0.130 0.936 1.040 0.773 1.000 1.000 1.000 1.000 
0.085 0.966 1.090 0.766 1.000 1.000 1.000 1.000 
0.090 0.972 1.087 0.766 1.000 1.000 1.000 1.000 
0.071 0.969 0.927 0.750 1.000 1.000 1.000 1.000 
0.092 0.971 1.162 0.727 1.000 1.000 1.000 1.000 
0.094 0.967 0.861 0.758 1.000 1.000 1.000 1.000 
0.151 0.955 0.771 0.773 1.000 1.000 1.000 1.000 
0.190 0.934 0.861 0.766 1.000 1.000 1.000 0.989 
0.113 0.959 1.149 0.703 1.000 1.000 1.000 1.000 
0.110 0.973 0.776 0.789 1.000 1.000 1.000 1.000 
0.127 0.946 0.838 0.805 1.000 1.000 1.000 1.000 
0.100 0.972 0.806 0.797 1.000 1.000 1.000 1.000 
0.127 0.960 1.002 0.734 1.000 1.000 1.000 1.000 
0.119 0.941 2.532 0.617 1.000 1.000 1.000 1.000 
0.106 0.963 0.616 0.805 1.000 1.000 1.000 1.000 
0.093 0.957 0.838 0.719 1.000 1.000 0.989 0.958 
0.104 0.951 0.782 0.766 1.000 1.000 1.000 1.000 
0.104 0.967 0.579 0.812 1.000 1.000 1.000 1.000 
0.130 0.951 0.542 0.766 1.000 1.000 1.000 1.000 
0.106 0.953 1.018 0.703 1.000 1.000 1.000 1.000 
0.092 0.966 0.653 0.781 1.000 1.000 1.000 1.000 
0.082 0.968 0.722 0.789 1.000 1.000 1.000 1.000 
0.064 0.974 0.885 0.742 1.000 1.000 1.000 1.000 
0.088 0.968 0.974 0.742 1.000 0.989 0.989 0.947 
0.076 0.966 0.727 0.828 1.000 1.000 0.989 0.979 
0.078 0.969 0.655 0.828 1.000 1.000 1.000 1.000 
0.065 0.973 1.076 0.773 1.000 1.000 1.000 1.000 
0.063 0.980 0.885 0.773 1.000 1.000 1.000 1.000 
0.066 0.976 0.874 0.828 1.000 1.000 1.000 0.979 
0.072 0.978 0.775 0.828 1.000 1.000 1.000 1.000 
0.085 0.969 2.075 0.641 1.000 1.000 1.000 1.000 
0.103 0.963 0.768 0.773 1.000 1.000 0.989 0.947 
0.123 0.959 0.794 0.742 1.000 1.000 1.000 1.000 
0.131 0.943 1.958 0.578 1.000 1.000 1.000 1.000 
0.077 0.969 0.627 0.781 1.000 1.000 1.000 1.000 
0.138 0.973 0.816 0.758 1.000 1.000 1.000 1.000 
0.097 0.966 1.484 0.688 1.000 1.000 1.000 1.000 
0.063 0.973 0.594 0.828 1.000 1.000 1.000 1.000 
0.079 0.983 0.850 0.781 1.000 1.000 1.000 1.000 
0.188 0.963 0.950 0.766 1.000 1.000 0.979 0.947 
0.150 0.951 1.485 0.688 1.000 1.000 1.000 1.000 
0.166 0.922 0.977 0.742 1.000 1.000 0.989 0.937 
0.077 0.969 0.823 0.766 1.000 1.000 1.000 1.000 
0.082 0.971 0.724 0.781 1.000 1.000 1.000 0.989 
0.055 0.976 0.766 0.766 1.000 1.000 1.000 1.000 
0.093 0.980 0.659 0.805 1.000 1.000 1.000 0.979 
0.110 0.963 0.963 0.734 1.000 1.000 1.000 0.989 
0.225 0.944 1.210 0.727 1.000 1.000 1.000 1.000 
0.133 0.945 1.501 0.664 1.000 1.000 1.000 1.000 
0.102 0.957 0.896 0.766 1.000 1.000 1.000 1.000 
0.079 0.971 0.600 0.805 1.000 1.000 0.979 0.821 
0.076 0.981 0.880 0.789 1.000 1.000 1.000 0.989 
0.076 0.967 0.912 0.773 1.000 1.000 1.000 1.000 
0.044 0.986 0.679 0.828 1.000 1.000 1.000 1.000 
0.047 0.982 0.671 0.805 1.000 1.000 1.000 1.000 
0.044 0.983 0.730 0.828 1.000 1.000 1.000 1.000 
0.046 0.985 0.951 0.750 1.000 1.000 1.000 0.989 
0.069 0.986 0.723 0.773 1.000 1.000 1.000 0.989 
0.107 0.958 2.722 0.609 1.000 1.000 1.000 1.000 
0.109 0.957 0.832 0.781 1.000 1.000 1.000 1.000 
0.076 0.978 0.793 0.758 1.000 1.000 1.000 1.000 
0.088 0.963 1.313 0.695 1.000 1.000 1.000 1.000 
0.080 0.977 0.875 0.734 1.000 1.000 1.000 0.989 
0.083 0.969 0.592 0.789 1.000 1.000 1.000 0.937 
0.068 0.971 0.904 0.750 1.000 1.000 1.000 0.989 
0.130 0.968 0.576 0.812 1.000 1.000 1.000 0.989 
0.203 0.939 1.069 0.711 1.000 1.000 1.000 0.937 
0.161 0.944 0.863 0.703 1.000 1.000 1.000 1.000 
0.153 0.946 1.076 0.664 1.000 1.000 0.989 0.958 
0.088 0.969 0.902 0.703 1.000 1.000 0.989 0.926 
0.056 0.977 0.554 0.859 1.000 1.000 1.000 1.000 
0.046 0.987 0.630 0.812 1.000 1.000 1.000 1.000 
0.055 0.985 0.804 0.797 1.000 1.000 1.000 1.000 
0.081 0.973 0.831 0.766 1.000 1.000 1.000 1.000 
0.080 0.976 1.392 0.672 1.000 1.000 1.000 1.000 
0.100 0.960 0.866 0.781 1.000 1.000 1.000 1.000 
0.062 0.973 0.808 0.781 1.000 1.000 1.000 1.000 
0.084 0.966 0.849 0.805 1.000 1.000 1.000 0.989 
0.128 0.957 0.701 0.859 1.000 1.000 1.000 0.989 
0.060 0.976 1.474 0.711 1.000 1.000 1.000 1.000 
0.053 0.985 0.689 0.789 1.000 1.000 1.000 1.000 
0.053 0.990 0.957 0.719 1.000 1.000 1.000 0.979 
0.053 0.980 1.347 0.648 1.000 1.000 0.989 0.916 
0.049 0.983 0.614 0.828 1.000 1.000 1.000 0.989 
0.062 0.980 0.827 0.766 1.000 1.000 1.000 1.000 
0.110 0.976 1.318 0.680 1.000 1.000 1.000 0.979 
0.157 0.948 1.080 0.680 1.000 1.000 1.000 1.000 
0.144 0.930 2.002 0.617 1.000 1.000 1.000 1.000 
0.105 0.958 0.857 0.750 1.000 1.000 1.000 1.000 
0.063 0.976 0.818 0.773 1.000 1.000 0.989 0.947 
0.062 0.973 0.798 0.828 1.000 1.000 1.000 1.000 
0.052 0.985 0.773 0.766 1.000 1.000 1.000 1.000 
0.044 0.981 0.443 0.875 1.000 1.000 1.000 1.000 
0.054 0.982 0.580 0.812 1.000 1.000 0.979 0.874 
0.082 0.968 0.679 0.781 1.000 1.000 1.000 1.000 
0.104 0.967 0.629 0.820 1.000 1.000 1.000 1.000 
0.100 0.980 1.109 0.711 1.000 1.000 1.000 1.000 
0.082 0.968 1.001 0.695 1.000 1.000 1.000 1.000 
0.074 0.972 1.209 0.711 1.000 1.000 1.000 1.000 
0.082 0.959 0.825 0.820 1.000 1.000 1.000 1.000 
0.104 0.966 1.068 0.727 1.000 1.000 0.989 0.947 
0.073 0.972 0.711 0.844 1.000 1.000 1.000 0.979 
0.093 0.971 1.312 0.742 1.000 1.000 1.000 1.000 
0.136 0.958 1.914 0.695 1.000 1.000 1.000 0.979 
0.154 0.937 1.660 0.703 1.000 1.000 1.000 0.989 
0.085 0.958 0.831 0.812 1.000 1.000 1.000 0.989 
0.074 0.978 0.541 0.812 1.000 1.000 1.000 0.979 
0.067 0.968 0.707 0.812 1.000 1.000 1.000 1.000 
0.061 0.982 0.957 0.727 1.000 1.000 1.000 1.000 
0.059 0.982 0.652 0.828 1.000 1.000 1.000 1.000 
0.049 0.985 0.643 0.773 1.000 1.000 1.000 0.937 
0.048 0.986 0.814 0.805 1.000 1.000 1.000 0.989 
0.123 0.982 0.758 0.766 0.967 0.979 0.937 0.821 
0.171 0.926 1.153 0.711 1.000 1.000 1.000 1.000 
0.121 0.953 0.949 0.789 1.000 1.000 1.000 1.000 
0.102 0.976 1.175 0.703 1.000 1.000 0.989 0.968 
0.121 0.967 1.177 0.703 1.000 0.989 0.979 0.874 
0.100 0.959 1.509 0.617 1.000 1.000 1.000 1.000 
0.081 0.981 0.605 0.805 1.000 1.000 1.000 1.000 
0.070 0.974 0.717 0.844 1.000 1.000 1.000 1.000 
0.042 0.989 0.844 0.797 1.000 1.000 1.000 1.000 
0.048 0.983 0.950 0.766 1.000 1.000 1.000 1.000 
0.045 0.983 0.884 0.773 1.000 1.000 1.000 1.000 
0.056 0.983 0.771 0.805 1.000 1.000 1.000 1.000 
0.051 0.985 0.785 0.812 1.000 1.000 1.000 1.000 
0.047 0.983 0.943 0.789 1.000 1.000 1.000 1.000 
0.056 0.990 0.653 0.828 1.000 1.000 1.000 1.000 
0.149 0.964 2.203 0.609 1.000 1.000 1.000 1.000 
0.233 0.902 1.538 0.641 1.000 1.000 1.000 1.000 
0.206 0.950 0.725 0.789 1.000 1.000 1.000 1.000 
0.110 0.967 1.147 0.773 1.000 1.000 0.989 0.916 
0.124 0.955 1.257 0.719 1.000 1.000 1.000 1.000 
0.139 0.957 1.012 0.773 1.000 1.000 1.000 1.000 
0.089 0.963 1.017 0.789 1.000 1.000 1.000 1.000 
0.059 0.982 0.713 0.797 1.000 1.000 1.000 1.000 
0.143 0.964 0.846 0.797 1.000 1.000 1.000 1.000 
0.239 0.905 3.477 0.500 1.000 1.000 1.000 1.000 
0.138 0.948 1.047 0.695 1.000 1.000 1.000 1.000 
0.151 0.951 0.910 0.766 1.000 1.000 1.000 0.979 
0.141 0.959 1.452 0.688 1.000 1.000 1.000 1.000 
0.114 0.964 0.604 0.812 1.000 1.000 1.000 1.000 
0.083 0.971 0.541 0.859 1.000 1.000 1.000 1.000 
0.050 0.982 0.790 0.820 1.000 1.000 1.000 1.000 
0.075 0.981 0.687 0.797 1.000 1.000 1.000 0.979 
0.099 0.957 0.482 0.836 1.000 1.000 1.000 1.000 
0.065 0.977 0.920 0.750 1.000 1.000 0.989 0.979 
0.058 0.985 0.936 0.742 1.000 1.000 0.989 0.937 
0.073 0.971 0.846 0.789 1.000 1.000 1.000 1.000 
0.072 0.973 0.661 0.812 1.000 1.000 1.000 0.979 
0.140 0.971 1.443 0.727 1.000 1.000 1.000 1.000 
0.121 0.950 0.902 0.773 1.000 1.000 1.000 1.000 
0.131 0.963 0.762 0.750 1.000 1.000 0.989 0.947 
0.141 0.955 0.650 0.789 1.000 1.000 1.000 1.000 
0.107 0.953 0.850 0.734 1.000 1.000 1.000 1.000 
0.095 0.980 0.647 0.797 1.000 1.000 1.000 1.000 
0.118 0.957 1.022 0.703 0.967 0.968 0.895 0.800 
0.097 0.949 0.694 0.852 1.000 1.000 1.000 1.000 
0.103 0.964 0.927 0.758 1.000 1.000 1.000 0.989 
0.071 0.967 0.869 0.820 1.000 1.000 1.000 1.000 
0.056 0.983 0.943 0.805 1.000 1.000 1.000 1.000 
0.040 0.992 0.622 0.836 1.000 1.000 0.989 0.968 
0.066 0.973 0.706 0.820 1.000 1.000 1.000 1.000 
0.110 0.982 0.685 0.805 1.000 1.000 1.000 1.000 
0.097 0.967 0.828 0.734 1.000 1.000 0.989 0.926 
0.043 0.989 0.662 0.828 1.000 1.000 1.000 0.989 
0.052 0.987 0.883 0.789 1.000 1.000 1.000 1.000 
0.040 0.987 1.241 0.750 1.000 1.000 1.000 1.000 
0.043 0.987 0.689 0.797 1.000 1.000 1.000 1.000 
0.045 0.989 0.910 0.789 1.000 1.000 1.000 1.000 
0.053 0.987 1.019 0.750 1.000 1.000 1.000 1.000 
0.058 0.986 1.169 0.719 1.000 1.000 1.000 1.000 
0.061 0.977 0.850 0.766 1.000 1.000 0.979 0.926 
0.034 0.989 0.827 0.797 1.000 1.000 1.000 1.000 
0.053 0.985 0.807 0.812 1.000 1.000 1.000 1.000 
0.055 0.982 0.911 0.773 1.000 1.000 0.989 0.895 
0.062 0.981 1.109 0.758 1.000 1.000 1.000 1.000 
0.072 0.978 0.845 0.781 1.000 1.000 1.000 1.000 
0.051 0.983 0.832 0.750 1.000 1.000 1.000 1.000 
0.079 0.969 0.763 0.805 1.000 1.000 1.000 0.979 
0.065 0.977 0.754 0.812 1.000 1.000 1.000 1.000 
0.073 0.980 0.868 0.797 1.000 1.000 1.000 1.000 
0.085 0.960 0.911 0.727 1.000 1.000 0.989 0.937 
0.088 0.976 0.702 0.789 1.000 1.000 1.000 1.000 
0.143 0.946 0.634 0.789 1.000 1.000 1.000 0.968 
0.097 0.963 0.773 0.773 1.000 1.000 1.000 1.000 
0.072 0.972 0.719 0.789 1.000 1.000 1.000 0.968 
0.078 0.978 0.612 0.750 1.000 1.000 1.000 0.958 
0.061 0.978 2.128 0.617 1.000 1.000 1.000 1.000 
0.057 0.982 0.778 0.828 1.000 1.000 1.000 1.000 
0.064 0.982 0.769 0.820 1.000 1.000 1.000 1.000 
0.051 0.978 0.747 0.797 1.000 1.000 1.000 1.000 
0.046 0.982 0.682 0.820 1.000 1.000 1.000 1.000 
0.055 0.989 0.809 0.797 1.000 1.000 1.000 1.000 
0.152 0.968 0.826 0.750 1.000 1.000 1.000 1.000 
0.143 0.951 1.157 0.742 1.000 1.000 1.000 1.000 
0.115 0.951 1.120 0.734 1.000 1.000 1.000 1.000 
0.078 0.972 1.352 0.695 1.000 1.000 1.000 0.989 
0.082 0.966 0.959 0.727 1.000 1.000 1.000 0.989 
0.079 0.974 1.219 0.656 1.000 1.000 0.989 0.958 
0.065 0.974 0.834 0.742 1.000 1.000 0.989 0.947 
0.051 0.987 1.011 0.742 1.000 1.000 1.000 1.000 
0.063 0.981 0.774 0.797 1.000 1.000 1.000 1.000 
0.131 0.969 1.107 0.680 1.000 1.000 0.989 0.937 
0.248 0.911 1.421 0.656 1.000 1.000 1.000 0.989 
0.211 0.935 0.886 0.758 1.000 1.000 1.000 1.000 
0.143 0.937 0.776 0.766 0.978 0.958 0.916 0.737 
0.130 0.954 0.886 0.789 1.000 1.000 1.000 0.989 
0.093 0.960 1.089 0.703 1.000 1.000 0.989 0.947 
0.036 0.992 0.922 0.773 1.000 1.000 1.000 0.989 
0.047 0.986 0.549 0.828 1.000 1.000 1.000 1.000 
0.048 0.989 0.543 0.820 1.000 1.000 1.000 1.000 
0.037 0.985 0.698 0.820 1.000 1.000 1.000 1.000 
0.042 0.996 0.723 0.844 1.000 1.000 1.000 1.000 
0.043 0.983 1.090 0.742 1.000 1.000 1.000 1.000 
0.051 0.989 1.028 0.789 1.000 1.000 1.000 1.000 
0.065 0.985 0.848 0.773 1.000 1.000 1.000 0.989 
0.064 0.976 0.984 0.797 1.000 1.000 1.000 1.000 
0.061 0.985 0.868 0.766 1.000 1.000 1.000 0.979 
0.074 0.973 0.902 0.828 0.989 0.989 0.926 0.779 
0.055 0.978 0.791 0.828 1.000 1.000 1.000 0.989 
0.079 0.981 0.893 0.789 1.000 1.000 1.000 0.979 
0.115 0.958 1.157 0.703 1.000 1.000 1.000 0.989 
0.091 0.955 0.822 0.766 1.000 1.000 1.000 0.989 
0.055 0.977 0.731 0.828 1.000 1.000 1.000 1.000 
0.084 0.978 0.830 0.797 1.000 1.000 1.000 1.000 
0.087 0.966 0.742 0.812 1.000 1.000 1.000 0.989 
0.089 0.980 1.015 0.766 1.000 1.000 0.989 0.958 
0.073 0.974 1.707 0.688 1.000 1.000 1.000 0.989 
0.050 0.981 0.793 0.797 1.000 1.000 1.000 1.000 
0.072 0.980 0.705 0.797 1.000 1.000 1.000 1.000 
0.128 0.962 0.713 0.797 1.000 1.000 1.000 0.989 
0.148 0.962 0.955 0.680 0.989 1.000 0.989 0.916 
0.126 0.950 1.025 0.695 1.000 1.000 0.989 0.989 
0.053 0.981 0.962 0.766 1.000 1.000 1.000 1.000 
0.038 0.991 0.719 0.773 1.000 1.000 1.000 1.000 
0.034 0.991 1.011 0.781 1.000 1.000 1.000 1.000 
0.027 0.991 0.931 0.812 1.000 1.000 1.000 1.000 
0.047 0.987 1.037 0.750 1.000 1.000 0.989 0.937 
0.099 0.967 0.869 0.758 1.000 1.000 1.000 0.968 
0.090 0.967 0.967 0.766 1.000 1.000 1.000 1.000 
0.052 0.976 0.889 0.758 1.000 1.000 1.000 1.000 
0.031 0.994 0.990 0.797 1.000 1.000 1.000 0.979 
0.039 0.982 0.924 0.812 1.000 1.000 1.000 1.000 
0.027 0.992 0.922 0.812 1.000 1.000 1.000 1.000 
0.021 0.997 0.870 0.836 1.000 1.000 1.000 0.979 
0.028 0.994 0.741 0.844 1.000 1.000 1.000 1.000 
0.049 0.994 0.873 0.805 1.000 1.000 1.000 0.979 
0.082 0.971 1.099 0.727 1.000 1.000 1.000 1.000 
0.077 0.972 0.763 0.750 1.000 1.000 1.000 1.000 
0.063 0.977 0.833 0.805 1.000 1.000 1.000 1.000 
0.032 0.991 0.980 0.750 1.000 1.000 1.000 0.989 
0.035 0.992 0.807 0.820 1.000 1.000 1.000 1.000 
0.035 0.990 0.961 0.805 1.000 1.000 1.000 1.000 
0.033 0.991 0.920 0.812 1.000 1.000 1.000 0.989 
0.054 0.987 0.972 0.797 1.000 1.000 0.989 0.968 
0.145 0.966 0.982 0.797 1.000 1.000 1.000 1.000 
0.106 0.972 0.948 0.758 1.000 1.000 1.000 1.000 
0.091 0.960 3.226 0.570 1.000 1.000 1.000 1.000 
0.057 0.983 2.356 0.633 1.000 1.000 1.000 1.000 
0.058 0.981 1.498 0.766 1.000 1.000 1.000 1.000 
0.037 0.994 0.787 0.820 1.000 1.000 0.989 0.937 
0.134 0.991 0.994 0.805 1.000 1.000 1.000 1.000 
0.189 0.948 1.846 0.719 1.000 1.000 1.000 1.000 
0.163 0.964 1.165 0.688 1.000 1.000 1.000 0.979 
0.115 0.971 0.887 0.719 1.000 1.000 0.989 0.968 
0.109 0.960 1.145 0.727 1.000 1.000 1.000 0.979 
0.096 0.967 0.928 0.750 1.000 1.000 1.000 1.000 
0.086 0.966 0.754 0.797 1.000 1.000 1.000 0.989 
0.039 0.997 1.226 0.758 1.000 1.000 1.000 1.000 
0.052 0.981 0.694 0.805 1.000 1.000 1.000 0.989 
0.089 0.986 1.012 0.766 1.000 1.000 1.000 1.000 
0.169 0.944 1.302 0.695 1.000 1.000 1.000 0.979 
0.204 0.922 0.843 0.766 1.000 1.000 1.000 0.989 
0.118 0.958 0.823 0.758 1.000 1.000 1.000 1.000 
0.127 0.944 1.106 0.695 1.000 1.000 1.000 1.000 
0.068 0.974 0.717 0.773 1.000 1.000 1.000 0.989 
0.041 0.986 0.721 0.742 1.000 1.000 1.000 0.989 
0.029 0.995 0.736 0.836 1.000 1.000 1.000 0.968 
0.038 0.995 0.727 0.820 1.000 1.000 1.000 0.989 
0.042 0.985 0.863 0.758 1.000 1.000 0.989 0.958 
0.045 0.990 0.679 0.789 1.000 1.000 1.000 0.968 
0.071 0.983 0.852 0.828 1.000 1.000 1.000 0.979 
0.057 0.986 0.871 0.797 1.000 1.000 1.000 0.989 
0.146 0.977 2.528 0.664 1.000 1.000 1.000 1.000 
0.119 0.950 1.670 0.672 0.989 0.989 0.968 0.958 
0.072 0.972 0.933 0.812 1.000 1.000 1.000 1.000 
0.100 0.958 0.868 0.781 1.000 1.000 1.000 0.979 
0.047 0.989 0.849 0.805 1.000 1.000 1.000 1.000 
0.036 0.986 0.926 0.797 1.000 1.000 1.000 1.000 
0.032 0.994 0.829 0.812 1.000 1.000 1.000 0.989 
0.074 0.983 1.395 0.711 1.000 1.000 1.000 1.000 
0.134 0.945 3.857 0.516 1.000 1.000 1.000 1.000 
0.075 0.971 0.712 0.797 1.000 1.000 1.000 0.989 
0.118 0.974 0.682 0.773 1.000 1.000 1.000 0.989 
0.176 0.946 2.256 0.570 1.000 1.000 1.000 1.000 
0.056 0.981 1.266 0.773 1.000 1.000 1.000 0.968 
0.035 0.991 0.480 0.836 1.000 1.000 1.000 1.000 
0.045 0.990 0.886 0.812 1.000 1.000 1.000 0.979 
0.074 0.981 0.928 0.797 1.000 1.000 1.000 1.000 
0.140 0.944 1.426 0.688 1.000 1.000 0.979 0.905 
0.097 0.977 1.371 0.688 1.000 1.000 1.000 0.989 
0.098 0.976 1.593 0.641 0.989 1.000 0.979 0.916 
0.033 0.991 0.536 0.805 1.000 1.000 0.989 0.989 
0.039 0.987 1.116 0.812 1.000 1.000 1.000 1.000 
0.032 0.989 0.995 0.773 1.000 1.000 1.000 0.979 
0.081 0.986 1.126 0.766 1.000 1.000 1.000 0.979 
0.142 0.955 1.252 0.727 0.989 1.000 0.989 0.874 
0.097 0.962 0.820 0.773 1.000 1.000 1.000 0.968 
0.101 0.953 0.833 0.781 1.000 1.000 1.000 1.000 
0.076 0.966 0.737 0.820 1.000 1.000 1.000 1.000 
0.033 0.985 0.655 0.844 1.000 1.000 1.000 1.000 
0.061 0.994 1.085 0.758 1.000 1.000 1.000 1.000 
0.072 0.973 1.109 0.766 1.000 1.000 1.000 1.000 
0.050 0.989 1.000 0.758 1.000 1.000 1.000 0.989 
0.043 0.987 0.830 0.781 1.000 1.000 1.000 0.989 
0.066 0.990 1.047 0.773 1.000 1.000 1.000 1.000 
0.115 0.980 1.364 0.727 1.000 1.000 1.000 1.000 
0.085 0.973 2.162 0.641 1.000 1.000 1.000 1.000 
0.097 0.960 0.992 0.812 1.000 1.000 1.000 0.989 
0.057 0.981 1.034 0.797 1.000 1.000 1.000 1.000 
0.086 0.977 0.683 0.859 1.000 1.000 1.000 1.000 
0.097 0.954 0.798 0.758 1.000 1.000 1.000 1.000 
0.092 0.967 1.074 0.750 1.000 1.000 1.000 1.000 
0.053 0.983 0.808 0.812 1.000 1.000 1.000 1.000 
0.057 0.982 1.425 0.711 1.000 1.000 1.000 1.000 
0.046 0.989 0.927 0.805 1.000 1.000 1.000 0.947 
0.032 0.991 0.708 0.867 1.000 1.000 1.000 0.989 
0.030 0.994 0.776 0.805 1.000 1.000 1.000 0.968 
0.036 0.994 1.240 0.789 1.000 1.000 1.000 1.000 
0.057 0.981 0.857 0.797 1.000 1.000 1.000 0.989 
0.072 0.982 0.812 0.820 1.000 1.000 1.000 1.000 
0.071 0.978 0.865 0.742 1.000 1.000 1.000 1.000 
0.046 0.982 1.158 0.672 1.000 1.000 1.000 0.979 
0.028 0.990 1.127 0.773 1.000 1.000 1.000 1.000 
0.023 0.996 0.860 0.789 1.000 1.000 1.000 1.000 
0.044 0.989 0.954 0.805 1.000 1.000 1.000 1.000 
0.066 0.976 1.025 0.758 1.000 1.000 0.979 0.958 
0.062 0.974 1.090 0.773 1.000 1.000 1.000 1.000 
0.120 0.972 1.075 0.812 1.000 1.000 1.000 1.000 
0.259 0.935 1.085 0.719 1.000 1.000 1.000 1.000 
0.171 0.931 1.006 0.742 1.000 1.000 1.000 1.000 
0.051 0.986 0.870 0.797 1.000 1.000 1.000 1.000 
0.062 0.991 0.884 0.805 1.000 1.000 1.000 1.000 
0.094 0.989 0.956 0.789 1.000 1.000 1.000 1.000 
0.055 0.980 1.156 0.727 1.000 1.000 1.000 0.979 
0.105 0.986 0.697 0.828 1.000 1.000 1.000 1.000 
0.342 0.927 1.185 0.703 1.000 1.000 1.000 0.989 
0.126 0.967 0.786 0.773 0.989 1.000 1.000 0.958 
0.036 0.994 1.592 0.656 1.000 1.000 1.000 1.000 
0.054 0.987 0.615 0.828 1.000 1.000 1.000 0.989 
0.052 0.987 0.903 0.797 1.000 1.000 1.000 0.979 
0.115 0.954 1.005 0.797 1.000 1.000 1.000 1.000 
0.049 0.983 1.292 0.719 1.000 1.000 1.000 1.000 
0.042 0.990 0.855 0.859 1.000 1.000 1.000 1.000 
0.033 0.987 0.835 0.805 1.000 1.000 1.000 1.000 
0.041 0.990 0.896 0.758 1.000 1.000 0.989 0.916 
0.045 0.986 1.362 0.711 1.000 1.000 0.989 0.937 
0.062 0.986 1.055 0.812 1.000 1.000 1.000 1.000 
0.035 0.989 1.040 0.750 1.000 1.000 1.000 1.000 
0.117 0.990 1.264 0.734 1.000 1.000 1.000 1.000 
0.114 0.954 1.914 0.609 1.000 1.000 1.000 0.979 
0.077 0.982 0.807 0.750 1.000 1.000 1.000 1.000 
