1.000 1.000 1.000 1.000 
1.000 1.000 1.000 1.000 
1.000 1.000 0.989 0.895 
0.846 0.863 0.663 0.389 
0.912 0.916 0.695 0.453 
1.000 0.989 0.979 0.842 
0.912 0.916 0.768 0.516 
0.989 0.989 0.958 0.853 
1.000 1.000 1.000 0.968 
1.000 1.000 1.000 0.968 
1.000 1.000 0.989 0.916 
1.000 1.000 1.000 1.000 
1.000 1.000 0.979 0.905 
1.000 1.000 1.000 0.989 
0.945 0.968 0.863 0.684 
1.000 1.000 1.000 1.000 
1.000 1.000 0.979 0.884 
1.000 1.000 1.000 1.000 
0.967 0.968 0.926 0.789 
1.000 1.000 1.000 0.979 
1.000 1.000 0.989 0.968 
1.000 1.000 0.989 0.937 
1.000 1.000 0.968 0.926 
1.000 1.000 1.000 1.000 
0.967 0.968 0.905 0.758 
1.000 1.000 1.000 0.979 
1.000 1.000 0.989 0.968 
1.000 1.000 1.000 0.989 
0.868 0.895 0.705 0.568 
1.000 1.000 1.000 1.000 
0.989 0.989 0.958 0.905 
1.000 1.000 0.989 0.937 
1.000 1.000 1.000 0.979 
1.000 1.000 0.979 0.958 
1.000 1.000 1.000 0.989 
1.000 1.000 0.968 0.895 
0.989 0.989 0.958 0.874 
1.000 1.000 1.000 1.000 
0.978 0.989 0.968 0.853 
1.000 1.000 1.000 1.000 
1.000 1.000 0.989 0.958 
1.000 1.000 1.000 1.000 
1.000 1.000 1.000 0.989 
1.000 1.000 0.989 0.968 
1.000 1.000 1.000 0.989 
1.000 1.000 1.000 1.000 
1.000 1.000 1.000 0.979 
1.000 1.000 1.000 0.989 
1.000 1.000 1.000 0.968 
1.000 1.000 1.000 1.000 
0.956 0.968 0.905 0.800 
1.000 1.000 0.979 0.947 
1.000 1.000 1.000 1.000 
1.000 1.000 0.989 0.958 
1.000 1.000 1.000 1.000 
1.000 1.000 0.979 0.926 
1.000 1.000 0.989 0.926 
1.000 1.000 1.000 0.979 
1.000 1.000 1.000 1.000 
1.000 1.000 0.989 0.958 
0.989 0.989 0.958 0.895 
1.000 1.000 1.000 1.000 
1.000 1.000 1.000 0.968 
1.000 1.000 1.000 1.000 
1.000 1.000 0.989 0.968 
1.000 1.000 0.989 0.947 
1.000 1.000 0.989 0.968 
1.000 1.000 1.000 0.979 
1.000 1.000 1.000 1.000 
0.989 0.989 0.968 0.926 
1.000 1.000 1.000 1.000 
1.000 1.000 0.989 0.947 
1.000 1.000 1.000 1.000 
1.000 1.000 1.000 1.000 
1.000 1.000 1.000 0.979 
1.000 1.000 1.000 1.000 
1.000 1.000 0.989 0.958 
0.967 0.989 0.947 0.853 
1.000 1.000 1.000 1.000 
1.000 1.000 1.000 1.000 
1.000 1.000 1.000 1.000 
1.000 1.000 0.989 0.968 
1.000 1.000 1.000 1.000 
1.000 1.000 1.000 0.989 
1.000 1.000 1.000 1.000 
0.956 0.979 0.958 0.800 
1.000 1.000 1.000 1.000 
1.000 1.000 1.000 0.989 
0.956 0.979 0.958 0.895 
1.000 1.000 1.000 1.000 
1.000 1.000 1.000 0.968 
1.000 1.000 1.000 1.000 
1.000 1.000 0.979 0.947 
1.000 1.000 0.989 0.979 
1.000 1.000 1.000 1.000 
1.000 1.000 0.979 0.947 
0.989 0.989 0.968 0.863 
1.000 1.000 1.000 0.989 
1.000 1.000 1.000 0.989 
1.000 1.000 1.000 1.000 
1.000 1.000 1.000 0.989 
1.000 1.000 1.000 1.000 
1.000 1.000 1.000 1.000 
1.000 1.000 1.000 1.000 
1.000 1.000 1.000 0.958 
1.000 1.000 0.979 0.979 
1.000 1.000 1.000 1.000 
0.989 1.000 0.979 0.958 
1.000 1.000 1.000 1.000 
1.000 1.000 1.000 0.979 
1.000 1.000 0.979 0.937 
1.000 1.000 1.000 1.000 
1.000 1.000 1.000 1.000 
1.000 1.000 1.000 1.000 
1.000 1.000 1.000 0.989 
1.000 1.000 1.000 0.968 
1.000 1.000 1.000 1.000 
1.000 1.000 1.000 1.000 
0.989 1.000 0.968 0.905 
1.000 1.000 0.989 0.947 
1.000 1.000 0.968 0.916 
1.000 1.000 1.000 1.000 
1.000 1.000 1.000 1.000 
1.000 1.000 1.000 1.000 
1.000 1.000 1.000 1.000 
1.000 1.000 1.000 1.000 
1.000 1.000 0.989 0.989 
1.000 1.000 1.000 1.000 
1.000 1.000 1.000 1.000 
1.000 1.000 1.000 1.000 
1.000 1.000 1.000 0.989 
1.000 1.000 1.000 0.968 
1.000 1.000 1.000 1.000 
1.000 1.000 1.000 1.000 
1.000 1.000 1.000 0.989 
1.000 1.000 1.000 1.000 
1.000 1.000 1.000 1.000 
1.000 1.000 1.000 0.989 
1.000 1.000 1.000 1.000 
1.000 1.000 1.000 0.958 
1.000 1.000 1.000 0.989 
1.000 1.000 1.000 1.000 
1.000 1.000 1.000 0.989 
1.000 1.000 1.000 1.000 
1.000 1.000 1.000 1.000 
1.000 1.000 1.000 0.989 
1.000 1.000 1.000 0.968 
1.000 1.000 1.000 1.000 
1.000 1.000 1.000 1.000 
1.000 1.000 1.000 0.989 
1.000 1.000 1.000 0.979 
1.000 1.000 1.000 1.000 
1.000 1.000 1.000 0.958 
1.000 1.000 1.000 1.000 
1.000 1.000 1.000 1.000 
1.000 1.000 1.000 0.968 
1.000 1.000 1.000 1.000 
1.000 1.000 0.989 0.947 
1.000 1.000 1.000 1.000 
0.967 0.979 0.968 0.895 
1.000 1.000 1.000 1.000 
1.000 1.000 1.000 1.000 
0.978 0.979 0.947 0.811 
1.000 1.000 1.000 1.000 
1.000 1.000 1.000 0.989 
1.000 1.000 1.000 1.000 
1.000 1.000 1.000 1.000 
1.000 1.000 1.000 1.000 
1.000 1.000 1.000 1.000 
1.000 1.000 1.000 0.989 
1.000 1.000 1.000 1.000 
1.000 1.000 1.000 1.000 
1.000 1.000 1.000 0.979 
1.000 1.000 1.000 1.000 
1.000 1.000 1.000 0.979 
1.000 1.000 1.000 1.000 
1.000 1.000 1.000 1.000 
1.000 1.000 1.000 1.000 
0.967 0.989 0.989 0.937 
1.000 1.000 1.000 1.000 
0.989 1.000 0.989 0.958 
1.000 1.000 1.000 1.000 
1.000 1.000 1.000 1.000 
1.000 1.000 1.000 1.000 
0.989 1.000 0.989 0.926 
1.000 1.000 1.000 0.989 
1.000 1.000 1.000 0.989 
1.000 1.000 1.000 0.979 
1.000 1.000 1.000 1.000 
1.000 1.000 1.000 1.000 
1.000 1.000 1.000 0.989 
1.000 1.000 1.000 1.000 
1.000 1.000 1.000 0.989 
1.000 1.000 1.000 1.000 
1.000 1.000 1.000 0.979 
1.000 1.000 1.000 1.000 
1.000 1.000 1.000 1.000 
1.000 1.000 1.000 1.000 
1.000 1.000 1.000 0.979 
1.000 1.000 1.000 0.947 
1.000 1.000 1.000 1.000 
1.000 1.000 1.000 1.000 
0.989 1.000 1.000 0.968 
1.000 1.000 1.000 0.968 
1.000 1.000 1.000 1.000 
1.000 1.000 1.000 1.000 
1.000 1.000 1.000 0.989 
1.000 1.000 1.000 0.968 
1.000 1.000 1.000 1.000 
1.000 1.000 1.000 0.989 
1.000 1.000 1.000 1.000 
1.000 1.000 1.000 0.968 
1.000 1.000 1.000 1.000 
0.989 1.000 0.989 0.947 
1.000 1.000 1.000 1.000 
1.000 1.000 1.000 1.000 
1.000 1.000 1.000 1.000 
1.000 1.000 1.000 0.958 
1.000 1.000 1.000 0.968 
1.000 1.000 1.000 1.000 
1.000 1.000 1.000 0.989 
1.000 1.000 1.000 1.000 
1.000 1.000 1.000 1.000 
1.000 1.000 1.000 1.000 
1.000 1.000 1.000 0.989 
1.000 1.000 1.000 1.000 
1.000 1.000 1.000 1.000 
1.000 1.000 1.000 0.989 
1.000 1.000 0.989 0.968 
1.000 1.000 1.000 0.989 
1.000 1.000 1.000 0.958 
1.000 1.000 1.000 1.000 
1.000 1.000 1.000 1.000 
1.000 1.000 1.000 1.000 
1.000 1.000 1.000 1.000 
1.000 1.000 1.000 1.000 
1.000 1.000 1.000 0.979 
1.000 1.000 0.989 0.947 
1.000 1.000 1.000 0.979 
1.000 1.000 1.000 0.989 
1.000 1.000 1.000 1.000 
1.000 1.000 1.000 0.989 
1.000 1.000 1.000 1.000 
1.000 1.000 1.000 1.000 
1.000 1.000 1.000 0.979 
1.000 1.000 1.000 0.989 
1.000 1.000 1.000 1.000 
1.000 1.000 1.000 1.000 
1.000 1.000 1.000 0.989 
1.000 1.000 1.000 1.000 
1.000 1.000 1.000 0.989 
1.000 1.000 1.000 1.000 
1.000 1.000 1.000 0.979 
1.000 1.000 1.000 0.989 
1.000 1.000 1.000 1.000 
1.000 1.000 1.000 1.000 
1.000 1.000 1.000 0.989 
1.000 1.000 1.000 1.000 
1.000 1.000 1.000 0.989 
1.000 1.000 1.000 0.958 
1.000 1.000 1.000 1.000 
1.000 1.000 1.000 1.000 
1.000 1.000 1.000 0.989 
1.000 1.000 1.000 1.000 
1.000 1.000 1.000 1.000 
1.000 1.000 1.000 0.989 
1.000 1.000 1.000 1.000 
1.000 1.000 1.000 0.958 
1.000 1.000 1.000 0.989 
1.000 1.000 1.000 1.000 
1.000 1.000 1.000 1.000 
1.000 1.000 1.000 1.000 
1.000 1.000 1.000 0.989 
1.000 1.000 1.000 1.000 
1.000 1.000 1.000 0.989 
1.000 1.000 1.000 0.989 
1.000 1.000 0.989 0.916 
1.000 1.000 1.000 1.000 
1.000 1.000 1.000 0.979 
1.000 1.000 1.000 1.000 
1.000 1.000 1.000 1.000 
1.000 1.000 1.000 1.000 
1.000 1.000 1.000 1.000 
1.000 1.000 1.000 1.000 
1.000 1.000 1.000 1.000 
1.000 1.000 0.989 0.926 
1.000 1.000 1.000 0.989 
1.000 1.000 1.000 0.989 
1.000 1.000 1.000 0.979 
1.000 1.000 1.000 0.979 
1.000 1.000 1.000 1.000 
1.000 1.000 1.000 1.000 
1.000 1.000 1.000 1.000 
1.000 1.000 1.000 1.000 
1.000 1.000 1.000 0.968 
1.000 1.000 1.000 1.000 
1.000 1.000 1.000 0.989 
1.000 1.000 1.000 1.000 
1.000 1.000 1.000 1.000 
1.000 1.000 1.000 0.989 
1.000 1.000 1.000 0.979 
1.000 1.000 1.000 0.968 
1.000 1.000 1.000 1.000 
1.000 1.000 1.000 1.000 
1.000 1.000 1.000 1.000 
1.000 1.000 1.000 1.000 
1.000 1.000 1.000 1.000 
1.000 1.000 1.000 0.989 
1.000 1.000 1.000 0.979 
1.000 1.000 1.000 0.989 
1.000 1.000 1.000 1.000 
1.000 1.000 1.000 1.000 
1.000 1.000 1.000 1.000 
1.000 1.000 1.000 0.989 
1.000 1.000 1.000 1.000 
1.000 1.000 1.000 1.000 
1.000 1.000 1.000 1.000 
1.000 1.000 1.000 1.000 
1.000 1.000 1.000 1.000 
1.000 1.000 0.989 0.958 
1.000 1.000 1.000 1.000 
1.000 1.000 1.000 0.968 
1.000 1.000 1.000 0.989 
1.000 1.000 1.000 1.000 
1.000 1.000 1.000 1.000 
1.000 1.000 1.000 1.000 
1.000 1.000 1.000 1.000 
1.000 1.000 0.989 0.958 
1.000 1.000 1.000 1.000 
1.000 1.000 1.000 1.000 
1.000 1.000 1.000 1.000 
1.000 1.000 1.000 0.968 
1.000 1.000 1.000 0.968 
1.000 1.000 1.000 1.000 
1.000 1.000 1.000 1.000 
1.000 1.000 1.000 1.000 
1.000 1.000 1.000 1.000 
1.000 1.000 1.000 0.947 
1.000 1.000 1.000 1.000 
1.000 1.000 1.000 1.000 
1.000 1.000 1.000 1.000 
1.000 1.000 1.000 0.989 
1.000 1.000 1.000 1.000 
1.000 1.000 1.000 1.000 
1.000 1.000 1.000 1.000 
1.000 1.000 1.000 1.000 
1.000 1.000 1.000 0.979 
1.000 1.000 1.000 0.989 
1.000 1.000 1.000 0.979 
1.000 1.000 1.000 1.000 
1.000 1.000 1.000 0.989 
1.000 1.000 1.000 0.989 
1.000 1.000 1.000 1.000 
1.000 1.000 1.000 1.000 
1.000 1.000 1.000 1.000 
1.000 1.000 1.000 0.989 
1.000 1.000 1.000 0.989 
1.000 1.000 1.000 1.000 
1.000 1.000 1.000 1.000 
1.000 1.000 1.000 1.000 
1.000 1.000 1.000 1.000 
1.000 1.000 1.000 0.989 
1.000 1.000 1.000 0.989 
1.000 1.000 1.000 1.000 
1.000 1.000 1.000 1.000 
1.000 1.000 1.000 1.000 
1.000 1.000 1.000 1.000 
1.000 1.000 1.000 0.979 
1.000 1.000 1.000 0.989 
1.000 1.000 1.000 1.000 
1.000 1.000 1.000 1.000 
1.000 1.000 1.000 0.989 
1.000 1.000 1.000 1.000 
1.000 1.000 1.000 0.989 
1.000 1.000 1.000 1.000 
1.000 1.000 1.000 1.000 
1.000 1.000 1.000 1.000 
1.000 1.000 1.000 0.989 
1.000 1.000 1.000 0.989 
1.000 1.000 1.000 0.979 
1.000 1.000 1.000 0.979 
1.000 1.000 1.000 0.979 
1.000 1.000 1.000 0.989 
1.000 1.000 1.000 1.000 
1.000 1.000 1.000 1.000 
1.000 1.000 1.000 1.000 
1.000 1.000 1.000 1.000 
1.000 1.000 1.000 1.000 
1.000 1.000 1.000 1.000 
1.000 1.000 1.000 1.000 
1.000 1.000 1.000 1.000 
1.000 1.000 1.000 1.000 
1.000 1.000 1.000 1.000 
1.000 1.000 1.000 1.000 
1.000 1.000 1.000 0.979 
1.000 1.000 1.000 1.000 
1.000 1.000 1.000 0.989 
1.000 1.000 1.000 1.000 
1.000 1.000 1.000 0.989 
1.000 1.000 1.000 0.989 
1.000 1.000 1.000 1.000 
1.000 1.000 1.000 1.000 
1.000 1.000 1.000 1.000 
1.000 1.000 1.000 1.000 
1.000 1.000 1.000 1.000 
1.000 1.000 1.000 1.000 
1.000 1.000 1.000 0.989 
1.000 1.000 1.000 1.000 
1.000 1.000 1.000 0.989 
1.000 1.000 1.000 1.000 
1.000 1.000 1.000 1.000 
1.000 1.000 1.000 1.000 
1.000 1.000 1.000 1.000 
1.000 1.000 1.000 0.989 
1.000 1.000 1.000 0.989 
1.000 1.000 1.000 0.989 
1.000 1.000 1.000 0.989 
1.000 1.000 1.000 0.989 
1.000 1.000 1.000 1.000 
1.000 1.000 0.989 0.968 
1.000 1.000 1.000 0.989 
1.000 1.000 1.000 1.000 
1.000 1.000 1.000 1.000 
1.000 1.000 1.000 0.989 
1.000 1.000 1.000 0.989 
1.000 1.000 1.000 0.989 
1.000 1.000 1.000 0.989 
1.000 1.000 1.000 0.989 
1.000 1.000 1.000 1.000 
1.000 1.000 1.000 1.000 
1.000 1.000 1.000 1.000 
1.000 1.000 1.000 0.989 
1.000 1.000 1.000 1.000 
1.000 1.000 1.000 1.000 
1.000 1.000 1.000 1.000 
1.000 1.000 1.000 1.000 
1.000 1.000 1.000 0.989 
1.000 1.000 0.989 0.968 
1.000 1.000 1.000 0.989 
1.000 1.000 1.000 0.989 
1.000 1.000 1.000 0.989 
1.000 1.000 1.000 1.000 
1.000 1.000 1.000 1.000 
1.000 1.000 1.000 1.000 
1.000 1.000 1.000 0.989 
1.000 1.000 1.000 0.989 
1.000 1.000 1.000 0.989 
1.000 1.000 1.000 0.989 
1.000 1.000 1.000 1.000 
1.000 1.000 1.000 1.000 
1.000 1.000 1.000 0.979 
1.000 1.000 1.000 1.000 
1.000 1.000 1.000 1.000 
1.000 1.000 0.989 0.989 
1.000 1.000 1.000 1.000 
1.000 1.000 1.000 1.000 
1.000 1.000 1.000 1.000 
1.000 1.000 1.000 0.989 
1.000 1.000 1.000 0.989 
1.000 1.000 1.000 1.000 
1.000 1.000 1.000 1.000 
1.000 1.000 1.000 1.000 
1.000 1.000 0.989 0.968 
1.000 1.000 1.000 1.000 
1.000 1.000 1.000 1.000 
1.000 1.000 1.000 1.000 
1.000 1.000 1.000 0.989 
1.000 1.000 1.000 1.000 
1.000 1.000 1.000 1.000 
1.000 1.000 1.000 1.000 
1.000 1.000 1.000 0.989 
1.000 1.000 1.000 0.968 
1.000 1.000 1.000 1.000 
1.000 1.000 1.000 1.000 
1.000 1.000 1.000 1.000 
1.000 1.000 1.000 1.000 
1.000 1.000 0.989 0.958 
1.000 1.000 1.000 0.989 
1.000 1.000 1.000 0.989 
1.000 1.000 1.000 1.000 
1.000 1.000 1.000 1.000 
1.000 1.000 1.000 1.000 
1.000 1.000 1.000 1.000 
1.000 1.000 0.989 0.947 
1.000 1.000 1.000 1.000 
1.000 1.000 1.000 1.000 
1.000 1.000 1.000 0.979 
1.000 1.000 1.000 1.000 
1.000 1.000 1.000 0.979 
1.000 1.000 1.000 1.000 
1.000 1.000 1.000 1.000 
1.000 1.000 1.000 1.000 
1.000 1.000 1.000 1.000 
1.000 1.000 1.000 1.000 
1.000 1.000 1.000 1.000 
1.000 1.000 1.000 1.000 
1.000 1.000 1.000 1.000 
1.000 1.000 0.989 0.926 
1.000 1.000 1.000 0.979 
1.000 1.000 1.000 0.989 
1.000 1.000 1.000 1.000 
1.000 1.000 1.000 0.958 
1.000 1.000 1.000 1.000 
1.000 1.000 1.000 1.000 
1.000 1.000 1.000 1.000 
1.000 1.000 1.000 1.000 
1.000 1.000 1.000 1.000 
1.000 1.000 0.989 0.968 
1.000 1.000 1.000 1.000 
1.000 1.000 1.000 1.000 
1.000 1.000 1.000 0.989 
1.000 1.000 1.000 0.989 
1.000 1.000 1.000 1.000 
0.989 1.000 0.968 0.916 
1.000 1.000 0.989 0.968 
1.000 1.000 1.000 0.989 
1.000 1.000 1.000 0.989 
1.000 1.000 1.000 0.979 
1.000 1.000 1.000 1.000 
1.000 1.000 1.000 1.000 
1.000 1.000 1.000 0.989 
1.000 1.000 1.000 0.989 
1.000 1.000 1.000 0.979 
1.000 1.000 1.000 1.000 
1.000 1.000 1.000 1.000 
1.000 1.000 1.000 0.989 
1.000 1.000 0.989 0.968 
1.000 1.000 1.000 0.989 
1.000 1.000 1.000 1.000 
1.000 1.000 1.000 1.000 
1.000 1.000 1.000 0.979 
1.000 1.000 1.000 1.000 
1.000 1.000 1.000 1.000 
1.000 1.000 1.000 1.000 
1.000 1.000 1.000 0.989 
1.000 1.000 1.000 0.979 
1.000 1.000 1.000 1.000 
1.000 1.000 0.989 0.989 
1.000 1.000 1.000 0.989 
1.000 1.000 1.000 1.000 
1.000 1.000 1.000 1.000 
1.000 1.000 1.000 1.000 
1.000 1.000 1.000 1.000 
1.000 1.000 1.000 1.000 
1.000 1.000 1.000 0.968 
1.000 1.000 0.989 0.958 
1.000 1.000 1.000 0.968 
1.000 1.000 1.000 1.000 
1.000 1.000 1.000 1.000 
1.000 1.000 1.000 0.989 
1.000 1.000 1.000 1.000 
1.000 1.000 1.000 1.000 
1.000 1.000 1.000 1.000 
1.000 1.000 0.989 0.937 
1.000 1.000 1.000 1.000 
1.000 1.000 1.000 1.000 
1.000 1.000 1.000 1.000 
1.000 1.000 1.000 1.000 
1.000 1.000 1.000 0.968 
1.000 1.000 1.000 1.000 
1.000 1.000 1.000 1.000 
1.000 1.000 1.000 1.000 
1.000 1.000 1.000 1.000 
1.000 1.000 1.000 1.000 
1.000 1.000 0.989 0.958 
1.000 1.000 1.000 1.000 
1.000 1.000 1.000 1.000 
1.000 1.000 1.000 1.000 
1.000 1.000 1.000 1.000 
1.000 1.000 1.000 1.000 
1.000 1.000 1.000 0.989 
1.000 1.000 1.000 0.989 
1.000 1.000 1.000 1.000 
1.000 1.000 0.989 0.979 
1.000 1.000 1.000 1.000 
1.000 1.000 1.000 1.000 
1.000 1.000 1.000 0.979 
1.000 1.000 1.000 0.989 
1.000 1.000 1.000 1.000 
1.000 1.000 1.000 1.000 
1.000 1.000 1.000 1.000 
1.000 1.000 1.000 1.000 
1.000 1.000 1.000 1.000 
1.000 1.000 1.000 1.000 
1.000 1.000 1.000 1.000 
1.000 1.000 0.989 0.968 
1.000 1.000 1.000 0.979 
1.000 1.000 1.000 1.000 
1.000 1.000 1.000 1.000 
1.000 1.000 1.000 1.000 
1.000 1.000 1.000 1.000 
1.000 1.000 1.000 1.000 
1.000 1.000 1.000 1.000 
1.000 1.000 1.000 1.000 
1.000 1.000 1.000 1.000 
1.000 1.000 1.000 1.000 
1.000 1.000 1.000 1.000 
1.000 1.000 1.000 1.000 
1.000 1.000 1.000 1.000 
1.000 1.000 1.000 1.000 
1.000 1.000 1.000 1.000 
1.000 1.000 1.000 1.000 
1.000 1.000 1.000 0.979 
1.000 1.000 1.000 0.989 
1.000 1.000 1.000 1.000 
1.000 1.000 1.000 1.000 
1.000 1.000 1.000 1.000 
1.000 1.000 1.000 1.000 
1.000 1.000 1.000 1.000 
1.000 1.000 1.000 0.989 
1.000 1.000 1.000 1.000 
1.000 1.000 1.000 0.979 
1.000 1.000 1.000 0.979 
1.000 1.000 1.000 0.979 
1.000 1.000 1.000 1.000 
1.000 1.000 1.000 1.000 
1.000 1.000 1.000 0.989 
1.000 1.000 1.000 1.000 
1.000 1.000 1.000 1.000 
1.000 1.000 1.000 1.000 
1.000 1.000 1.000 1.000 
1.000 1.000 1.000 1.000 
1.000 1.000 1.000 1.000 
1.000 1.000 1.000 0.989 
1.000 1.000 1.000 0.989 
1.000 1.000 1.000 0.989 
1.000 1.000 1.000 1.000 
1.000 1.000 1.000 0.989 
1.000 1.000 1.000 1.000 
1.000 1.000 0.989 0.979 
1.000 1.000 1.000 1.000 
1.000 1.000 1.000 1.000 
1.000 1.000 1.000 0.989 
1.000 1.000 1.000 0.989 
1.000 1.000 1.000 1.000 
1.000 1.000 1.000 1.000 
1.000 1.000 1.000 1.000 
1.000 1.000 0.989 0.989 
1.000 1.000 0.989 0.989 
1.000 1.000 1.000 1.000 
1.000 1.000 0.989 0.989 
1.000 1.000 1.000 0.989 
1.000 1.000 1.000 1.000 
1.000 1.000 1.000 1.000 
1.000 1.000 1.000 1.000 
1.000 1.000 1.000 1.000 
1.000 1.000 1.000 1.000 
1.000 1.000 1.000 1.000 
1.000 1.000 1.000 1.000 
1.000 1.000 1.000 0.979 
1.000 1.000 1.000 0.979 
1.000 1.000 1.000 1.000 
1.000 1.000 1.000 1.000 
1.000 1.000 1.000 0.968 
1.000 1.000 1.000 1.000 
1.000 1.000 1.000 1.000 
1.000 1.000 1.000 1.000 
1.000 1.000 1.000 1.000 
1.000 1.000 1.000 1.000 
1.000 1.000 1.000 1.000 
1.000 1.000 1.000 1.000 
1.000 1.000 0.989 0.979 
1.000 1.000 1.000 1.000 
1.000 1.000 1.000 1.000 
1.000 1.000 1.000 1.000 
1.000 1.000 1.000 1.000 
1.000 1.000 1.000 1.000 
1.000 1.000 0.989 0.979 
1.000 1.000 1.000 1.000 
1.000 1.000 0.989 0.958 
1.000 1.000 1.000 1.000 
1.000 1.000 1.000 1.000 
1.000 1.000 0.989 0.968 
1.000 1.000 1.000 1.000 
1.000 1.000 1.000 1.000 
1.000 1.000 1.000 1.000 
1.000 1.000 1.000 0.989 
1.000 1.000 1.000 0.979 
1.000 1.000 1.000 1.000 
1.000 1.000 1.000 0.979 
1.000 1.000 1.000 1.000 
1.000 1.000 1.000 1.000 
1.000 1.000 1.000 1.000 
1.000 1.000 1.000 0.989 
1.000 1.000 1.000 0.989 
1.000 1.000 1.000 1.000 
1.000 1.000 1.000 1.000 
1.000 1.000 1.000 1.000 
1.000 1.000 1.000 0.989 
1.000 1.000 1.000 1.000 
1.000 1.000 1.000 1.000 
1.000 1.000 1.000 1.000 
1.000 1.000 1.000 0.989 
1.000 1.000 0.989 0.958 
1.000 1.000 1.000 0.979 
1.000 1.000 1.000 1.000 
1.000 1.000 1.000 1.000 
1.000 1.000 1.000 1.000 
1.000 1.000 1.000 1.000 
1.000 1.000 1.000 1.000 
1.000 1.000 1.000 1.000 
1.000 1.000 1.000 1.000 
1.000 1.000 1.000 1.000 
1.000 1.000 1.000 1.000 
1.000 1.000 1.000 1.000 
1.000 1.000 1.000 1.000 
1.000 1.000 1.000 0.979 
1.000 1.000 1.000 0.968 
1.000 1.000 1.000 1.000 
1.000 1.000 1.000 0.989 
1.000 1.000 1.000 0.989 
1.000 1.000 1.000 1.000 
1.000 1.000 1.000 1.000 
1.000 1.000 1.000 1.000 
1.000 1.000 1.000 1.000 
1.000 1.000 1.000 1.000 
1.000 1.000 1.000 1.000 
1.000 1.000 1.000 1.000 
1.000 1.000 1.000 1.000 
1.000 1.000 1.000 1.000 
1.000 1.000 0.989 0.968 
1.000 1.000 1.000 1.000 
1.000 1.000 1.000 1.000 
1.000 1.000 1.000 0.989 
1.000 1.000 1.000 1.000 
1.000 1.000 1.000 1.000 
1.000 1.000 1.000 1.000 
1.000 1.000 0.989 0.979 
1.000 1.000 1.000 1.000 
1.000 1.000 1.000 1.000 
1.000 1.000 1.000 1.000 
1.000 1.000 1.000 0.979 
1.000 1.000 1.000 1.000 
1.000 1.000 1.000 1.000 
1.000 1.000 1.000 0.968 
1.000 1.000 1.000 1.000 
1.000 1.000 1.000 1.000 
1.000 1.000 1.000 1.000 
1.000 1.000 1.000 0.968 
1.000 1.000 1.000 0.989 
1.000 1.000 1.000 1.000 
1.000 1.000 1.000 1.000 
1.000 1.000 1.000 0.989 
1.000 1.000 1.000 1.000 
1.000 1.000 1.000 0.979 
1.000 1.000 1.000 0.979 
1.000 1.000 1.000 1.000 
1.000 1.000 1.000 1.000 
1.000 1.000 1.000 0.968 
1.000 1.000 1.000 0.979 
1.000 1.000 1.000 0.968 
1.000 1.000 1.000 1.000 
1.000 1.000 1.000 1.000 
1.000 1.000 0.989 0.958 
1.000 1.000 1.000 0.958 
1.000 1.000 1.000 1.000 
1.000 1.000 1.000 1.000 
1.000 1.000 1.000 1.000 
1.000 1.000 1.000 0.989 
1.000 1.000 1.000 1.000 
1.000 1.000 1.000 1.000 
1.000 1.000 1.000 1.000 
1.000 1.000 1.000 1.000 
1.000 1.000 1.000 0.989 
1.000 1.000 1.000 1.000 
1.000 1.000 0.989 0.979 
1.000 1.000 1.000 1.000 
1.000 1.000 1.000 1.000 
1.000 1.000 0.989 0.958 
1.000 1.000 1.000 0.979 
1.000 1.000 1.000 1.000 
1.000 1.000 1.000 1.000 
1.000 1.000 1.000 1.000 
1.000 1.000 1.000 0.979 
1.000 1.000 1.000 1.000 
1.000 1.000 1.000 1.000 
1.000 1.000 1.000 1.000 
1.000 1.000 1.000 1.000 
1.000 1.000 0.989 0.968 
1.000 1.000 1.000 0.979 
1.000 1.000 1.000 1.000 
1.000 1.000 1.000 1.000 
1.000 1.000 1.000 1.000 
1.000 1.000 1.000 1.000 
1.000 1.000 0.989 0.979 
1.000 1.000 1.000 0.989 
1.000 1.000 1.000 0.989 
1.000 1.000 1.000 1.000 
1.000 1.000 1.000 1.000 
1.000 1.000 1.000 1.000 
1.000 1.000 1.000 1.000 
1.000 1.000 1.000 1.000 
1.000 1.000 1.000 1.000 
1.000 1.000 0.989 0.989 
1.000 1.000 0.989 0.989 
1.000 1.000 1.000 1.000 
1.000 1.000 1.000 1.000 
1.000 1.000 1.000 1.000 
1.000 1.000 0.989 0.979 
1.000 1.000 0.989 0.989 
1.000 1.000 1.000 1.000 
1.000 1.000 0.989 0.958 
1.000 1.000 1.000 1.000 
1.000 1.000 1.000 1.000 
1.000 1.000 1.000 1.000 
1.000 1.000 1.000 1.000 
1.000 1.000 1.000 1.000 
1.000 1.000 1.000 1.000 
1.000 1.000 1.000 1.000 
1.000 1.000 1.000 1.000 
1.000 1.000 1.000 1.000 
1.000 1.000 1.000 1.000 
1.000 1.000 1.000 1.000 
1.000 1.000 1.000 1.000 
1.000 1.000 1.000 1.000 
1.000 1.000 1.000 1.000 
1.000 1.000 1.000 1.000 
1.000 1.000 1.000 1.000 
1.000 1.000 1.000 1.000 
1.000 1.000 1.000 0.968 
1.000 1.000 1.000 0.979 
1.000 1.000 1.000 0.989 
1.000 1.000 1.000 0.989 
1.000 1.000 1.000 1.000 
1.000 1.000 1.000 1.000 
1.000 1.000 1.000 1.000 
1.000 1.000 1.000 1.000 
1.000 1.000 1.000 1.000 
1.000 1.000 1.000 1.000 
1.000 1.000 1.000 1.000 
1.000 1.000 1.000 1.000 
1.000 1.000 1.000 1.000 
1.000 1.000 1.000 1.000 
1.000 1.000 0.989 0.989 
1.000 1.000 1.000 1.000 
1.000 1.000 1.000 1.000 
1.000 1.000 0.989 0.947 
1.000 1.000 0.968 0.895 
1.000 1.000 1.000 1.000 
1.000 1.000 1.000 1.000 
1.000 1.000 1.000 1.000 
1.000 1.000 1.000 1.000 
1.000 1.000 1.000 0.989 
1.000 1.000 1.000 0.968 
1.000 1.000 1.000 1.000 
1.000 1.000 1.000 1.000 
1.000 1.000 1.000 1.000 
1.000 1.000 1.000 1.000 
1.000 1.000 1.000 1.000 
1.000 1.000 1.000 1.000 
1.000 1.000 1.000 1.000 
1.000 1.000 1.000 1.000 
1.000 1.000 1.000 1.000 
1.000 1.000 1.000 0.989 
1.000 1.000 1.000 0.979 
1.000 1.000 1.000 0.989 
1.000 1.000 0.989 0.947 
1.000 1.000 1.000 1.000 
1.000 1.000 1.000 1.000 
1.000 1.000 1.000 1.000 
1.000 1.000 1.000 1.000 
1.000 1.000 1.000 1.000 
1.000 1.000 1.000 1.000 
1.000 1.000 0.989 0.968 
1.000 1.000 0.989 0.947 
1.000 1.000 1.000 0.989 
1.000 1.000 1.000 1.000 
1.000 1.000 1.000 1.000 
1.000 1.000 1.000 1.000 
1.000 1.000 1.000 1.000 
1.000 1.000 1.000 1.000 
1.000 1.000 1.000 1.000 
1.000 1.000 1.000 1.000 
1.000 1.000 1.000 1.000 
1.000 1.000 1.000 1.000 
1.000 1.000 1.000 1.000 
1.000 1.000 1.000 1.000 
1.000 1.000 1.000 1.000 
1.000 1.000 1.000 1.000 
1.000 1.000 1.000 1.000 
1.000 1.000 1.000 0.989 
1.000 1.000 1.000 0.979 
1.000 1.000 1.000 0.979 
1.000 1.000 1.000 1.000 
1.000 1.000 1.000 1.000 
1.000 1.000 1.000 1.000 
1.000 1.000 1.000 1.000 
1.000 1.000 1.000 1.000 
1.000 1.000 1.000 1.000 
1.000 1.000 1.000 0.979 
1.000 1.000 1.000 0.979 
1.000 1.000 0.989 0.926 
1.000 1.000 0.989 0.937 
1.000 1.000 1.000 1.000 
1.000 1.000 1.000 1.000 
1.000 1.000 1.000 1.000 
1.000 1.000 1.000 1.000 
1.000 1.000 1.000 0.989 
1.000 1.000 0.989 0.968 
1.000 1.000 1.000 0.989 
1.000 1.000 1.000 1.000 
1.000 1.000 1.000 0.968 
1.000 1.000 1.000 0.968 
1.000 1.000 1.000 0.979 
1.000 1.000 1.000 1.000 
1.000 1.000 1.000 1.000 
1.000 1.000 1.000 1.000 
1.000 1.000 1.000 1.000 
1.000 1.000 1.000 1.000 
1.000 1.000 1.000 0.989 
1.000 1.000 1.000 0.989 
1.000 1.000 1.000 1.000 
1.000 1.000 1.000 1.000 
1.000 1.000 1.000 1.000 
1.000 1.000 0.989 0.958 
1.000 1.000 1.000 0.979 
1.000 1.000 1.000 0.989 
1.000 1.000 1.000 0.968 
1.000 1.000 1.000 0.979 
1.000 1.000 1.000 0.989 
1.000 1.000 1.000 1.000 
1.000 1.000 1.000 1.000 
1.000 1.000 1.000 1.000 
1.000 1.000 1.000 1.000 
1.000 1.000 1.000 1.000 
1.000 1.000 1.000 0.989 
1.000 1.000 1.000 1.000 
1.000 1.000 1.000 1.000 
1.000 1.000 1.000 1.000 
1.000 1.000 1.000 1.000 
1.000 1.000 1.000 0.989 
1.000 1.000 1.000 1.000 
1.000 1.000 1.000 1.000 
1.000 1.000 1.000 1.000 
1.000 1.000 1.000 1.000 
1.000 1.000 1.000 1.000 
1.000 1.000 1.000 1.000 
1.000 1.000 1.000 1.000 
1.000 1.000 1.000 0.989 
1.000 1.000 0.989 0.968 
1.000 1.000 0.989 0.979 
1.000 1.000 1.000 0.989 
1.000 1.000 1.000 1.000 
1.000 1.000 1.000 1.000 
1.000 1.000 1.000 1.000 
1.000 1.000 1.000 1.000 
1.000 1.000 1.000 1.000 
1.000 1.000 1.000 1.000 
1.000 1.000 1.000 1.000 
1.000 1.000 1.000 1.000 
1.000 1.000 1.000 1.000 
1.000 1.000 1.000 1.000 
1.000 1.000 0.958 0.884 
1.000 1.000 1.000 1.000 
1.000 1.000 1.000 1.000 
1.000 1.000 1.000 1.000 
1.000 1.000 1.000 0.989 
1.000 1.000 1.000 1.000 
1.000 1.000 1.000 1.000 
1.000 1.000 1.000 1.000 
1.000 1.000 1.000 1.000 
1.000 1.000 1.000 0.989 
1.000 1.000 1.000 1.000 
1.000 1.000 1.000 0.989 
1.000 1.000 1.000 1.000 
1.000 1.000 1.000 1.000 
1.000 1.000 1.000 1.000 
1.000 1.000 1.000 1.000 
1.000 1.000 1.000 1.000 
1.000 1.000 1.000 1.000 
1.000 1.000 0.989 1.000 
1.000 1.000 0.989 1.000 
1.000 1.000 1.000 0.989 
1.000 1.000 1.000 0.989 
1.000 1.000 1.000 0.947 
1.000 1.000 1.000 0.989 
1.000 1.000 1.000 1.000 
1.000 1.000 1.000 1.000 
1.000 1.000 1.000 1.000 
1.000 1.000 1.000 1.000 
1.000 1.000 1.000 1.000 
1.000 1.000 1.000 1.000 
1.000 1.000 1.000 0.989 
1.000 1.000 1.000 1.000 
1.000 1.000 1.000 1.000 
1.000 1.000 1.000 0.989 
1.000 1.000 1.000 1.000 
1.000 1.000 1.000 0.979 
1.000 1.000 0.989 0.968 
1.000 1.000 1.000 0.989 
1.000 1.000 1.000 0.989 
1.000 1.000 1.000 1.000 
1.000 1.000 1.000 1.000 
1.000 1.000 0.989 0.979 
1.000 1.000 0.989 0.958 
1.000 1.000 1.000 1.000 
1.000 1.000 1.000 1.000 
1.000 1.000 1.000 1.000 
1.000 1.000 1.000 1.000 
1.000 1.000 1.000 1.000 
