0.684 0.554 0.697 0.487 0.000 0.000 0.000 0.000 
0.689 0.522 0.698 0.487 0.022 0.000 0.011 0.000 
0.699 0.531 0.700 0.487 0.000 0.000 0.000 0.000 
0.690 0.566 0.713 0.487 0.000 0.000 0.000 0.000 
0.658 0.589 0.700 0.487 0.000 0.000 0.000 0.000 
0.639 0.614 0.727 0.487 0.000 0.000 0.011 0.011 
0.639 0.635 0.768 0.487 0.022 0.021 0.011 0.011 
0.643 0.618 0.761 0.492 0.033 0.053 0.032 0.011 
0.645 0.632 0.791 0.497 0.055 0.053 0.053 0.011 
0.650 0.625 0.855 0.487 0.099 0.074 0.074 0.011 
0.603 0.650 0.836 0.492 0.044 0.053 0.042 0.011 
0.605 0.668 0.668 0.569 0.121 0.095 0.074 0.063 
0.608 0.673 0.919 0.497 0.044 0.053 0.042 0.011 
0.590 0.658 0.792 0.513 0.143 0.200 0.137 0.053 
0.602 0.676 0.649 0.600 0.110 0.126 0.116 0.042 
0.596 0.691 0.648 0.626 0.978 1.000 0.979 0.905 
0.602 0.651 0.622 0.656 0.956 0.947 0.905 0.779 
0.598 0.682 0.621 0.662 0.571 0.568 0.516 0.495 
0.590 0.700 0.638 0.631 0.385 0.337 0.316 0.253 
0.553 0.706 0.671 0.579 0.275 0.326 0.232 0.137 
0.567 0.697 0.708 0.569 0.593 0.621 0.516 0.442 
0.562 0.724 0.625 0.662 0.923 0.863 0.821 0.695 
0.605 0.728 0.810 0.554 0.099 0.116 0.137 0.053 
0.645 0.685 0.635 0.646 1.000 1.000 1.000 0.989 
0.576 0.706 0.883 0.482 0.165 0.179 0.147 0.074 
0.570 0.719 0.698 0.626 0.209 0.242 0.200 0.179 
0.567 0.731 0.689 0.569 0.659 0.737 0.558 0.421 
0.557 0.716 0.754 0.528 0.582 0.558 0.484 0.347 
0.573 0.727 1.022 0.513 0.242 0.326 0.253 0.189 
0.522 0.739 0.753 0.513 0.791 0.842 0.674 0.474 
0.550 0.725 0.873 0.487 0.681 0.779 0.484 0.242 
0.563 0.729 0.625 0.656 0.484 0.516 0.421 0.337 
0.536 0.736 0.629 0.667 0.527 0.516 0.358 0.253 
0.562 0.729 0.677 0.621 0.791 0.842 0.621 0.379 
0.526 0.738 0.588 0.728 0.989 1.000 0.958 0.895 
0.501 0.757 0.629 0.641 1.000 1.000 0.958 0.916 
0.538 0.756 0.605 0.692 0.956 0.968 0.895 0.789 
0.531 0.751 0.812 0.533 1.000 1.000 1.000 1.000 
0.499 0.736 0.726 0.631 0.176 0.253 0.221 0.126 
0.510 0.769 0.655 0.646 1.000 1.000 1.000 1.000 
0.500 0.760 0.725 0.641 0.187 0.274 0.189 0.179 
0.522 0.754 0.782 0.631 0.385 0.505 0.326 0.274 
0.499 0.764 0.608 0.708 1.000 1.000 0.989 1.000 
0.561 0.773 0.565 0.723 1.000 1.000 0.989 0.968 
0.490 0.765 0.632 0.687 0.967 0.989 0.947 0.832 
0.486 0.782 0.605 0.677 0.758 0.768 0.621 0.505 
0.517 0.774 0.588 0.708 0.890 0.884 0.758 0.611 
0.485 0.788 0.770 0.559 0.374 0.389 0.274 0.189 
0.475 0.796 0.785 0.569 0.451 0.421 0.368 0.263 
0.505 0.762 0.580 0.687 0.978 0.989 0.958 0.884 
0.487 0.768 0.942 0.585 0.088 0.105 0.095 0.053 
0.542 0.761 0.650 0.646 1.000 1.000 0.989 0.937 
0.524 0.765 0.530 0.764 0.934 0.989 0.947 0.811 
0.521 0.775 0.611 0.692 0.516 0.632 0.589 0.568 
0.508 0.782 0.771 0.569 1.000 1.000 1.000 1.000 
0.491 0.764 0.556 0.749 0.407 0.368 0.368 0.316 
0.461 0.760 0.571 0.749 0.901 0.958 0.884 0.695 
0.426 0.810 0.555 0.749 0.901 0.937 0.853 0.674 
0.467 0.799 0.774 0.610 0.099 0.179 0.137 0.105 
0.462 0.794 0.750 0.610 0.352 0.368 0.284 0.242 
0.456 0.793 0.649 0.672 0.440 0.453 0.442 0.368 
0.501 0.789 0.933 0.559 1.000 1.000 1.000 1.000 
0.536 0.780 0.790 0.631 1.000 1.000 0.968 0.905 
0.488 0.764 0.593 0.677 0.341 0.347 0.242 0.316 
0.494 0.769 0.548 0.728 0.989 0.989 0.947 0.937 
0.440 0.789 0.578 0.708 0.912 0.947 0.874 0.853 
0.478 0.810 0.634 0.662 0.824 0.811 0.705 0.589 
0.458 0.779 0.726 0.641 0.802 0.800 0.758 0.632 
0.454 0.797 0.861 0.610 0.769 0.800 0.684 0.611 
0.472 0.782 0.608 0.682 0.780 0.747 0.611 0.558 
0.447 0.802 0.655 0.651 0.945 0.968 0.874 0.905 
0.511 0.805 0.567 0.744 0.418 0.453 0.358 0.453 
0.478 0.773 0.573 0.703 0.385 0.442 0.347 0.400 
0.476 0.785 0.709 0.636 0.956 0.989 0.947 0.937 
0.451 0.792 0.666 0.646 0.989 0.989 0.979 0.968 
0.426 0.810 0.568 0.703 0.890 0.821 0.716 0.653 
0.440 0.811 0.688 0.662 0.868 0.916 0.768 0.632 
0.446 0.803 0.779 0.610 0.813 0.874 0.705 0.558 
0.384 0.822 0.588 0.723 1.000 1.000 0.989 0.989 
0.418 0.819 0.643 0.703 1.000 0.989 0.979 0.979 
0.443 0.808 0.540 0.749 0.846 0.895 0.758 0.768 
0.406 0.811 0.641 0.713 0.495 0.505 0.537 0.484 
0.426 0.826 0.781 0.605 0.571 0.611 0.474 0.411 
0.392 0.835 0.644 0.667 0.901 0.884 0.789 0.779 
0.420 0.834 0.717 0.621 0.967 0.989 0.937 0.947 
0.419 0.806 1.005 0.549 0.143 0.211 0.116 0.137 
0.441 0.806 0.654 0.692 0.978 0.979 0.979 0.947 
0.416 0.819 0.720 0.677 0.615 0.726 0.547 0.505 
0.378 0.835 0.568 0.738 0.978 0.989 0.979 0.968 
0.426 0.830 0.574 0.774 1.000 1.000 1.000 1.000 
0.405 0.830 0.858 0.590 0.945 0.968 0.884 0.811 
0.428 0.816 0.687 0.672 0.967 0.989 0.968 0.989 
0.389 0.817 0.630 0.672 0.659 0.726 0.600 0.642 
0.391 0.819 0.641 0.713 0.319 0.453 0.337 0.400 
0.407 0.825 0.894 0.559 1.000 1.000 1.000 1.000 
0.470 0.797 0.964 0.600 0.407 0.537 0.368 0.326 
0.468 0.777 0.649 0.713 0.989 1.000 0.968 0.926 
0.446 0.799 0.566 0.718 1.000 1.000 0.989 0.968 
0.410 0.817 0.561 0.749 0.923 0.958 0.832 0.747 
0.429 0.805 0.506 0.774 1.000 1.000 0.979 1.000 
0.366 0.839 0.525 0.738 0.989 0.979 0.979 0.989 
0.381 0.853 0.548 0.764 0.670 0.705 0.600 0.621 
0.421 0.805 0.565 0.754 0.978 1.000 0.968 0.958 
0.369 0.858 0.647 0.667 0.989 1.000 0.947 0.958 
0.367 0.835 0.554 0.744 0.967 0.989 0.905 0.853 
0.345 0.852 0.679 0.656 0.747 0.768 0.642 0.537 
0.396 0.837 0.504 0.723 0.912 0.937 0.905 0.895 
0.379 0.833 1.276 0.497 0.022 0.032 0.042 0.032 
0.390 0.830 0.692 0.641 1.000 1.000 1.000 1.000 
0.407 0.808 0.798 0.600 0.846 0.842 0.747 0.653 
0.359 0.847 0.597 0.738 0.637 0.705 0.568 0.505 
0.362 0.852 0.602 0.713 0.989 0.989 0.937 0.958 
0.327 0.857 0.561 0.738 0.989 0.979 0.947 0.958 
0.344 0.862 1.000 0.544 0.451 0.505 0.379 0.368 
0.373 0.838 0.572 0.749 1.000 1.000 0.989 0.979 
0.392 0.833 0.743 0.667 0.989 0.989 0.958 0.958 
0.394 0.872 0.487 0.774 0.978 0.989 0.968 0.979 
0.368 0.830 0.618 0.667 0.747 0.832 0.768 0.800 
0.328 0.863 0.561 0.718 0.978 0.979 0.947 0.916 
0.346 0.862 1.087 0.538 0.901 0.958 0.884 0.768 
0.369 0.838 1.054 0.610 0.484 0.600 0.358 0.337 
0.377 0.835 0.475 0.744 1.000 1.000 1.000 1.000 
0.395 0.843 0.533 0.774 0.989 0.989 0.968 0.947 
0.353 0.863 0.524 0.769 0.989 1.000 0.979 1.000 
0.355 0.837 0.556 0.708 0.681 0.705 0.674 0.695 
0.332 0.875 0.692 0.672 1.000 1.000 1.000 1.000 
0.331 0.874 0.544 0.764 0.978 0.989 0.968 0.968 
0.337 0.854 0.647 0.682 1.000 1.000 1.000 0.989 
0.367 0.843 0.596 0.723 0.989 1.000 0.989 0.989 
0.355 0.857 0.558 0.708 0.967 0.979 0.905 0.884 
0.366 0.857 0.672 0.672 0.978 0.979 0.958 0.958 
0.365 0.842 0.916 0.590 0.725 0.874 0.800 0.842 
0.377 0.843 0.514 0.769 1.000 1.000 1.000 1.000 
0.307 0.868 0.632 0.723 0.989 1.000 0.958 0.926 
0.335 0.871 0.525 0.774 1.000 1.000 0.989 0.989 
0.377 0.833 0.696 0.697 1.000 1.000 1.000 1.000 
0.354 0.862 0.702 0.677 0.857 0.916 0.853 0.779 
0.362 0.842 0.738 0.718 0.110 0.189 0.126 0.147 
0.392 0.856 0.589 0.718 1.000 1.000 1.000 1.000 
0.319 0.857 1.226 0.513 0.220 0.295 0.179 0.179 
0.321 0.875 0.627 0.718 0.890 0.937 0.884 0.916 
0.314 0.862 0.598 0.764 0.989 0.989 0.989 0.989 
0.335 0.860 0.553 0.774 1.000 1.000 1.000 1.000 
0.308 0.872 0.519 0.779 1.000 1.000 1.000 1.000 
0.294 0.879 0.550 0.764 1.000 1.000 1.000 1.000 
0.340 0.856 0.569 0.708 0.978 0.989 0.968 0.958 
0.418 0.851 0.778 0.646 1.000 1.000 0.989 1.000 
0.379 0.853 0.660 0.682 0.989 1.000 0.979 0.958 
0.405 0.833 0.563 0.728 0.088 0.105 0.095 0.189 
0.364 0.834 0.738 0.667 1.000 1.000 1.000 1.000 
0.391 0.821 0.752 0.662 0.912 0.947 0.832 0.789 
0.337 0.844 0.509 0.738 1.000 1.000 1.000 0.989 
0.293 0.876 0.549 0.708 0.978 0.989 0.926 0.905 
0.305 0.884 0.526 0.774 0.989 1.000 0.989 0.979 
0.322 0.871 0.590 0.733 1.000 1.000 1.000 1.000 
0.322 0.877 0.550 0.744 1.000 1.000 1.000 0.989 
0.300 0.874 0.523 0.785 1.000 1.000 1.000 0.979 
0.288 0.872 1.287 0.559 0.440 0.516 0.326 0.284 
0.277 0.890 0.522 0.785 1.000 1.000 1.000 1.000 
0.271 0.890 1.085 0.579 0.725 0.842 0.789 0.716 
0.286 0.880 0.554 0.769 1.000 1.000 1.000 1.000 
0.372 0.868 1.319 0.564 1.000 1.000 1.000 1.000 
0.334 0.856 1.153 0.549 0.176 0.221 0.126 0.147 
0.346 0.852 0.507 0.779 1.000 1.000 1.000 0.989 
0.314 0.875 0.546 0.779 1.000 1.000 0.979 0.968 
0.363 0.875 0.528 0.764 1.000 1.000 1.000 0.989 
0.339 0.860 0.523 0.754 0.978 1.000 0.968 0.968 
0.309 0.886 0.571 0.744 0.451 0.526 0.495 0.516 
0.282 0.893 0.545 0.744 0.989 1.000 0.968 0.989 
0.371 0.845 0.509 0.779 0.989 1.000 0.968 0.968 
0.326 0.865 0.467 0.779 1.000 0.989 1.000 1.000 
0.300 0.863 0.629 0.733 1.000 1.000 1.000 1.000 
0.277 0.879 0.476 0.769 0.912 0.968 0.916 0.905 
0.349 0.886 0.589 0.728 0.890 0.926 0.884 0.905 
0.289 0.865 0.566 0.733 0.637 0.758 0.653 0.716 
0.245 0.885 0.463 0.790 0.978 0.989 0.979 0.979 
0.271 0.894 0.637 0.692 1.000 1.000 1.000 0.989 
0.319 0.872 0.944 0.605 0.835 0.895 0.863 0.832 
0.399 0.848 0.537 0.728 0.527 0.568 0.558 0.526 
0.431 0.824 0.632 0.697 0.934 0.989 0.937 0.863 
0.322 0.861 0.518 0.759 0.879 0.916 0.874 0.947 
0.300 0.867 0.522 0.774 0.912 0.947 0.863 0.863 
0.309 0.874 0.586 0.764 1.000 1.000 1.000 1.000 
0.305 0.886 0.466 0.785 1.000 1.000 1.000 1.000 
0.312 0.890 0.599 0.713 0.978 0.979 0.968 0.958 
0.269 0.898 0.691 0.687 0.725 0.789 0.779 0.779 
0.266 0.885 0.517 0.790 0.967 0.989 0.947 0.926 
0.262 0.883 0.565 0.774 0.989 1.000 0.989 0.947 
0.306 0.900 0.678 0.708 0.989 1.000 0.968 0.947 
0.390 0.839 0.576 0.723 1.000 1.000 1.000 1.000 
0.345 0.874 0.637 0.677 0.967 0.979 0.937 0.937 
0.240 0.894 0.471 0.754 0.571 0.632 0.547 0.526 
0.274 0.903 0.690 0.667 0.967 0.979 0.947 0.937 
0.291 0.886 0.534 0.785 1.000 1.000 1.000 0.979 
0.312 0.881 0.826 0.692 0.978 1.000 0.968 0.905 
0.322 0.883 0.608 0.744 0.967 0.958 0.884 0.884 
0.316 0.867 0.542 0.754 1.000 1.000 1.000 0.989 
0.317 0.854 0.590 0.749 1.000 1.000 0.979 0.968 
0.280 0.883 0.533 0.738 1.000 1.000 1.000 0.989 
0.251 0.898 0.617 0.738 1.000 1.000 0.989 0.968 
0.264 0.897 0.615 0.723 0.989 1.000 0.958 0.905 
0.330 0.879 0.764 0.621 1.000 1.000 0.989 0.968 
0.312 0.856 1.164 0.579 0.802 0.863 0.768 0.747 
0.297 0.889 0.788 0.682 0.978 0.968 0.926 0.926 
0.295 0.871 0.623 0.749 0.835 0.958 0.874 0.832 
0.286 0.897 0.522 0.795 1.000 1.000 1.000 0.968 
0.263 0.891 0.598 0.728 0.989 1.000 0.989 0.947 
0.257 0.886 0.639 0.728 0.989 1.000 0.979 0.947 
0.260 0.897 0.549 0.764 1.000 1.000 1.000 0.989 
0.263 0.885 0.464 0.774 0.978 1.000 0.968 0.937 
0.251 0.893 0.449 0.790 1.000 1.000 1.000 0.979 
0.235 0.903 0.531 0.764 0.989 0.989 0.958 0.947 
0.318 0.899 0.592 0.723 1.000 1.000 0.989 0.989 
0.268 0.890 0.596 0.713 0.934 0.968 0.895 0.895 
0.231 0.894 0.489 0.810 1.000 1.000 1.000 1.000 
0.235 0.907 0.522 0.764 0.989 0.989 0.968 0.979 
0.314 0.899 0.515 0.779 1.000 1.000 1.000 0.989 
0.266 0.898 0.683 0.708 1.000 1.000 1.000 0.958 
0.234 0.909 0.922 0.615 0.967 0.968 0.895 0.842 
0.231 0.904 0.648 0.728 1.000 1.000 1.000 1.000 
0.265 0.900 0.715 0.687 0.989 0.979 0.968 0.926 
0.248 0.903 1.266 0.579 1.000 1.000 1.000 1.000 
0.364 0.877 0.601 0.713 0.978 0.979 0.968 0.958 
0.319 0.884 0.785 0.692 1.000 1.000 1.000 1.000 
0.264 0.889 0.477 0.749 1.000 1.000 1.000 1.000 
0.253 0.902 0.552 0.744 1.000 1.000 0.989 0.989 
0.268 0.907 0.521 0.764 0.934 0.958 0.895 0.863 
0.254 0.895 0.634 0.754 1.000 1.000 1.000 1.000 
0.235 0.907 0.604 0.754 1.000 1.000 1.000 1.000 
0.247 0.904 0.506 0.790 1.000 1.000 1.000 1.000 
0.311 0.886 0.738 0.651 1.000 1.000 1.000 1.000 
0.306 0.871 0.913 0.662 1.000 1.000 1.000 1.000 
0.269 0.904 0.491 0.790 0.978 0.989 1.000 0.979 
0.331 0.893 0.508 0.785 0.978 1.000 0.989 0.989 
0.266 0.903 0.511 0.785 1.000 1.000 0.989 0.979 
0.251 0.908 0.647 0.718 0.978 0.979 0.958 0.947 
0.277 0.912 0.767 0.692 0.989 1.000 0.989 0.968 
0.297 0.870 0.583 0.703 0.978 1.000 0.958 0.958 
0.329 0.877 0.773 0.662 1.000 1.000 0.989 0.979 
0.343 0.854 0.521 0.769 1.000 1.000 1.000 1.000 
0.238 0.902 0.459 0.769 1.000 1.000 1.000 1.000 
0.199 0.922 0.657 0.708 1.000 1.000 0.989 0.979 
0.208 0.914 0.535 0.800 1.000 1.000 1.000 1.000 
0.259 0.898 0.827 0.682 0.989 1.000 0.968 0.926 
0.270 0.886 0.542 0.769 0.989 0.989 0.968 0.947 
0.289 0.894 0.654 0.718 1.000 1.000 0.989 0.979 
0.277 0.897 0.734 0.759 1.000 1.000 1.000 1.000 
0.239 0.913 0.502 0.779 1.000 1.000 1.000 1.000 
0.229 0.912 0.559 0.738 1.000 1.000 1.000 0.968 
0.222 0.903 0.472 0.769 1.000 1.000 1.000 1.000 
0.214 0.917 0.692 0.744 1.000 1.000 1.000 0.979 
0.247 0.895 0.521 0.769 1.000 1.000 1.000 0.989 
0.261 0.923 1.036 0.631 0.956 0.968 0.926 0.853 
0.241 0.899 0.521 0.764 1.000 1.000 1.000 1.000 
0.232 0.905 0.525 0.800 1.000 1.000 1.000 1.000 
0.211 0.914 0.569 0.790 1.000 1.000 1.000 1.000 
0.225 0.900 0.715 0.692 0.978 1.000 0.989 0.947 
0.242 0.914 0.579 0.805 1.000 1.000 1.000 1.000 
0.264 0.885 0.493 0.790 0.945 0.958 0.905 0.737 
0.265 0.914 0.470 0.800 0.989 1.000 0.968 0.958 
0.267 0.874 0.449 0.785 1.000 1.000 1.000 0.989 
0.250 0.886 0.636 0.738 0.989 1.000 0.968 0.926 
0.230 0.902 0.489 0.795 1.000 1.000 1.000 0.979 
0.203 0.917 0.640 0.749 1.000 1.000 0.989 0.968 
0.201 0.918 0.484 0.774 0.978 1.000 0.968 0.937 
0.199 0.917 0.477 0.779 1.000 1.000 1.000 1.000 
0.198 0.916 0.564 0.764 0.989 1.000 0.979 0.979 
0.247 0.914 0.505 0.769 1.000 1.000 1.000 0.979 
0.240 0.916 0.854 0.651 0.989 1.000 0.989 0.979 
0.284 0.894 0.611 0.764 0.967 1.000 0.958 0.947 
0.304 0.890 0.855 0.697 1.000 1.000 1.000 1.000 
0.381 0.860 0.740 0.713 0.967 0.989 0.968 0.905 
0.241 0.904 0.535 0.749 0.901 0.958 0.874 0.800 
0.198 0.911 0.487 0.805 1.000 1.000 1.000 1.000 
0.214 0.905 0.446 0.795 0.989 1.000 0.979 0.968 
0.295 0.890 0.461 0.785 1.000 1.000 1.000 1.000 
0.276 0.876 0.817 0.687 0.967 0.968 0.926 0.863 
0.197 0.917 0.455 0.769 1.000 1.000 1.000 1.000 
0.202 0.931 0.701 0.744 0.989 0.989 0.979 0.968 
0.207 0.928 0.820 0.713 0.978 1.000 0.989 0.979 
0.230 0.920 0.526 0.769 1.000 1.000 1.000 1.000 
0.252 0.911 0.647 0.769 1.000 1.000 1.000 1.000 
0.234 0.911 0.512 0.774 1.000 1.000 1.000 1.000 
0.193 0.926 0.836 0.723 1.000 1.000 1.000 1.000 
0.240 0.922 0.958 0.718 1.000 1.000 1.000 1.000 
0.253 0.895 0.906 0.662 0.989 0.989 0.958 0.895 
0.212 0.921 0.502 0.769 1.000 1.000 1.000 0.989 
0.251 0.893 0.607 0.754 1.000 1.000 1.000 0.968 
0.211 0.912 0.658 0.738 1.000 1.000 1.000 0.989 
0.191 0.920 0.585 0.769 0.956 0.979 0.968 0.863 
0.199 0.926 0.517 0.769 1.000 1.000 1.000 1.000 
0.215 0.920 0.542 0.769 1.000 1.000 1.000 1.000 
0.211 0.913 0.586 0.779 1.000 1.000 1.000 1.000 
0.191 0.926 0.907 0.708 1.000 1.000 1.000 0.968 
0.205 0.918 0.636 0.754 1.000 1.000 1.000 1.000 
0.189 0.930 0.439 0.779 1.000 1.000 1.000 0.989 
0.210 0.926 0.523 0.795 0.989 1.000 0.968 0.905 
0.165 0.930 0.653 0.764 1.000 1.000 1.000 1.000 
0.174 0.927 0.608 0.744 1.000 1.000 1.000 1.000 
0.187 0.936 0.575 0.764 1.000 1.000 1.000 1.000 
0.276 0.899 0.490 0.800 1.000 1.000 1.000 1.000 
0.182 0.921 0.882 0.646 0.967 0.958 0.937 0.863 
0.167 0.932 0.450 0.810 1.000 1.000 1.000 1.000 
0.191 0.931 0.795 0.749 0.989 0.989 0.989 0.968 
0.183 0.927 0.591 0.759 1.000 1.000 1.000 1.000 
0.178 0.926 0.593 0.764 1.000 1.000 0.989 0.968 
0.176 0.923 0.464 0.805 1.000 1.000 1.000 1.000 
0.190 0.925 0.477 0.779 1.000 1.000 1.000 1.000 
0.234 0.902 0.504 0.785 1.000 1.000 1.000 1.000 
0.210 0.927 0.498 0.759 1.000 1.000 1.000 0.968 
0.191 0.923 0.548 0.769 0.989 0.989 0.958 0.968 
0.196 0.920 0.463 0.779 1.000 1.000 1.000 1.000 
0.185 0.930 0.665 0.754 1.000 1.000 1.000 0.989 
0.189 0.908 0.599 0.769 1.000 1.000 1.000 0.968 
0.190 0.916 0.528 0.764 1.000 1.000 1.000 1.000 
0.273 0.894 0.687 0.769 1.000 1.000 1.000 1.000 
0.263 0.895 0.492 0.795 1.000 1.000 1.000 0.989 
0.237 0.909 1.162 0.626 1.000 1.000 1.000 1.000 
0.242 0.917 0.886 0.697 0.978 0.989 0.968 0.937 
0.187 0.923 0.623 0.713 0.978 0.989 0.979 0.968 
0.181 0.926 0.519 0.800 1.000 1.000 1.000 1.000 
0.254 0.934 0.709 0.738 0.956 0.968 0.958 0.874 
0.256 0.890 0.602 0.754 1.000 1.000 1.000 1.000 
0.200 0.911 0.727 0.749 1.000 1.000 1.000 1.000 
0.205 0.922 0.785 0.718 1.000 1.000 1.000 1.000 
0.170 0.946 0.533 0.785 1.000 1.000 1.000 1.000 
0.247 0.923 0.725 0.713 0.989 1.000 1.000 0.968 
0.246 0.914 0.723 0.718 0.978 0.979 0.958 0.895 
0.214 0.921 0.565 0.785 1.000 1.000 1.000 1.000 
0.217 0.918 0.644 0.785 0.989 1.000 1.000 0.989 
0.270 0.904 1.135 0.682 1.000 1.000 1.000 1.000 
0.308 0.860 0.553 0.785 1.000 1.000 1.000 0.989 
0.216 0.905 0.781 0.677 0.989 0.989 0.958 0.926 
0.167 0.926 0.483 0.785 1.000 1.000 1.000 1.000 
0.206 0.931 0.492 0.821 1.000 1.000 1.000 1.000 
0.178 0.943 0.663 0.769 1.000 1.000 1.000 1.000 
0.205 0.908 0.532 0.769 1.000 1.000 1.000 1.000 
0.200 0.911 0.893 0.703 0.967 0.979 0.968 0.916 
0.184 0.936 0.698 0.744 0.989 0.989 0.989 0.979 
0.180 0.923 0.548 0.764 1.000 1.000 1.000 1.000 
0.231 0.922 0.517 0.779 1.000 1.000 1.000 0.979 
0.301 0.883 0.540 0.790 1.000 1.000 1.000 1.000 
0.241 0.913 0.866 0.697 0.956 0.968 0.905 0.811 
0.222 0.914 0.487 0.785 1.000 1.000 1.000 1.000 
0.182 0.918 0.550 0.764 1.000 1.000 1.000 1.000 
0.185 0.927 0.557 0.779 1.000 1.000 1.000 0.989 
0.225 0.917 0.513 0.815 1.000 1.000 1.000 1.000 
0.184 0.930 0.585 0.800 1.000 1.000 1.000 1.000 
0.156 0.930 0.569 0.795 1.000 1.000 1.000 0.989 
0.157 0.936 0.550 0.795 0.978 0.989 0.979 0.989 
0.169 0.931 0.518 0.795 1.000 1.000 1.000 1.000 
0.169 0.928 0.926 0.759 1.000 1.000 1.000 1.000 
0.149 0.941 0.601 0.738 1.000 1.000 1.000 1.000 
0.146 0.948 0.497 0.826 1.000 1.000 1.000 1.000 
0.181 0.930 0.585 0.764 1.000 1.000 1.000 1.000 
0.156 0.945 0.660 0.810 1.000 1.000 0.968 0.947 
0.213 0.912 0.724 0.733 1.000 1.000 1.000 1.000 
0.196 0.930 0.766 0.692 1.000 1.000 1.000 0.989 
0.180 0.917 0.799 0.703 1.000 1.000 1.000 0.989 
0.129 0.940 0.960 0.641 1.000 1.000 1.000 0.989 
0.135 0.962 0.519 0.805 1.000 1.000 1.000 1.000 
0.166 0.937 0.443 0.790 1.000 1.000 1.000 0.989 
0.183 0.940 0.471 0.785 0.989 1.000 0.989 0.979 
0.250 0.903 0.581 0.749 1.000 1.000 1.000 1.000 
0.275 0.907 0.617 0.779 1.000 1.000 1.000 1.000 
0.184 0.928 0.641 0.749 1.000 1.000 1.000 1.000 
0.156 0.945 0.599 0.800 1.000 1.000 1.000 1.000 
0.142 0.941 0.654 0.779 1.000 1.000 1.000 1.000 
0.191 0.939 0.639 0.764 0.967 0.989 0.968 0.958 
0.188 0.916 0.598 0.769 1.000 1.000 1.000 1.000 
0.241 0.922 0.693 0.754 1.000 1.000 0.989 0.958 
0.250 0.891 1.006 0.687 1.000 1.000 1.000 1.000 
0.427 0.874 1.120 0.579 1.000 1.000 1.000 1.000 
0.258 0.888 0.543 0.749 1.000 1.000 1.000 1.000 
0.190 0.926 0.475 0.800 1.000 1.000 1.000 1.000 
0.193 0.922 0.493 0.800 1.000 1.000 1.000 1.000 
0.226 0.898 1.005 0.641 0.978 1.000 0.968 0.937 
0.215 0.922 0.649 0.785 1.000 1.000 1.000 0.989 
0.180 0.936 0.583 0.785 1.000 1.000 1.000 0.989 
0.259 0.911 0.616 0.759 1.000 1.000 1.000 1.000 
0.239 0.926 0.665 0.744 1.000 1.000 1.000 1.000 
0.185 0.931 0.730 0.718 1.000 1.000 1.000 0.989 
0.193 0.957 0.828 0.749 0.923 0.947 0.884 0.832 
0.270 0.904 0.707 0.764 1.000 1.000 1.000 1.000 
0.157 0.941 0.482 0.774 1.000 1.000 1.000 1.000 
0.180 0.941 0.686 0.744 1.000 1.000 1.000 1.000 
0.240 0.923 0.609 0.728 1.000 1.000 1.000 1.000 
0.147 0.941 0.585 0.774 1.000 1.000 1.000 1.000 
0.135 0.943 0.691 0.764 1.000 1.000 1.000 0.989 
0.156 0.945 0.552 0.790 1.000 1.000 1.000 0.989 
0.172 0.936 0.661 0.774 1.000 1.000 0.989 0.989 
0.154 0.951 0.964 0.651 0.945 0.979 0.905 0.874 
0.172 0.923 0.580 0.790 1.000 1.000 1.000 1.000 
0.178 0.936 0.548 0.779 0.989 1.000 1.000 0.979 
0.156 0.937 0.646 0.805 1.000 1.000 1.000 0.989 
0.161 0.939 0.612 0.749 1.000 1.000 1.000 1.000 
0.137 0.949 0.675 0.754 1.000 1.000 1.000 1.000 
0.148 0.945 0.523 0.795 1.000 1.000 1.000 1.000 
0.125 0.951 0.552 0.769 1.000 1.000 1.000 0.989 
0.160 0.951 0.696 0.769 1.000 1.000 1.000 1.000 
0.226 0.932 0.854 0.692 1.000 1.000 1.000 1.000 
0.279 0.897 1.219 0.651 1.000 1.000 1.000 1.000 
0.213 0.922 0.574 0.733 1.000 1.000 1.000 1.000 
0.176 0.935 0.662 0.754 0.989 1.000 0.958 0.895 
0.134 0.945 0.596 0.769 1.000 1.000 0.989 0.989 
0.157 0.957 0.615 0.779 1.000 1.000 1.000 1.000 
0.206 0.907 0.691 0.790 0.978 0.989 0.989 0.926 
0.221 0.916 1.083 0.703 1.000 1.000 1.000 1.000 
0.179 0.918 0.808 0.708 1.000 1.000 0.989 0.979 
0.157 0.932 0.555 0.795 1.000 1.000 1.000 1.000 
0.210 0.922 0.586 0.769 1.000 1.000 1.000 1.000 
0.278 0.900 0.578 0.769 1.000 1.000 1.000 1.000 
0.279 0.888 0.577 0.754 1.000 1.000 1.000 1.000 
0.191 0.939 0.517 0.795 1.000 1.000 1.000 1.000 
0.134 0.949 0.785 0.697 1.000 1.000 1.000 0.968 
0.138 0.941 0.712 0.779 1.000 1.000 1.000 0.968 
0.170 0.930 0.897 0.733 0.989 0.989 0.968 0.947 
0.126 0.936 0.757 0.733 1.000 1.000 1.000 0.989 
0.147 0.957 0.874 0.733 1.000 1.000 1.000 0.989 
0.303 0.911 0.980 0.703 1.000 1.000 1.000 0.989 
0.182 0.931 0.656 0.754 1.000 1.000 1.000 1.000 
0.190 0.950 1.096 0.697 1.000 1.000 1.000 1.000 
0.187 0.932 0.795 0.708 0.978 0.989 0.916 0.842 
0.154 0.927 0.846 0.744 0.978 0.989 0.979 0.905 
0.144 0.953 0.552 0.800 1.000 1.000 0.989 0.979 
0.127 0.946 0.478 0.805 1.000 0.989 0.989 0.958 
0.123 0.958 0.584 0.800 1.000 1.000 1.000 0.979 
0.122 0.955 0.534 0.805 1.000 1.000 1.000 1.000 
0.126 0.958 0.659 0.785 1.000 1.000 1.000 0.989 
0.133 0.964 0.674 0.774 1.000 1.000 1.000 1.000 
0.193 0.935 0.781 0.759 1.000 1.000 0.989 0.958 
0.293 0.905 1.743 0.636 0.989 1.000 0.989 0.979 
0.369 0.890 0.783 0.759 0.989 0.968 1.000 1.000 
0.192 0.926 0.730 0.769 1.000 1.000 1.000 1.000 
0.163 0.944 0.618 0.795 1.000 1.000 1.000 1.000 
0.132 0.959 0.687 0.718 1.000 1.000 1.000 1.000 
0.178 0.949 0.612 0.779 1.000 1.000 1.000 1.000 
0.170 0.925 0.651 0.774 1.000 1.000 1.000 1.000 
0.149 0.943 0.695 0.769 1.000 1.000 1.000 1.000 
0.185 0.939 0.782 0.759 1.000 1.000 1.000 1.000 
0.162 0.944 0.872 0.754 1.000 1.000 1.000 1.000 
0.147 0.957 0.693 0.779 1.000 1.000 1.000 1.000 
0.142 0.945 0.551 0.800 1.000 1.000 1.000 0.989 
0.149 0.950 0.683 0.800 1.000 1.000 1.000 1.000 
0.119 0.962 0.751 0.785 1.000 1.000 1.000 0.979 
0.101 0.962 0.648 0.779 1.000 1.000 1.000 1.000 
0.090 0.972 0.744 0.785 1.000 1.000 1.000 0.989 
0.146 0.946 0.625 0.769 1.000 1.000 1.000 1.000 
0.199 0.925 0.717 0.749 1.000 1.000 1.000 1.000 
0.163 0.941 0.576 0.785 1.000 1.000 1.000 1.000 
0.159 0.957 0.941 0.728 1.000 1.000 1.000 0.979 
0.206 0.922 0.749 0.795 1.000 1.000 1.000 1.000 
0.125 0.955 1.986 0.621 1.000 1.000 1.000 1.000 
0.091 0.977 0.749 0.749 1.000 1.000 1.000 1.000 
0.134 0.966 0.669 0.805 1.000 1.000 1.000 1.000 
0.140 0.946 1.131 0.667 0.967 0.968 0.937 0.895 
0.147 0.944 0.734 0.785 1.000 1.000 1.000 1.000 
0.175 0.941 0.872 0.728 1.000 1.000 1.000 1.000 
0.166 0.935 0.826 0.749 1.000 1.000 1.000 1.000 
0.160 0.957 0.627 0.795 1.000 1.000 1.000 1.000 
0.168 0.951 0.912 0.672 0.989 0.979 0.968 0.947 
0.181 0.927 0.874 0.682 1.000 1.000 1.000 1.000 
0.142 0.958 0.812 0.744 1.000 1.000 1.000 1.000 
0.121 0.960 0.785 0.769 1.000 1.000 0.989 1.000 
0.143 0.957 0.654 0.795 1.000 1.000 0.989 0.958 
0.254 0.925 0.706 0.785 1.000 1.000 1.000 1.000 
0.186 0.928 0.804 0.738 1.000 1.000 1.000 0.989 
0.128 0.950 0.671 0.785 1.000 1.000 1.000 1.000 
0.190 0.950 0.941 0.667 0.978 0.979 0.958 0.884 
0.246 0.934 0.647 0.759 1.000 1.000 1.000 1.000 
0.287 0.926 0.821 0.728 0.989 0.968 0.979 0.979 
0.237 0.912 0.998 0.697 1.000 1.000 1.000 1.000 
0.174 0.936 0.720 0.790 1.000 1.000 1.000 1.000 
0.208 0.921 1.032 0.718 0.780 0.842 0.674 0.568 
0.131 0.948 0.591 0.805 1.000 1.000 1.000 1.000 
0.127 0.959 0.532 0.810 1.000 1.000 1.000 1.000 
0.137 0.950 0.862 0.733 1.000 1.000 0.979 0.926 
0.141 0.958 0.720 0.795 1.000 1.000 1.000 1.000 
0.106 0.967 0.904 0.713 0.978 0.979 0.968 0.947 
0.143 0.958 0.689 0.769 0.989 1.000 1.000 0.968 
0.156 0.955 0.762 0.759 1.000 1.000 1.000 1.000 
0.151 0.937 0.906 0.733 1.000 1.000 1.000 0.947 
0.146 0.958 0.912 0.759 1.000 1.000 1.000 1.000 
0.130 0.957 0.691 0.810 1.000 1.000 1.000 1.000 
0.128 0.951 0.645 0.785 1.000 1.000 1.000 1.000 
0.122 0.945 0.556 0.800 1.000 1.000 1.000 1.000 
0.105 0.966 0.664 0.749 1.000 1.000 1.000 1.000 
0.152 0.946 0.644 0.779 1.000 1.000 1.000 1.000 
0.147 0.955 0.645 0.805 1.000 1.000 1.000 1.000 
0.114 0.957 0.980 0.749 1.000 1.000 1.000 1.000 
0.114 0.963 0.781 0.754 0.978 0.989 0.979 0.968 
0.160 0.955 0.582 0.790 1.000 1.000 1.000 1.000 
0.133 0.943 0.600 0.785 1.000 1.000 1.000 1.000 
0.121 0.948 0.625 0.795 1.000 1.000 1.000 1.000 
0.117 0.964 0.622 0.779 1.000 1.000 1.000 1.000 
0.113 0.953 0.629 0.795 1.000 1.000 1.000 1.000 
0.092 0.966 0.620 0.805 1.000 1.000 1.000 0.989 
0.189 0.964 0.620 0.795 0.945 0.968 0.937 0.800 
0.244 0.903 0.896 0.682 0.978 0.989 0.947 0.958 
0.151 0.939 0.648 0.795 1.000 1.000 1.000 0.989 
0.114 0.949 0.726 0.800 1.000 1.000 1.000 1.000 
0.140 0.958 1.003 0.662 0.989 1.000 0.958 0.937 
0.175 0.935 0.711 0.774 1.000 1.000 1.000 0.989 
0.112 0.958 0.582 0.795 1.000 1.000 1.000 1.000 
0.114 0.954 0.603 0.795 1.000 1.000 1.000 1.000 
0.092 0.968 0.595 0.800 1.000 1.000 1.000 1.000 
0.093 0.962 0.827 0.764 1.000 1.000 1.000 1.000 
0.090 0.969 0.833 0.759 1.000 1.000 1.000 0.989 
0.091 0.971 0.713 0.800 1.000 1.000 1.000 1.000 
0.121 0.968 0.703 0.774 1.000 1.000 1.000 1.000 
0.259 0.916 2.533 0.605 1.000 1.000 1.000 1.000 
0.266 0.897 0.784 0.754 1.000 1.000 1.000 1.000 
0.115 0.954 0.658 0.774 1.000 1.000 1.000 1.000 
0.112 0.969 0.865 0.733 0.989 0.989 0.968 0.947 
0.113 0.962 0.889 0.713 0.989 0.989 0.968 0.947 
0.147 0.962 0.876 0.744 1.000 1.000 1.000 1.000 
0.228 0.943 1.026 0.738 1.000 1.000 1.000 1.000 
0.263 0.899 1.178 0.708 1.000 1.000 1.000 1.000 
0.200 0.917 0.803 0.769 1.000 1.000 0.989 0.989 
0.214 0.927 1.073 0.677 0.989 0.979 0.937 0.874 
0.150 0.939 0.893 0.733 0.989 1.000 0.989 0.979 
0.102 0.954 0.672 0.769 1.000 1.000 1.000 0.989 
0.084 0.969 0.726 0.774 1.000 1.000 1.000 0.979 
0.075 0.980 0.709 0.790 1.000 1.000 1.000 0.979 
0.114 0.978 0.663 0.769 1.000 1.000 1.000 1.000 
0.179 0.943 0.656 0.810 1.000 1.000 1.000 1.000 
0.109 0.958 0.973 0.697 0.989 1.000 0.989 0.979 
0.109 0.964 0.708 0.779 1.000 1.000 1.000 0.979 
0.082 0.968 0.797 0.774 1.000 1.000 1.000 1.000 
0.083 0.968 0.703 0.831 1.000 1.000 1.000 1.000 
0.096 0.954 0.691 0.810 1.000 1.000 1.000 0.968 
0.115 0.955 0.666 0.769 1.000 1.000 1.000 1.000 
0.091 0.966 0.712 0.779 1.000 1.000 1.000 1.000 
0.205 0.935 1.147 0.672 1.000 1.000 1.000 1.000 
0.206 0.916 0.778 0.749 1.000 1.000 1.000 1.000 
0.136 0.946 0.686 0.779 0.989 0.989 1.000 0.937 
0.157 0.945 0.743 0.759 1.000 1.000 1.000 1.000 
0.186 0.945 0.828 0.744 1.000 1.000 1.000 0.989 
0.187 0.930 0.714 0.769 1.000 1.000 1.000 0.937 
0.154 0.951 0.875 0.733 1.000 1.000 1.000 1.000 
0.238 0.913 1.367 0.656 1.000 1.000 1.000 1.000 
0.187 0.945 0.707 0.785 1.000 1.000 1.000 1.000 
0.135 0.944 0.821 0.749 1.000 1.000 0.989 0.989 
0.126 0.955 0.632 0.810 0.989 1.000 0.979 0.989 
0.220 0.932 0.810 0.723 0.945 0.958 0.916 0.863 
0.189 0.939 0.755 0.718 1.000 1.000 1.000 1.000 
0.203 0.953 0.746 0.749 1.000 1.000 1.000 1.000 
0.227 0.925 0.543 0.785 1.000 1.000 1.000 1.000 
0.138 0.959 0.763 0.769 1.000 1.000 1.000 1.000 
0.108 0.957 0.782 0.785 1.000 1.000 1.000 1.000 
0.096 0.980 0.674 0.790 1.000 1.000 1.000 1.000 
0.128 0.964 1.046 0.708 1.000 1.000 1.000 1.000 
0.101 0.964 0.956 0.733 1.000 1.000 0.989 1.000 
0.103 0.967 0.951 0.733 1.000 1.000 0.989 0.968 
0.138 0.962 0.927 0.805 1.000 1.000 1.000 1.000 
0.134 0.944 1.080 0.723 1.000 1.000 1.000 1.000 
0.125 0.957 0.878 0.774 1.000 1.000 1.000 1.000 
0.169 0.937 0.686 0.785 1.000 1.000 1.000 1.000 
0.162 0.934 0.781 0.779 0.989 1.000 1.000 1.000 
0.133 0.949 1.120 0.728 1.000 1.000 1.000 1.000 
0.160 0.954 0.757 0.769 1.000 1.000 1.000 1.000 
0.190 0.931 0.789 0.774 1.000 1.000 0.989 0.989 
0.132 0.948 0.731 0.744 1.000 1.000 1.000 0.989 
0.131 0.960 0.688 0.785 1.000 1.000 1.000 1.000 
0.105 0.966 0.917 0.744 1.000 1.000 1.000 1.000 
0.119 0.963 0.621 0.800 1.000 1.000 1.000 0.989 
0.101 0.960 0.850 0.754 0.978 0.989 0.947 0.895 
0.161 0.957 0.839 0.769 1.000 1.000 1.000 1.000 
0.147 0.943 1.346 0.600 1.000 1.000 1.000 1.000 
0.094 0.966 0.565 0.785 1.000 1.000 1.000 1.000 
0.112 0.966 0.622 0.815 1.000 1.000 1.000 1.000 
0.119 0.955 0.709 0.779 1.000 1.000 1.000 1.000 
0.098 0.969 0.622 0.795 1.000 1.000 1.000 1.000 
0.107 0.966 1.032 0.703 1.000 1.000 0.989 0.968 
0.097 0.964 0.920 0.759 1.000 1.000 1.000 1.000 
0.072 0.978 0.705 0.785 1.000 1.000 1.000 1.000 
0.068 0.982 0.729 0.790 1.000 1.000 0.989 0.989 
0.097 0.974 1.241 0.677 0.989 0.989 0.968 0.926 
0.088 0.969 0.725 0.764 0.978 0.989 0.968 0.947 
0.077 0.972 0.755 0.774 1.000 1.000 1.000 1.000 
0.095 0.974 0.593 0.821 1.000 1.000 1.000 1.000 
0.112 0.959 0.645 0.810 1.000 1.000 1.000 0.968 
0.112 0.958 0.790 0.774 1.000 1.000 1.000 1.000 
0.136 0.958 0.596 0.800 1.000 1.000 1.000 0.989 
0.082 0.976 0.617 0.800 1.000 1.000 1.000 0.989 
0.109 0.957 0.724 0.774 1.000 1.000 1.000 1.000 
0.078 0.976 0.748 0.785 1.000 1.000 1.000 1.000 
0.067 0.978 0.621 0.810 1.000 1.000 1.000 1.000 
0.067 0.972 0.739 0.815 1.000 1.000 0.989 0.989 
0.061 0.985 0.753 0.815 1.000 1.000 1.000 0.989 
0.064 0.977 0.616 0.831 1.000 1.000 1.000 1.000 
0.086 0.973 0.662 0.805 1.000 1.000 1.000 1.000 
0.072 0.969 0.627 0.795 1.000 1.000 1.000 1.000 
0.072 0.981 0.709 0.779 1.000 1.000 1.000 1.000 
0.220 0.937 1.517 0.605 1.000 1.000 0.989 0.968 
0.224 0.908 0.825 0.764 1.000 1.000 1.000 0.989 
0.158 0.948 0.978 0.728 1.000 1.000 0.989 1.000 
0.150 0.943 0.700 0.795 1.000 1.000 1.000 1.000 
0.171 0.946 0.856 0.759 1.000 1.000 1.000 1.000 
0.156 0.928 1.248 0.723 1.000 1.000 1.000 1.000 
0.135 0.950 0.737 0.831 1.000 1.000 1.000 1.000 
0.185 0.914 0.763 0.744 1.000 1.000 1.000 0.989 
0.095 0.957 0.644 0.800 1.000 1.000 1.000 0.979 
0.074 0.976 0.610 0.826 1.000 1.000 1.000 1.000 
0.108 0.960 0.618 0.790 1.000 1.000 1.000 0.989 
0.122 0.962 0.946 0.774 1.000 1.000 1.000 1.000 
0.236 0.946 1.399 0.692 1.000 1.000 1.000 1.000 
0.217 0.918 0.962 0.728 1.000 1.000 1.000 1.000 
0.118 0.960 0.579 0.805 1.000 1.000 1.000 0.989 
0.114 0.963 0.635 0.779 1.000 1.000 1.000 1.000 
0.090 0.969 0.651 0.815 1.000 1.000 1.000 1.000 
0.119 0.945 0.888 0.713 1.000 1.000 1.000 0.979 
0.101 0.958 1.254 0.656 0.989 0.979 0.989 0.937 
0.070 0.971 0.823 0.754 1.000 0.989 1.000 0.979 
0.075 0.981 0.786 0.785 1.000 1.000 1.000 0.968 
0.067 0.978 0.792 0.810 1.000 1.000 0.989 0.979 
0.074 0.971 0.708 0.805 1.000 1.000 1.000 1.000 
0.093 0.960 0.771 0.754 1.000 1.000 0.989 0.979 
0.144 0.945 1.161 0.754 1.000 1.000 1.000 1.000 
0.171 0.927 0.820 0.754 1.000 1.000 1.000 1.000 
0.113 0.959 0.635 0.779 1.000 1.000 1.000 1.000 
0.108 0.951 0.856 0.718 1.000 1.000 1.000 1.000 
0.101 0.955 0.775 0.790 1.000 1.000 1.000 1.000 
0.159 0.957 0.816 0.764 1.000 1.000 1.000 1.000 
0.223 0.945 0.855 0.779 1.000 1.000 1.000 0.989 
0.174 0.939 0.885 0.738 1.000 1.000 1.000 1.000 
0.102 0.955 0.874 0.733 1.000 1.000 1.000 1.000 
0.087 0.974 0.952 0.708 1.000 1.000 0.989 0.968 
0.083 0.963 0.901 0.774 1.000 1.000 1.000 0.989 
0.104 0.977 0.800 0.759 1.000 1.000 1.000 0.989 
0.170 0.937 0.686 0.759 1.000 1.000 1.000 0.989 
0.106 0.957 0.822 0.733 0.989 1.000 0.968 0.916 
0.083 0.968 0.663 0.779 1.000 1.000 0.989 0.968 
0.065 0.978 0.744 0.805 1.000 1.000 1.000 0.989 
0.097 0.977 0.945 0.728 1.000 1.000 1.000 0.979 
0.175 0.934 0.818 0.759 1.000 1.000 1.000 1.000 
0.115 0.964 1.060 0.733 1.000 1.000 1.000 1.000 
0.150 0.948 1.536 0.636 1.000 1.000 0.979 0.947 
0.166 0.953 0.950 0.708 1.000 1.000 0.979 0.989 
0.195 0.914 1.337 0.708 1.000 1.000 1.000 1.000 
0.137 0.944 1.047 0.677 1.000 1.000 0.989 0.979 
0.096 0.969 0.773 0.795 1.000 1.000 1.000 0.989 
0.078 0.972 0.691 0.754 1.000 1.000 1.000 1.000 
0.075 0.978 0.758 0.785 1.000 1.000 1.000 1.000 
0.101 0.962 0.736 0.815 1.000 1.000 1.000 1.000 
0.085 0.977 0.769 0.800 1.000 1.000 1.000 1.000 
0.105 0.967 0.638 0.800 1.000 1.000 1.000 1.000 
0.112 0.958 0.693 0.769 1.000 1.000 1.000 1.000 
0.116 0.977 0.811 0.779 1.000 1.000 0.989 0.979 
0.111 0.950 0.706 0.738 1.000 1.000 0.989 0.958 
0.087 0.977 0.593 0.810 1.000 1.000 1.000 1.000 
0.117 0.968 0.656 0.815 1.000 1.000 1.000 1.000 
0.139 0.951 0.994 0.769 1.000 1.000 1.000 1.000 
0.158 0.953 0.803 0.785 1.000 0.989 1.000 0.937 
0.179 0.936 0.700 0.754 1.000 1.000 1.000 1.000 
0.149 0.932 0.768 0.795 1.000 1.000 1.000 0.989 
0.166 0.932 0.945 0.744 1.000 1.000 1.000 1.000 
0.121 0.959 0.722 0.764 1.000 1.000 1.000 1.000 
0.072 0.971 0.737 0.790 1.000 1.000 0.989 0.989 
0.050 0.982 0.790 0.810 1.000 1.000 1.000 1.000 
0.052 0.978 1.031 0.697 1.000 1.000 0.989 0.968 
0.065 0.990 0.787 0.800 1.000 1.000 1.000 1.000 
0.067 0.973 0.754 0.790 1.000 1.000 1.000 1.000 
0.057 0.983 0.757 0.815 1.000 1.000 1.000 1.000 
0.055 0.985 0.676 0.821 1.000 1.000 1.000 1.000 
0.066 0.982 0.849 0.790 1.000 1.000 1.000 1.000 
0.168 0.957 0.783 0.790 1.000 1.000 1.000 1.000 
0.157 0.951 0.910 0.764 1.000 1.000 1.000 1.000 
0.176 0.935 1.155 0.708 0.989 1.000 0.979 0.958 
0.121 0.954 0.924 0.738 1.000 1.000 1.000 0.979 
0.097 0.960 0.833 0.774 1.000 1.000 1.000 1.000 
0.109 0.971 0.756 0.790 1.000 1.000 1.000 1.000 
0.201 0.917 1.000 0.723 1.000 1.000 0.989 0.968 
0.085 0.959 0.703 0.800 1.000 1.000 1.000 0.979 
0.076 0.968 0.863 0.779 1.000 1.000 1.000 1.000 
0.073 0.972 0.695 0.805 1.000 1.000 1.000 1.000 
0.084 0.974 0.783 0.774 1.000 1.000 1.000 1.000 
0.098 0.962 0.736 0.815 1.000 1.000 1.000 0.979 
0.095 0.971 0.746 0.779 1.000 1.000 1.000 0.989 
0.110 0.969 0.751 0.790 1.000 1.000 1.000 1.000 
0.144 0.953 0.977 0.744 1.000 1.000 1.000 1.000 
0.102 0.969 0.847 0.790 1.000 1.000 1.000 1.000 
0.089 0.973 0.913 0.718 1.000 0.989 0.979 0.937 
0.065 0.982 0.928 0.769 1.000 1.000 0.989 0.958 
0.085 0.972 0.778 0.779 1.000 1.000 1.000 1.000 
0.067 0.973 0.907 0.728 1.000 1.000 1.000 1.000 
0.146 0.972 1.293 0.656 1.000 1.000 0.979 0.926 
0.217 0.920 0.892 0.774 1.000 1.000 1.000 1.000 
0.172 0.940 1.819 0.651 1.000 1.000 1.000 1.000 
0.121 0.950 0.859 0.774 1.000 1.000 0.989 0.937 
0.108 0.960 0.744 0.815 1.000 1.000 1.000 1.000 
0.109 0.953 1.075 0.687 1.000 1.000 1.000 1.000 
0.139 0.971 0.799 0.779 1.000 1.000 1.000 1.000 
0.113 0.953 0.775 0.779 1.000 1.000 1.000 0.979 
0.123 0.972 0.842 0.779 1.000 0.979 0.979 0.916 
0.133 0.962 0.804 0.769 1.000 1.000 1.000 1.000 
0.096 0.964 0.791 0.749 1.000 1.000 1.000 1.000 
0.071 0.976 0.912 0.759 1.000 1.000 1.000 0.979 
0.051 0.981 0.640 0.805 1.000 1.000 1.000 1.000 
0.088 0.986 0.816 0.790 1.000 1.000 1.000 1.000 
0.135 0.939 0.989 0.790 1.000 1.000 1.000 1.000 
0.062 0.972 0.989 0.749 1.000 1.000 1.000 1.000 
0.065 0.974 1.023 0.708 1.000 1.000 1.000 0.979 
0.072 0.976 1.127 0.697 0.989 1.000 0.979 0.947 
0.061 0.983 1.003 0.728 1.000 1.000 0.989 0.968 
0.070 0.985 1.114 0.708 0.989 1.000 0.989 0.958 
0.091 0.964 0.830 0.744 0.934 0.958 0.916 0.832 
0.066 0.972 0.736 0.795 1.000 1.000 1.000 0.979 
0.068 0.980 0.768 0.744 1.000 1.000 1.000 0.979 
0.092 0.981 0.598 0.805 1.000 1.000 1.000 0.989 
0.229 0.950 0.849 0.754 1.000 1.000 1.000 0.979 
0.131 0.963 0.901 0.785 1.000 1.000 1.000 0.989 
0.137 0.949 0.971 0.744 1.000 1.000 1.000 1.000 
0.112 0.962 0.961 0.718 1.000 1.000 1.000 0.989 
0.101 0.960 1.043 0.708 1.000 1.000 1.000 1.000 
0.083 0.971 0.920 0.764 1.000 1.000 1.000 1.000 
0.072 0.972 0.649 0.800 1.000 1.000 1.000 1.000 
0.057 0.981 0.828 0.795 1.000 1.000 1.000 1.000 
0.061 0.981 0.718 0.800 1.000 1.000 1.000 1.000 
0.065 0.991 0.831 0.769 1.000 1.000 1.000 0.989 
0.084 0.972 0.730 0.785 1.000 1.000 1.000 0.979 
0.070 0.981 0.935 0.779 1.000 1.000 1.000 1.000 
0.081 0.969 0.743 0.795 1.000 1.000 1.000 0.968 
0.101 0.980 0.937 0.759 1.000 1.000 1.000 1.000 
0.136 0.966 1.050 0.759 1.000 1.000 1.000 1.000 
0.129 0.939 1.260 0.718 1.000 1.000 1.000 1.000 
0.077 0.976 0.821 0.795 1.000 1.000 1.000 1.000 
0.088 0.969 0.862 0.826 1.000 1.000 1.000 1.000 
0.102 0.969 0.636 0.810 1.000 1.000 1.000 1.000 
0.094 0.973 0.864 0.764 1.000 1.000 1.000 1.000 
0.056 0.981 1.211 0.708 0.989 1.000 0.968 0.979 
0.109 0.986 1.066 0.749 1.000 1.000 0.989 0.989 
0.109 0.954 0.781 0.795 1.000 1.000 1.000 1.000 
0.061 0.977 1.005 0.713 1.000 1.000 0.989 0.958 
0.051 0.986 0.717 0.779 1.000 1.000 1.000 0.968 
0.053 0.982 0.742 0.826 1.000 1.000 1.000 1.000 
0.045 0.983 0.688 0.815 1.000 1.000 1.000 1.000 
0.062 0.990 0.797 0.790 1.000 1.000 1.000 0.989 
0.059 0.978 0.915 0.785 1.000 1.000 0.989 0.958 
0.095 0.978 0.779 0.805 1.000 1.000 1.000 1.000 
0.098 0.957 0.830 0.769 1.000 1.000 1.000 1.000 
0.106 0.957 1.057 0.718 1.000 1.000 1.000 0.979 
0.121 0.964 0.752 0.795 1.000 1.000 1.000 1.000 
0.180 0.944 0.798 0.785 1.000 1.000 1.000 1.000 
0.162 0.928 0.939 0.697 1.000 1.000 1.000 0.937 
0.106 0.958 0.706 0.800 1.000 1.000 1.000 0.989 
0.122 0.968 0.815 0.754 1.000 1.000 1.000 1.000 
0.105 0.955 0.803 0.759 1.000 1.000 1.000 1.000 
0.089 0.962 0.856 0.774 1.000 1.000 1.000 1.000 
0.084 0.973 0.759 0.810 1.000 1.000 0.989 0.968 
0.070 0.974 0.624 0.795 1.000 1.000 0.989 0.968 
0.082 0.968 0.739 0.785 1.000 1.000 1.000 0.979 
0.122 0.962 0.849 0.754 1.000 1.000 0.989 0.968 
0.158 0.944 0.860 0.749 1.000 1.000 0.989 0.926 
0.180 0.936 0.815 0.769 1.000 1.000 1.000 1.000 
0.096 0.959 0.908 0.779 1.000 1.000 1.000 0.979 
0.077 0.972 0.750 0.790 1.000 1.000 1.000 1.000 
0.070 0.982 0.841 0.790 1.000 1.000 0.989 0.968 
0.094 0.968 0.761 0.774 0.989 0.989 0.989 0.979 
0.043 0.989 0.742 0.800 1.000 1.000 1.000 1.000 
0.035 0.989 0.768 0.800 1.000 1.000 1.000 1.000 
0.078 0.980 0.795 0.821 1.000 1.000 1.000 1.000 
0.062 0.973 0.920 0.800 1.000 1.000 1.000 1.000 
0.071 0.985 0.760 0.795 1.000 1.000 1.000 1.000 
0.095 0.969 0.764 0.795 1.000 1.000 1.000 1.000 
0.131 0.978 0.828 0.774 1.000 1.000 1.000 0.989 
0.176 0.946 0.865 0.769 1.000 1.000 1.000 1.000 
0.254 0.904 0.855 0.749 1.000 1.000 1.000 0.989 
0.121 0.963 0.848 0.779 1.000 1.000 0.989 0.979 
0.071 0.973 0.717 0.785 1.000 1.000 1.000 0.989 
0.069 0.978 0.648 0.805 1.000 1.000 1.000 1.000 
0.063 0.980 0.976 0.759 1.000 1.000 0.989 0.989 
0.069 0.980 0.988 0.713 1.000 1.000 1.000 1.000 
0.043 0.991 0.758 0.744 1.000 1.000 1.000 0.989 
0.053 0.987 0.787 0.790 1.000 1.000 1.000 0.979 
0.058 0.973 0.761 0.785 1.000 1.000 1.000 0.968 
0.065 0.980 0.881 0.769 1.000 1.000 1.000 0.989 
0.099 0.981 1.385 0.662 1.000 1.000 0.989 0.958 
0.212 0.928 0.993 0.779 1.000 1.000 0.979 0.958 
0.186 0.941 0.913 0.774 1.000 1.000 1.000 1.000 
0.258 0.902 1.018 0.723 1.000 1.000 1.000 0.989 
0.142 0.953 0.887 0.754 1.000 1.000 1.000 1.000 
0.085 0.976 0.823 0.795 1.000 1.000 1.000 1.000 
0.062 0.973 0.699 0.790 1.000 1.000 1.000 1.000 
0.054 0.980 0.959 0.790 1.000 1.000 1.000 0.989 
0.046 0.985 0.666 0.800 1.000 1.000 1.000 0.989 
0.044 0.986 0.827 0.810 1.000 1.000 1.000 0.979 
0.038 0.986 0.769 0.800 1.000 1.000 1.000 1.000 
0.058 0.982 0.756 0.800 1.000 1.000 1.000 1.000 
0.063 0.977 1.109 0.738 1.000 1.000 1.000 0.979 
0.075 0.978 0.921 0.779 1.000 1.000 0.989 0.979 
0.127 0.959 0.910 0.728 1.000 1.000 1.000 0.989 
0.139 0.951 0.839 0.738 1.000 1.000 1.000 1.000 
0.117 0.959 0.986 0.754 1.000 1.000 1.000 1.000 
0.052 0.987 0.726 0.805 1.000 1.000 1.000 1.000 
0.069 0.977 0.810 0.785 1.000 1.000 1.000 1.000 
0.085 0.972 0.718 0.805 1.000 1.000 1.000 1.000 
0.088 0.958 0.869 0.815 1.000 1.000 1.000 1.000 
0.066 0.971 0.832 0.800 1.000 1.000 1.000 1.000 
0.066 0.980 0.787 0.785 1.000 1.000 1.000 1.000 
0.061 0.976 0.824 0.790 1.000 1.000 1.000 1.000 
0.063 0.981 0.796 0.810 1.000 1.000 1.000 1.000 
0.047 0.980 0.707 0.826 1.000 1.000 1.000 1.000 
0.037 0.995 0.846 0.779 1.000 1.000 1.000 1.000 
0.044 0.987 0.807 0.815 1.000 1.000 1.000 1.000 
0.042 0.991 0.749 0.826 1.000 1.000 1.000 1.000 
0.084 0.976 0.725 0.815 1.000 1.000 1.000 1.000 
0.093 0.977 0.930 0.754 1.000 1.000 1.000 1.000 
0.091 0.971 0.979 0.769 1.000 1.000 1.000 0.989 
0.090 0.963 0.910 0.785 1.000 1.000 1.000 0.979 
0.105 0.959 2.632 0.610 1.000 1.000 1.000 1.000 
0.213 0.925 0.955 0.805 1.000 1.000 1.000 1.000 
0.096 0.964 1.014 0.738 1.000 1.000 1.000 1.000 
0.081 0.977 0.835 0.785 1.000 1.000 1.000 1.000 
0.196 0.946 1.447 0.738 1.000 1.000 0.979 0.979 
0.216 0.912 0.679 0.790 1.000 1.000 1.000 0.989 
0.201 0.921 0.982 0.744 1.000 1.000 1.000 0.979 
0.113 0.946 1.027 0.754 1.000 1.000 1.000 1.000 
0.085 0.967 0.732 0.815 1.000 1.000 1.000 1.000 
0.101 0.981 0.904 0.779 1.000 1.000 1.000 1.000 
0.169 0.943 0.870 0.785 1.000 1.000 1.000 1.000 
0.189 0.944 0.862 0.779 1.000 1.000 0.989 0.968 
0.219 0.943 0.933 0.738 0.989 0.989 0.989 0.958 
0.082 0.964 0.874 0.738 1.000 1.000 1.000 0.979 
0.090 0.986 0.722 0.800 1.000 1.000 1.000 1.000 
0.131 0.957 2.301 0.641 1.000 1.000 1.000 1.000 
0.182 0.930 1.046 0.744 1.000 1.000 1.000 1.000 
0.094 0.958 0.856 0.769 1.000 1.000 1.000 1.000 
0.073 0.981 0.685 0.805 1.000 1.000 1.000 1.000 
0.152 0.960 0.876 0.785 1.000 1.000 1.000 1.000 
0.109 0.953 0.836 0.810 1.000 1.000 1.000 1.000 
0.091 0.971 0.826 0.805 1.000 1.000 1.000 0.979 
0.154 0.945 0.851 0.779 1.000 1.000 1.000 1.000 
0.094 0.973 1.159 0.682 1.000 1.000 0.979 0.968 
0.129 0.972 1.343 0.672 1.000 1.000 0.989 0.979 
0.194 0.949 1.201 0.728 1.000 1.000 1.000 1.000 
0.172 0.916 1.170 0.708 0.945 0.968 0.884 0.747 
0.090 0.969 0.777 0.779 0.978 0.979 0.937 0.832 
0.071 0.973 0.896 0.790 1.000 1.000 1.000 0.989 
0.083 0.973 0.763 0.785 1.000 1.000 1.000 1.000 
0.092 0.973 0.751 0.800 1.000 1.000 1.000 1.000 
0.130 0.971 0.950 0.713 1.000 1.000 1.000 0.989 
0.149 0.945 1.518 0.672 1.000 0.989 0.989 0.895 
0.089 0.969 1.079 0.718 1.000 0.989 0.989 0.958 
0.096 0.969 0.868 0.815 1.000 1.000 1.000 1.000 
0.112 0.950 0.981 0.774 1.000 1.000 1.000 1.000 
0.091 0.966 0.927 0.805 1.000 1.000 1.000 1.000 
0.182 0.944 1.031 0.754 1.000 1.000 1.000 1.000 
0.126 0.950 0.822 0.764 1.000 1.000 0.989 0.979 
0.092 0.980 0.845 0.774 0.989 0.989 0.979 0.937 
0.160 0.969 0.902 0.795 1.000 1.000 1.000 0.989 
0.168 0.944 0.800 0.769 1.000 1.000 1.000 1.000 
0.104 0.973 0.786 0.805 1.000 1.000 1.000 1.000 
0.139 0.966 0.876 0.779 1.000 1.000 1.000 0.989 
0.138 0.957 1.519 0.738 1.000 1.000 1.000 0.905 
0.095 0.963 1.440 0.754 1.000 1.000 1.000 0.989 
0.086 0.977 0.804 0.795 1.000 1.000 1.000 1.000 
0.111 0.963 0.728 0.836 1.000 1.000 1.000 1.000 
0.105 0.955 0.899 0.790 1.000 1.000 1.000 1.000 
0.087 0.972 0.771 0.810 1.000 1.000 1.000 1.000 
0.133 0.963 0.745 0.826 1.000 1.000 1.000 1.000 
0.148 0.953 1.071 0.779 1.000 1.000 1.000 1.000 
0.108 0.958 0.862 0.749 1.000 1.000 1.000 1.000 
0.062 0.974 1.137 0.738 1.000 1.000 1.000 0.979 
0.039 0.986 1.377 0.697 1.000 1.000 0.979 0.937 
0.034 0.990 0.806 0.800 1.000 1.000 1.000 0.968 
0.104 0.983 0.754 0.800 1.000 1.000 1.000 1.000 
0.141 0.946 1.151 0.692 1.000 1.000 1.000 1.000 
0.080 0.981 0.979 0.769 1.000 1.000 1.000 1.000 
0.157 0.957 0.987 0.754 1.000 1.000 1.000 1.000 
0.111 0.964 0.924 0.790 1.000 1.000 1.000 1.000 
0.165 0.945 0.957 0.785 1.000 1.000 1.000 1.000 
0.098 0.966 1.009 0.769 1.000 1.000 1.000 0.989 
0.047 0.983 0.975 0.805 1.000 1.000 1.000 1.000 
0.034 0.989 0.760 0.800 1.000 1.000 1.000 1.000 
0.041 0.990 0.821 0.805 1.000 1.000 0.989 0.979 
0.044 0.991 0.822 0.810 1.000 1.000 1.000 0.989 
0.051 0.985 0.820 0.800 1.000 1.000 1.000 1.000 
0.047 0.987 0.813 0.815 1.000 1.000 1.000 1.000 
0.061 0.981 0.841 0.800 1.000 1.000 1.000 1.000 
0.070 0.974 0.971 0.769 1.000 1.000 1.000 1.000 
0.073 0.971 0.848 0.810 1.000 1.000 1.000 1.000 
0.051 0.985 0.905 0.795 1.000 1.000 1.000 1.000 
0.059 0.985 0.878 0.831 1.000 1.000 1.000 1.000 
0.051 0.980 0.950 0.769 1.000 1.000 1.000 1.000 
0.066 0.982 0.861 0.769 1.000 1.000 1.000 0.979 
0.120 0.976 1.579 0.754 1.000 1.000 1.000 1.000 
0.112 0.968 0.777 0.779 1.000 1.000 1.000 0.989 
0.119 0.971 0.763 0.785 1.000 1.000 1.000 1.000 
0.169 0.927 1.047 0.728 0.989 0.989 0.968 0.937 
0.106 0.971 1.166 0.738 1.000 1.000 1.000 1.000 
0.087 0.972 1.101 0.744 0.989 0.989 0.958 0.884 
0.099 0.981 1.134 0.754 1.000 0.989 0.989 0.926 
0.090 0.972 1.034 0.764 1.000 1.000 1.000 1.000 
0.066 0.981 1.062 0.774 1.000 1.000 1.000 1.000 
0.038 0.989 0.764 0.815 1.000 1.000 1.000 1.000 
0.040 0.987 0.801 0.810 1.000 1.000 1.000 1.000 
0.029 0.991 0.831 0.810 1.000 1.000 1.000 1.000 
0.037 0.992 0.829 0.805 1.000 1.000 1.000 1.000 
0.029 0.991 0.863 0.826 1.000 1.000 1.000 1.000 
0.033 0.991 0.800 0.826 1.000 1.000 1.000 1.000 
0.046 0.981 1.020 0.744 1.000 1.000 1.000 0.937 
0.038 0.989 0.849 0.769 1.000 1.000 1.000 0.958 
0.086 0.976 1.170 0.682 1.000 1.000 1.000 0.979 
0.096 0.964 0.750 0.774 1.000 1.000 1.000 0.979 
0.059 0.980 0.886 0.805 1.000 1.000 1.000 1.000 
0.082 0.971 0.882 0.826 1.000 1.000 1.000 1.000 
0.100 0.985 0.874 0.790 1.000 1.000 1.000 0.958 
0.111 0.957 1.161 0.764 1.000 1.000 1.000 1.000 
0.138 0.976 0.772 0.774 1.000 1.000 0.989 0.989 
0.185 0.925 0.919 0.785 1.000 1.000 0.989 0.979 
0.186 0.923 0.644 0.810 1.000 1.000 1.000 0.989 
0.074 0.966 0.596 0.831 1.000 1.000 1.000 1.000 
0.058 0.981 0.772 0.769 1.000 1.000 1.000 1.000 
0.052 0.983 0.759 0.800 1.000 1.000 1.000 1.000 
0.039 0.989 0.705 0.826 1.000 1.000 1.000 1.000 
0.040 0.989 0.759 0.826 1.000 1.000 1.000 1.000 
0.032 0.992 0.948 0.795 1.000 1.000 1.000 1.000 
0.050 0.990 0.848 0.821 1.000 1.000 1.000 1.000 
0.059 0.985 0.869 0.815 1.000 1.000 1.000 1.000 
0.057 0.982 0.914 0.790 1.000 1.000 1.000 1.000 
0.065 0.983 0.823 0.826 1.000 1.000 1.000 1.000 
0.118 0.980 0.978 0.779 1.000 1.000 1.000 0.979 
0.139 0.948 1.118 0.754 1.000 0.989 0.968 0.937 
0.075 0.985 1.040 0.779 1.000 1.000 1.000 0.989 
0.097 0.962 0.899 0.785 1.000 1.000 1.000 0.979 
0.058 0.976 1.121 0.744 1.000 1.000 1.000 1.000 
0.039 0.990 0.862 0.805 1.000 1.000 1.000 1.000 
0.032 0.991 0.903 0.800 1.000 1.000 1.000 1.000 
0.052 0.990 0.877 0.815 1.000 1.000 1.000 1.000 
0.138 0.972 1.089 0.738 1.000 1.000 1.000 1.000 
0.255 0.914 1.025 0.749 1.000 1.000 1.000 0.979 
0.109 0.957 0.983 0.723 1.000 1.000 1.000 1.000 
0.097 0.982 0.892 0.759 1.000 1.000 0.989 0.968 
0.047 0.985 0.893 0.790 1.000 1.000 1.000 1.000 
0.089 0.971 0.779 0.826 1.000 1.000 1.000 1.000 
0.141 0.950 1.206 0.764 1.000 1.000 1.000 1.000 
0.150 0.946 0.962 0.810 1.000 1.000 1.000 1.000 
0.176 0.932 1.488 0.672 1.000 1.000 1.000 1.000 
0.112 0.959 0.947 0.749 1.000 1.000 1.000 0.989 
0.084 0.963 0.727 0.785 1.000 1.000 0.979 0.958 
0.063 0.989 0.830 0.810 1.000 1.000 1.000 1.000 
0.076 0.981 0.952 0.759 1.000 1.000 0.989 0.968 
0.080 0.968 0.862 0.779 1.000 1.000 1.000 0.989 
0.082 0.969 1.056 0.754 1.000 1.000 0.989 0.979 
0.108 0.966 0.928 0.826 1.000 1.000 1.000 1.000 
0.095 0.962 0.969 0.800 1.000 1.000 1.000 1.000 
0.069 0.972 0.961 0.790 1.000 1.000 1.000 1.000 
0.044 0.982 0.884 0.769 1.000 1.000 1.000 1.000 
0.075 0.989 1.191 0.687 1.000 1.000 0.989 0.989 
0.141 0.955 0.952 0.764 1.000 1.000 1.000 1.000 
0.142 0.976 1.213 0.774 1.000 1.000 0.979 0.979 
0.234 0.931 1.597 0.682 0.637 0.495 0.611 0.758 
0.197 0.925 1.020 0.759 0.978 0.989 0.958 0.884 
0.121 0.953 0.939 0.738 1.000 1.000 1.000 0.989 
0.121 0.958 0.799 0.800 1.000 1.000 1.000 1.000 
0.075 0.973 0.779 0.779 1.000 1.000 1.000 1.000 
0.089 0.973 0.744 0.836 1.000 1.000 1.000 1.000 
0.150 0.953 0.826 0.800 1.000 1.000 1.000 1.000 
0.084 0.982 0.800 0.795 1.000 1.000 1.000 1.000 
0.041 0.987 0.805 0.826 1.000 1.000 1.000 1.000 
0.036 0.994 0.681 0.815 1.000 1.000 1.000 1.000 
0.084 0.985 0.863 0.795 1.000 1.000 1.000 1.000 
0.173 0.946 1.069 0.733 0.989 1.000 0.989 0.989 
0.171 0.946 0.884 0.759 1.000 1.000 1.000 0.989 
0.207 0.936 2.140 0.641 1.000 1.000 1.000 1.000 
0.220 0.930 3.829 0.559 1.000 1.000 1.000 1.000 
0.063 0.978 1.732 0.672 1.000 1.000 1.000 1.000 
0.063 0.980 0.763 0.810 1.000 1.000 1.000 1.000 
0.048 0.987 0.817 0.785 1.000 1.000 1.000 0.989 
0.050 0.980 1.389 0.662 1.000 1.000 0.989 0.979 
0.033 0.991 1.202 0.703 1.000 1.000 0.989 0.979 
0.043 0.990 0.869 0.774 1.000 1.000 0.989 0.958 
0.099 0.973 0.843 0.810 1.000 1.000 1.000 0.968 
0.082 0.977 0.955 0.774 1.000 1.000 1.000 1.000 
0.080 0.963 0.854 0.805 1.000 1.000 1.000 0.968 
0.038 0.994 0.875 0.815 1.000 1.000 1.000 1.000 
0.038 0.985 0.702 0.810 1.000 1.000 1.000 1.000 
0.053 0.983 0.813 0.785 1.000 1.000 1.000 1.000 
0.063 0.974 1.045 0.718 1.000 1.000 1.000 1.000 
0.081 0.976 1.206 0.682 1.000 1.000 1.000 1.000 
0.047 0.985 1.271 0.692 1.000 1.000 0.979 0.947 
0.043 0.982 1.002 0.728 1.000 1.000 0.989 0.979 
0.035 0.991 1.013 0.759 1.000 1.000 1.000 0.989 
0.093 0.983 0.866 0.769 1.000 1.000 1.000 1.000 
0.066 0.971 0.945 0.774 1.000 1.000 1.000 1.000 
0.045 0.980 0.773 0.836 1.000 1.000 1.000 1.000 
0.089 0.987 1.169 0.677 1.000 1.000 0.979 0.947 
0.163 0.940 1.756 0.610 0.923 0.958 0.895 0.811 
0.079 0.963 0.689 0.785 1.000 1.000 1.000 0.989 
0.062 0.977 0.858 0.785 1.000 1.000 1.000 1.000 
0.048 0.987 0.752 0.826 1.000 1.000 1.000 1.000 
0.048 0.992 0.956 0.754 1.000 1.000 0.989 0.968 
0.048 0.982 0.821 0.795 1.000 1.000 1.000 1.000 
0.047 0.991 0.718 0.805 1.000 1.000 1.000 0.989 
0.092 0.980 0.832 0.831 1.000 1.000 1.000 0.989 
0.090 0.971 0.718 0.800 1.000 1.000 1.000 1.000 
0.082 0.985 0.963 0.805 1.000 1.000 1.000 1.000 
0.069 0.987 1.036 0.759 1.000 1.000 1.000 1.000 
0.098 0.971 0.832 0.779 1.000 1.000 1.000 1.000 
