4.436 0.481 2.016 0.566
1.437 0.623 2.271 0.623
4.436 0.481 2.016 0.566
1.437 0.623 2.271 0.623
2.120 0.604 1.939 0.623
1.385 0.604 0.907 0.623
0.786 0.623 1.027 0.566
1.038 0.524 1.120 0.698
0.635 0.708 1.261 0.642
0.723 0.722 1.222 0.717
0.698 0.703 1.024 0.736
0.665 0.689 0.805 0.660
0.667 0.590 0.679 0.717
0.591 0.689 0.764 0.717
0.564 0.792 0.850 0.736
0.517 0.802 0.863 0.679
0.547 0.788 0.869 0.698
0.522 0.797 0.844 0.698
0.515 0.783 0.795 0.679
0.505 0.774 0.720 0.736
0.506 0.764 0.688 0.717
0.517 0.741 0.780 0.755
0.501 0.755 0.774 0.755
0.488 0.750 0.801 0.717
0.504 0.741 0.829 0.736
0.500 0.755 0.828 0.717
0.505 0.769 0.859 0.717
0.509 0.750 0.843 0.717
0.488 0.774 0.832 0.736
0.486 0.769 0.834 0.717
0.498 0.741 0.876 0.717
0.481 0.759 0.834 0.717
0.485 0.759 0.838 0.717
0.491 0.736 0.849 0.717
0.475 0.736 0.843 0.717
0.479 0.722 0.904 0.717
0.478 0.764 0.943 0.717
0.469 0.783 0.945 0.717
0.506 0.745 0.930 0.717
0.482 0.736 0.893 0.717
0.499 0.755 0.930 0.755
0.489 0.722 0.891 0.736
0.484 0.731 0.829 0.717
0.459 0.755 0.768 0.717
0.475 0.741 0.865 0.717
0.467 0.745 0.854 0.717
0.473 0.750 0.860 0.717
0.473 0.750 0.888 0.736
0.479 0.755 0.899 0.717
0.469 0.741 0.930 0.736
0.476 0.741 0.901 0.717
0.483 0.755 0.857 0.717
0.476 0.764 0.811 0.717
0.469 0.750 0.842 0.717
0.457 0.764 0.787 0.736
0.482 0.778 0.756 0.717
0.467 0.764 0.768 0.755
0.469 0.731 0.886 0.774
0.467 0.736 0.923 0.755
0.502 0.741 0.833 0.717
0.476 0.755 0.757 0.736
0.480 0.750 0.878 0.736
0.505 0.774 0.877 0.717
0.480 0.745 0.867 0.736
0.462 0.764 0.784 0.736
0.461 0.755 0.846 0.774
0.458 0.750 0.862 0.717
0.485 0.750 0.884 0.717
0.499 0.759 0.861 0.736
0.449 0.764 0.762 0.736
0.483 0.745 0.817 0.736
0.458 0.769 0.745 0.736
0.485 0.736 0.811 0.736
0.475 0.745 0.829 0.736
0.443 0.755 0.799 0.717
0.470 0.764 0.874 0.717
0.453 0.769 0.942 0.755
0.444 0.769 0.973 0.717
0.453 0.783 0.974 0.736
0.463 0.778 0.885 0.755
0.480 0.769 0.849 0.736
0.449 0.759 0.822 0.736
0.485 0.764 0.863 0.717
0.456 0.769 0.795 0.717
0.448 0.764 0.785 0.736
0.480 0.774 0.811 0.736
0.454 0.764 0.744 0.736
0.454 0.764 0.765 0.736
0.476 0.764 0.740 0.736
0.468 0.755 0.805 0.736
0.433 0.769 0.804 0.717
0.477 0.774 0.823 0.736
0.466 0.769 0.856 0.736
0.447 0.783 0.799 0.698
0.457 0.774 0.801 0.717
0.431 0.764 0.751 0.736
0.437 0.783 0.801 0.736
0.431 0.755 0.883 0.717
0.425 0.797 0.837 0.717
0.428 0.774 0.866 0.736
0.454 0.759 0.835 0.698
0.453 0.783 0.791 0.698
0.427 0.802 0.681 0.717
0.450 0.759 0.744 0.736
0.438 0.759 0.767 0.736
0.435 0.783 0.793 0.736
0.445 0.802 0.821 0.736
0.424 0.788 0.826 0.755
0.458 0.764 0.807 0.736
0.450 0.769 0.788 0.736
0.434 0.792 0.734 0.736
0.446 0.792 0.786 0.736
0.440 0.769 0.783 0.736
0.440 0.769 0.763 0.717
0.430 0.783 0.718 0.717
0.446 0.783 0.783 0.736
0.426 0.774 0.812 0.736
0.434 0.797 0.758 0.736
0.430 0.788 0.700 0.717
0.430 0.774 0.777 0.736
0.428 0.788 0.837 0.736
0.430 0.792 0.787 0.717
0.415 0.783 0.711 0.717
0.443 0.774 0.771 0.717
0.411 0.769 0.834 0.736
0.417 0.774 0.807 0.717
0.445 0.792 0.792 0.717
0.456 0.778 0.793 0.717
0.428 0.774 0.782 0.717
0.432 0.797 0.782 0.717
0.417 0.788 0.765 0.717
0.432 0.788 0.793 0.736
0.448 0.788 0.748 0.736
0.433 0.759 0.786 0.736
0.434 0.792 0.818 0.736
0.432 0.778 0.767 0.736
0.450 0.774 0.782 0.717
0.436 0.788 0.793 0.736
0.433 0.807 0.790 0.736
0.455 0.783 0.840 0.736
0.440 0.759 0.868 0.717
0.437 0.807 0.846 0.698
0.436 0.797 0.813 0.717
0.426 0.807 0.833 0.717
0.430 0.774 0.854 0.717
0.413 0.788 0.830 0.717
0.424 0.797 0.745 0.717
0.448 0.788 0.773 0.717
0.430 0.788 0.802 0.717
0.434 0.788 0.765 0.717
0.455 0.783 0.769 0.717
0.409 0.802 0.717 0.717
0.424 0.774 0.730 0.717
0.434 0.774 0.774 0.717
0.426 0.783 0.807 0.717
0.421 0.792 0.791 0.717
0.423 0.797 0.727 0.717
0.434 0.797 0.691 0.717
0.453 0.778 0.772 0.717
0.425 0.802 0.756 0.717
0.433 0.783 0.798 0.736
0.425 0.797 0.790 0.717
0.440 0.778 0.822 0.717
0.424 0.778 0.841 0.717
0.430 0.783 0.834 0.717
0.441 0.788 0.813 0.717
0.441 0.778 0.769 0.717
0.419 0.788 0.726 0.717
0.423 0.769 0.811 0.736
0.427 0.774 0.786 0.717
0.435 0.797 0.781 0.717
0.433 0.774 0.720 0.717
0.439 0.792 0.671 0.717
0.419 0.797 0.686 0.717
0.411 0.797 0.720 0.717
0.430 0.797 0.791 0.717
0.432 0.792 0.764 0.717
0.464 0.774 0.825 0.717
0.433 0.788 0.784 0.698
0.433 0.797 0.728 0.717
0.427 0.764 0.803 0.736
0.412 0.797 0.735 0.717
0.455 0.783 0.770 0.717
0.412 0.797 0.813 0.717
0.461 0.788 0.822 0.717
0.415 0.797 0.746 0.698
0.451 0.797 0.760 0.717
0.447 0.792 0.822 0.736
0.432 0.802 0.769 0.717
0.420 0.792 0.686 0.717
0.427 0.792 0.691 0.717
4.436 0.481 2.016 0.566
1.437 0.623 2.271 0.623
2.120 0.604 1.939 0.623
1.385 0.604 0.907 0.623
0.786 0.623 1.027 0.566
1.038 0.524 1.120 0.698
0.635 0.708 1.261 0.642
0.723 0.722 1.222 0.717
0.698 0.703 1.024 0.736
0.665 0.689 0.805 0.660
0.667 0.590 0.679 0.717
0.591 0.689 0.764 0.717
0.564 0.792 0.850 0.736
0.517 0.802 0.863 0.679
0.547 0.788 0.869 0.698
0.522 0.797 0.844 0.698
0.515 0.783 0.795 0.679
0.505 0.774 0.720 0.736
0.506 0.764 0.688 0.717
0.517 0.741 0.780 0.755
0.501 0.755 0.774 0.755
0.488 0.750 0.801 0.717
0.504 0.741 0.829 0.736
0.500 0.755 0.828 0.717
0.505 0.769 0.859 0.717
0.509 0.750 0.843 0.717
0.488 0.774 0.832 0.736
0.486 0.769 0.834 0.717
0.498 0.741 0.876 0.717
0.481 0.759 0.834 0.717
0.485 0.759 0.838 0.717
0.491 0.736 0.849 0.717
0.475 0.736 0.843 0.717
0.479 0.722 0.904 0.717
0.478 0.764 0.943 0.717
0.469 0.783 0.945 0.717
0.506 0.745 0.931 0.717
0.482 0.736 0.894 0.717
0.499 0.755 0.931 0.755
0.489 0.722 0.891 0.736
0.484 0.731 0.829 0.717
0.459 0.755 0.768 0.717
0.475 0.741 0.865 0.717
0.467 0.745 0.855 0.717
0.473 0.750 0.858 0.717
0.473 0.750 0.887 0.736
0.479 0.755 0.897 0.717
0.469 0.741 0.927 0.736
0.475 0.741 0.898 0.717
0.483 0.755 0.855 0.717
0.476 0.759 0.810 0.717
0.469 0.750 0.841 0.717
0.457 0.764 0.786 0.736
0.483 0.778 0.756 0.717
0.467 0.764 0.769 0.755
0.469 0.736 0.887 0.774
0.467 0.741 0.928 0.755
0.503 0.736 0.836 0.717
0.476 0.755 0.756 0.736
0.480 0.755 0.885 0.736
0.506 0.774 0.892 0.717
0.479 0.745 0.876 0.755
0.460 0.764 0.794 0.755
0.463 0.750 0.835 0.774
0.458 0.750 0.856 0.717
0.484 0.759 0.888 0.717
0.499 0.764 0.866 0.736
0.449 0.764 0.766 0.736
0.483 0.745 0.816 0.736
0.458 0.769 0.741 0.736
0.485 0.731 0.809 0.736
0.475 0.750 0.831 0.736
0.444 0.755 0.803 0.717
0.471 0.764 0.879 0.717
0.454 0.769 0.947 0.717
0.443 0.759 0.977 0.717
0.453 0.783 0.974 0.736
0.463 0.774 0.884 0.736
0.480 0.774 0.853 0.736
0.448 0.755 0.828 0.736
0.484 0.764 0.865 0.717
0.456 0.778 0.796 0.717
0.449 0.769 0.782 0.736
0.480 0.778 0.805 0.736
0.454 0.769 0.739 0.736
0.454 0.769 0.759 0.736
0.474 0.769 0.737 0.736
0.464 0.764 0.799 0.717
0.430 0.759 0.790 0.736
0.474 0.764 0.820 0.717
0.465 0.769 0.860 0.736
0.446 0.774 0.801 0.698
0.456 0.769 0.799 0.717
0.433 0.769 0.751 0.736
0.435 0.788 0.803 0.736
0.433 0.759 0.874 0.717
0.426 0.802 0.830 0.717
0.429 0.774 0.863 0.736
0.454 0.755 0.829 0.698
0.454 0.783 0.795 0.698
0.429 0.792 0.676 0.717
0.450 0.769 0.741 0.736
0.439 0.759 0.764 0.736
0.437 0.783 0.797 0.736
0.445 0.802 0.829 0.736
0.424 0.792 0.834 0.755
0.459 0.764 0.813 0.755
0.450 0.764 0.790 0.736
0.434 0.792 0.731 0.736
0.447 0.792 0.787 0.736
0.439 0.774 0.782 0.736
0.439 0.769 0.761 0.717
0.430 0.783 0.714 0.717
0.447 0.783 0.782 0.736
0.427 0.774 0.817 0.736
0.435 0.802 0.763 0.736
0.429 0.792 0.706 0.736
0.429 0.778 0.777 0.736
0.426 0.797 0.837 0.736
0.429 0.788 0.789 0.717
0.414 0.783 0.716 0.717
0.443 0.778 0.772 0.717
0.412 0.774 0.838 0.736
0.417 0.778 0.814 0.717
0.446 0.788 0.806 0.717
0.457 0.774 0.811 0.717
0.429 0.774 0.791 0.717
0.432 0.788 0.782 0.717
0.418 0.783 0.761 0.717
0.434 0.783 0.792 0.717
0.448 0.788 0.747 0.736
0.433 0.755 0.781 0.736
0.435 0.792 0.816 0.736
0.431 0.774 0.769 0.736
0.450 0.778 0.788 0.717
0.437 0.788 0.796 0.717
0.433 0.811 0.788 0.736
0.457 0.783 0.841 0.736
0.441 0.764 0.874 0.717
0.438 0.811 0.850 0.698
0.436 0.802 0.820 0.717
0.427 0.802 0.838 0.736
0.431 0.778 0.856 0.736
0.413 0.788 0.833 0.717
0.425 0.797 0.749 0.698
0.450 0.783 0.776 0.736
0.431 0.792 0.805 0.717
0.435 0.788 0.769 0.717
0.457 0.783 0.770 0.717
0.408 0.802 0.716 0.717
0.425 0.764 0.729 0.717
0.433 0.774 0.772 0.717
0.426 0.783 0.800 0.717
0.421 0.788 0.783 0.717
0.424 0.802 0.725 0.717
0.435 0.792 0.689 0.717
0.454 0.769 0.765 0.717
0.424 0.807 0.750 0.717
0.435 0.769 0.809 0.736
0.423 0.788 0.803 0.717
0.441 0.774 0.828 0.717
0.425 0.778 0.847 0.717
0.431 0.783 0.836 0.717
0.443 0.783 0.826 0.717
0.441 0.769 0.788 0.717
0.417 0.788 0.740 0.717
0.423 0.778 0.826 0.717
0.426 0.778 0.803 0.717
0.433 0.783 0.795 0.717
0.431 0.778 0.736 0.717
0.437 0.788 0.678 0.717
0.420 0.797 0.686 0.717
0.412 0.797 0.724 0.717
0.429 0.788 0.800 0.717
0.433 0.802 0.774 0.717
0.464 0.774 0.831 0.717
0.435 0.783 0.785 0.698
0.433 0.792 0.733 0.717
0.429 0.769 0.813 0.736
0.414 0.792 0.742 0.717
0.455 0.778 0.773 0.717
0.413 0.792 0.818 0.717
0.458 0.792 0.825 0.717
0.414 0.797 0.747 0.698
0.449 0.797 0.755 0.717
0.450 0.797 0.814 0.736
0.435 0.802 0.772 0.717
0.419 0.802 0.686 0.717
0.428 0.783 0.683 0.717
0.447 0.774 0.780 0.717
0.429 0.807 0.755 0.717
0.408 0.807 0.672 0.717
0.442 0.797 0.726 0.717
0.444 0.783 0.826 0.736
0.419 0.783 0.771 0.717
0.412 0.811 0.718 0.717
0.415 0.811 0.743 0.717
0.441 0.783 0.724 0.717
0.425 0.778 0.716 0.717
0.417 0.788 0.702 0.717
0.432 0.797 0.681 0.717
0.424 0.792 0.672 0.717
0.423 0.807 0.724 0.717
0.429 0.792 0.716 0.717
0.417 0.792 0.733 0.717
0.418 0.792 0.715 0.717
0.417 0.797 0.743 0.717
0.415 0.802 0.733 0.717
0.441 0.788 0.757 0.717
0.410 0.792 0.713 0.717
0.396 0.802 0.686 0.717
0.427 0.783 0.670 0.717
0.418 0.792 0.662 0.717
0.426 0.783 0.719 0.717
0.400 0.807 0.692 0.717
0.414 0.788 0.729 0.717
0.413 0.788 0.758 0.717
0.426 0.792 0.720 0.717
0.447 0.797 0.752 0.717
0.404 0.807 0.765 0.717
0.403 0.797 0.751 0.717
0.412 0.797 0.711 0.717
0.415 0.802 0.734 0.717
0.437 0.774 0.767 0.717
0.422 0.788 0.788 0.717
0.430 0.788 0.816 0.717
0.410 0.811 0.762 0.717
0.427 0.778 0.726 0.717
0.420 0.807 0.687 0.717
0.398 0.802 0.677 0.717
0.405 0.807 0.670 0.717
0.422 0.788 0.706 0.717
0.417 0.783 0.763 0.717
0.411 0.811 0.738 0.717
0.437 0.788 0.757 0.717
0.423 0.802 0.780 0.717
0.434 0.788 0.786 0.717
0.413 0.802 0.764 0.717
0.427 0.792 0.772 0.717
0.436 0.778 0.807 0.717
0.425 0.816 0.820 0.717
0.427 0.792 0.796 0.717
0.431 0.788 0.782 0.717
0.431 0.792 0.769 0.717
0.428 0.797 0.732 0.717
0.414 0.807 0.759 0.717
0.420 0.788 0.732 0.717
0.420 0.802 0.681 0.717
0.442 0.788 0.724 0.717
0.430 0.792 0.781 0.698
0.430 0.778 0.790 0.717
0.416 0.797 0.791 0.717
0.412 0.802 0.740 0.717
0.410 0.792 0.671 0.717
0.423 0.811 0.646 0.717
0.425 0.816 0.725 0.717
0.412 0.811 0.737 0.717
0.428 0.788 0.725 0.717
0.425 0.783 0.729 0.717
0.428 0.792 0.767 0.717
0.430 0.807 0.787 0.717
0.424 0.807 0.778 0.717
0.421 0.807 0.727 0.717
0.423 0.802 0.747 0.717
0.419 0.788 0.791 0.717
0.406 0.783 0.801 0.717
0.412 0.797 0.756 0.717
0.410 0.792 0.718 0.717
0.420 0.807 0.739 0.717
0.435 0.797 0.788 0.717
0.426 0.807 0.785 0.698
0.419 0.802 0.712 0.717
0.408 0.807 0.748 0.717
0.424 0.783 0.780 0.717
0.407 0.807 0.736 0.698
0.432 0.783 0.773 0.717
0.415 0.783 0.726 0.717
0.403 0.792 0.688 0.717
0.415 0.788 0.741 0.717
0.416 0.797 0.771 0.717
0.411 0.807 0.745 0.717
0.435 0.797 0.751 0.717
0.425 0.802 0.708 0.717
0.420 0.792 0.745 0.717
0.409 0.792 0.761 0.717
0.421 0.816 0.750 0.717
0.422 0.807 0.679 0.717
0.418 0.807 0.691 0.717
0.428 0.797 0.750 0.717
0.412 0.792 0.798 0.717
0.414 0.802 0.785 0.717
0.408 0.788 0.720 0.717
0.435 0.778 0.733 0.717
0.432 0.788 0.779 0.717
0.417 0.792 0.749 0.717
0.408 0.811 0.719 0.717
0.438 0.802 0.732 0.717
0.441 0.792 0.767 0.717
0.395 0.802 0.767 0.717
0.426 0.807 0.767 0.717
0.405 0.797 0.683 0.717
0.434 0.802 0.700 0.717
0.440 0.792 0.725 0.717
0.408 0.807 0.704 0.717
0.428 0.807 0.717 0.717
0.405 0.788 0.683 0.717
0.431 0.788 0.707 0.717
0.427 0.797 0.677 0.717
0.417 0.783 0.704 0.717
0.407 0.811 0.728 0.717
0.413 0.802 0.764 0.717
0.412 0.792 0.710 0.717
0.426 0.792 0.673 0.717
0.429 0.811 0.686 0.717
0.419 0.797 0.714 0.717
0.417 0.797 0.740 0.717
0.417 0.788 0.736 0.717
0.418 0.797 0.725 0.717
0.413 0.788 0.720 0.717
0.406 0.792 0.702 0.717
0.419 0.797 0.710 0.717
0.410 0.797 0.730 0.717
0.416 0.802 0.739 0.717
0.420 0.816 0.716 0.717
0.407 0.778 0.718 0.717
0.416 0.811 0.700 0.717
0.404 0.797 0.681 0.717
0.426 0.802 0.704 0.717
0.415 0.788 0.738 0.717
0.422 0.802 0.748 0.717
0.409 0.792 0.733 0.717
0.399 0.792 0.719 0.717
0.408 0.792 0.675 0.717
0.402 0.816 0.635 0.717
0.421 0.802 0.642 0.717
0.399 0.802 0.625 0.717
0.412 0.821 0.660 0.698
0.414 0.797 0.681 0.717
0.399 0.811 0.710 0.717
0.408 0.797 0.730 0.717
0.423 0.792 0.699 0.717
0.419 0.797 0.717 0.717
0.406 0.802 0.680 0.717
0.416 0.792 0.720 0.717
0.393 0.811 0.731 0.717
0.442 0.792 0.752 0.717
0.431 0.788 0.725 0.717
0.405 0.797 0.731 0.717
0.394 0.807 0.719 0.717
0.407 0.792 0.733 0.717
0.412 0.788 0.711 0.717
0.410 0.797 0.715 0.717
0.439 0.788 0.723 0.717
0.413 0.811 0.726 0.717
0.421 0.802 0.737 0.717
0.396 0.816 0.741 0.717
0.410 0.788 0.715 0.717
0.409 0.797 0.682 0.717
0.391 0.797 0.694 0.717
0.404 0.807 0.720 0.717
0.390 0.802 0.707 0.717
0.402 0.792 0.709 0.717
0.400 0.797 0.719 0.717
0.403 0.807 0.695 0.717
0.421 0.788 0.723 0.717
0.414 0.802 0.717 0.717
0.408 0.797 0.679 0.717
0.401 0.797 0.692 0.717
0.417 0.802 0.716 0.717
0.421 0.797 0.727 0.717
0.401 0.807 0.705 0.717
0.438 0.811 0.718 0.717
0.423 0.792 0.726 0.717
0.392 0.811 0.710 0.717
0.392 0.807 0.691 0.717
0.396 0.821 0.702 0.717
0.415 0.802 0.723 0.717
0.408 0.792 0.708 0.717
0.410 0.792 0.711 0.717
0.418 0.792 0.727 0.717
0.421 0.792 0.729 0.717
0.403 0.811 0.684 0.717
0.412 0.807 0.703 0.717
0.417 0.797 0.697 0.698
0.412 0.802 0.678 0.698
0.408 0.792 0.697 0.717
0.408 0.816 0.710 0.717
0.426 0.788 0.734 0.717
0.411 0.802 0.750 0.717
0.406 0.807 0.717 0.717
0.417 0.802 0.688 0.717
0.410 0.788 0.704 0.717
0.409 0.797 0.682 0.717
0.412 0.792 0.692 0.717
0.433 0.778 0.707 0.717
0.395 0.802 0.690 0.717
0.389 0.811 0.703 0.717
0.398 0.797 0.690 0.717
0.406 0.811 0.676 0.717
0.389 0.811 0.704 0.717
0.410 0.792 0.667 0.717
0.393 0.807 0.673 0.717
0.401 0.792 0.662 0.717
0.409 0.816 0.660 0.717
0.413 0.797 0.638 0.717
0.419 0.797 0.649 0.717
0.381 0.802 0.633 0.717
0.423 0.802 0.664 0.717
0.403 0.802 0.644 0.717
0.415 0.802 0.645 0.717
0.426 0.802 0.659 0.717
0.425 0.802 0.693 0.717
0.415 0.807 0.670 0.717
0.407 0.792 0.667 0.717
0.408 0.797 0.672 0.717
0.426 0.788 0.684 0.717
0.401 0.792 0.657 0.717
0.385 0.811 0.641 0.717
0.413 0.807 0.656 0.717
0.410 0.807 0.677 0.717
0.391 0.802 0.649 0.717
0.390 0.811 0.640 0.717
0.410 0.797 0.663 0.717
0.395 0.797 0.642 0.717
0.409 0.802 0.632 0.717
0.398 0.797 0.617 0.717
0.403 0.802 0.605 0.717
0.426 0.811 0.638 0.717
0.415 0.788 0.687 0.717
0.409 0.788 0.704 0.717
0.401 0.807 0.699 0.717
0.401 0.802 0.684 0.717
0.406 0.811 0.647 0.717
0.410 0.797 0.668 0.717
0.399 0.792 0.699 0.717
0.413 0.792 0.725 0.717
0.406 0.807 0.676 0.717
0.405 0.797 0.629 0.717
0.404 0.792 0.607 0.717
0.423 0.811 0.610 0.717
0.413 0.816 0.658 0.717
0.396 0.797 0.667 0.717
0.401 0.802 0.666 0.717
0.397 0.807 0.627 0.717
0.427 0.797 0.636 0.717
0.409 0.792 0.624 0.717
0.392 0.797 0.627 0.717
0.397 0.802 0.654 0.717
0.411 0.788 0.683 0.717
0.402 0.788 0.698 0.717
0.394 0.807 0.664 0.717
0.413 0.797 0.675 0.717
0.404 0.778 0.640 0.717
0.421 0.788 0.665 0.717
0.398 0.802 0.639 0.717
0.413 0.788 0.660 0.717
0.407 0.802 0.661 0.717
0.394 0.811 0.687 0.717
0.399 0.792 0.673 0.717
0.409 0.788 0.684 0.698
0.415 0.811 0.676 0.717
0.408 0.811 0.669 0.717
0.405 0.788 0.683 0.717
0.405 0.807 0.696 0.717
0.409 0.792 0.701 0.717
0.392 0.788 0.695 0.717
0.412 0.802 0.673 0.717
0.406 0.802 0.664 0.717
0.390 0.802 0.637 0.717
0.395 0.811 0.615 0.736
0.413 0.792 0.644 0.717
0.408 0.807 0.678 0.717
0.397 0.792 0.663 0.717
0.416 0.802 0.673 0.717
0.404 0.802 0.665 0.717
0.415 0.807 0.660 0.717
0.393 0.802 0.631 0.717
0.421 0.788 0.654 0.717
0.394 0.788 0.679 0.717
0.402 0.802 0.662 0.717
0.400 0.788 0.634 0.717
0.403 0.807 0.646 0.717
0.402 0.783 0.667 0.717
0.394 0.792 0.660 0.698
0.411 0.792 0.667 0.717
0.406 0.797 0.676 0.717
0.397 0.802 0.678 0.717
0.413 0.816 0.658 0.717
0.398 0.802 0.628 0.717
0.424 0.783 0.655 0.717
0.402 0.816 0.670 0.717
0.394 0.802 0.669 0.698
0.398 0.788 0.641 0.717
0.398 0.802 0.615 0.717
0.423 0.792 0.656 0.717
0.414 0.807 0.678 0.717
0.408 0.792 0.688 0.717
0.396 0.797 0.688 0.717
0.396 0.792 0.656 0.717
0.406 0.816 0.662 0.717
0.413 0.811 0.615 0.736
0.402 0.821 0.621 0.717
0.396 0.797 0.636 0.717
0.395 0.821 0.623 0.717
0.398 0.788 0.629 0.717
0.397 0.802 0.624 0.717
0.401 0.797 0.615 0.736
0.400 0.821 0.594 0.736
0.410 0.788 0.589 0.736
0.403 0.788 0.614 0.717
0.423 0.788 0.633 0.717
0.399 0.807 0.636 0.717
0.405 0.802 0.635 0.717
0.403 0.802 0.656 0.698
0.381 0.811 0.623 0.717
0.411 0.792 0.607 0.736
0.398 0.811 0.612 0.717
0.409 0.802 0.624 0.717
0.406 0.792 0.638 0.717
0.405 0.811 0.646 0.717
0.402 0.797 0.644 0.717
0.385 0.811 0.629 0.717
0.416 0.802 0.631 0.717
0.396 0.807 0.630 0.717
0.401 0.811 0.615 0.717
0.405 0.802 0.627 0.717
0.417 0.792 0.628 0.717
0.397 0.807 0.626 0.717
0.424 0.792 0.636 0.717
0.397 0.802 0.636 0.717
0.403 0.807 0.648 0.717
0.392 0.783 0.656 0.698
0.414 0.797 0.652 0.698
0.396 0.811 0.638 0.717
0.392 0.811 0.646 0.717
0.393 0.807 0.646 0.717
0.394 0.816 0.642 0.717
0.384 0.811 0.626 0.736
0.409 0.802 0.613 0.736
0.405 0.792 0.614 0.736
0.388 0.802 0.604 0.717
0.396 0.797 0.622 0.717
0.405 0.807 0.630 0.736
0.419 0.797 0.639 0.717
0.395 0.797 0.621 0.736
0.402 0.811 0.620 0.736
0.405 0.792 0.621 0.717
0.398 0.811 0.629 0.717
0.390 0.797 0.616 0.717
0.415 0.811 0.605 0.736
0.403 0.811 0.609 0.736
0.389 0.811 0.602 0.736
0.399 0.783 0.624 0.717
0.405 0.807 0.636 0.717
0.401 0.816 0.638 0.717
0.383 0.797 0.612 0.736
0.401 0.802 0.606 0.736
0.412 0.797 0.623 0.717
0.394 0.797 0.606 0.717
0.406 0.811 0.600 0.717
0.396 0.811 0.601 0.717
0.397 0.802 0.595 0.717
0.386 0.807 0.604 0.717
0.409 0.797 0.622 0.717
0.399 0.802 0.603 0.717
0.395 0.821 0.625 0.736
0.393 0.811 0.637 0.717
0.389 0.807 0.660 0.698
0.384 0.802 0.667 0.698
0.402 0.811 0.659 0.717
0.392 0.797 0.623 0.736
0.402 0.797 0.604 0.717
0.404 0.802 0.608 0.717
0.400 0.797 0.610 0.717
0.419 0.802 0.635 0.717
0.400 0.792 0.615 0.717
0.398 0.792 0.607 0.717
0.403 0.807 0.610 0.717
0.397 0.811 0.607 0.717
0.399 0.802 0.595 0.736
0.396 0.788 0.615 0.717
0.396 0.802 0.630 0.717
0.395 0.792 0.631 0.717
0.400 0.807 0.620 0.717
0.404 0.797 0.623 0.717
0.406 0.802 0.622 0.717
0.386 0.802 0.609 0.717
0.414 0.811 0.621 0.717
0.414 0.783 0.627 0.717
0.395 0.797 0.613 0.717
0.400 0.807 0.602 0.717
0.406 0.792 0.619 0.717
0.398 0.802 0.609 0.717
0.390 0.821 0.599 0.717
0.404 0.807 0.594 0.717
0.391 0.816 0.582 0.736
0.401 0.811 0.583 0.736
0.427 0.797 0.599 0.736
0.399 0.802 0.612 0.736
0.401 0.792 0.610 0.736
0.393 0.797 0.583 0.717
0.399 0.802 0.589 0.717
0.399 0.797 0.591 0.717
0.412 0.807 0.595 0.717
0.395 0.802 0.596 0.717
0.392 0.792 0.590 0.717
0.396 0.802 0.599 0.717
0.397 0.797 0.587 0.717
0.399 0.802 0.582 0.717
0.403 0.797 0.591 0.717
0.392 0.802 0.582 0.717
0.413 0.807 0.594 0.717
0.417 0.778 0.596 0.717
0.404 0.797 0.581 0.736
0.408 0.807 0.574 0.717
0.398 0.797 0.574 0.736
0.408 0.797 0.583 0.717
0.401 0.807 0.591 0.717
0.399 0.807 0.591 0.717
0.400 0.811 0.589 0.717
0.393 0.802 0.595 0.717
0.381 0.811 0.587 0.717
0.401 0.802 0.598 0.717
0.386 0.797 0.603 0.717
0.393 0.807 0.590 0.717
0.392 0.802 0.583 0.717
0.399 0.811 0.578 0.717
0.397 0.807 0.574 0.717
0.419 0.797 0.579 0.717
0.398 0.802 0.586 0.717
0.396 0.816 0.597 0.717
0.416 0.807 0.598 0.717
0.391 0.802 0.591 0.717
0.394 0.825 0.588 0.717
0.409 0.811 0.588 0.717
0.407 0.811 0.578 0.717
0.391 0.811 0.576 0.717
0.397 0.807 0.593 0.717
0.409 0.797 0.585 0.717
0.399 0.783 0.590 0.717
0.402 0.797 0.597 0.717
0.407 0.807 0.585 0.717
0.392 0.802 0.575 0.717
0.394 0.816 0.573 0.717
0.408 0.807 0.579 0.717
0.405 0.802 0.585 0.717
0.409 0.788 0.597 0.717
0.399 0.788 0.602 0.717
0.396 0.807 0.601 0.717
0.392 0.807 0.598 0.717
0.397 0.802 0.585 0.717
0.416 0.788 0.587 0.717
0.389 0.802 0.573 0.717
0.406 0.816 0.580 0.736
0.405 0.816 0.577 0.736
0.401 0.816 0.583 0.717
0.391 0.821 0.577 0.717
0.398 0.797 0.584 0.717
0.391 0.816 0.579 0.717
0.410 0.802 0.579 0.717
0.407 0.797 0.587 0.717
0.415 0.792 0.593 0.717
0.395 0.797 0.581 0.736
0.395 0.802 0.576 0.717
0.411 0.783 0.586 0.717
0.399 0.797 0.584 0.717
0.398 0.811 0.573 0.717
0.417 0.807 0.585 0.736
0.385 0.802 0.580 0.717
0.407 0.797 0.578 0.717
0.402 0.816 0.566 0.717
0.399 0.807 0.580 0.736
0.385 0.797 0.576 0.717
0.377 0.797 0.576 0.717
0.396 0.792 0.598 0.717
0.412 0.783 0.601 0.717
0.401 0.783 0.590 0.717
0.399 0.807 0.596 0.717
0.394 0.792 0.599 0.717
0.404 0.807 0.608 0.717
0.404 0.811 0.611 0.717
0.402 0.807 0.606 0.717
0.389 0.802 0.600 0.717
0.396 0.797 0.600 0.717
0.386 0.797 0.580 0.717
0.412 0.811 0.596 0.717
0.392 0.807 0.580 0.717
0.397 0.802 0.592 0.736
0.384 0.802 0.585 0.717
0.385 0.788 0.585 0.717
0.398 0.792 0.591 0.717
0.390 0.802 0.581 0.717
0.384 0.807 0.576 0.717
0.405 0.811 0.573 0.717
0.405 0.797 0.588 0.736
0.400 0.802 0.591 0.717
0.391 0.811 0.579 0.717
0.381 0.807 0.573 0.717
0.394 0.797 0.579 0.717
0.402 0.788 0.581 0.717
0.407 0.797 0.547 0.717
0.411 0.802 0.554 0.736
0.394 0.797 0.559 0.736
0.392 0.811 0.558 0.717
0.394 0.807 0.558 0.717
0.393 0.792 0.556 0.736
0.391 0.811 0.550 0.736
0.395 0.797 0.553 0.736
0.400 0.811 0.558 0.717
0.397 0.807 0.559 0.717
0.397 0.807 0.561 0.717
0.400 0.797 0.553 0.736
0.408 0.807 0.555 0.736
0.385 0.821 0.552 0.736
0.394 0.792 0.560 0.717
0.403 0.797 0.572 0.717
0.422 0.797 0.570 0.717
0.404 0.797 0.569 0.717
0.413 0.802 0.564 0.736
0.395 0.797 0.564 0.736
0.396 0.821 0.563 0.736
0.400 0.797 0.563 0.717
0.389 0.802 0.563 0.717
0.402 0.792 0.563 0.717
0.409 0.792 0.564 0.717
0.391 0.802 0.565 0.717
0.410 0.797 0.564 0.717
0.394 0.802 0.560 0.736
0.402 0.797 0.561 0.717
0.402 0.797 0.558 0.717
0.399 0.802 0.558 0.717
0.409 0.807 0.559 0.717
0.400 0.807 0.556 0.717
0.387 0.792 0.556 0.736
0.402 0.797 0.562 0.717
0.392 0.811 0.562 0.717
0.409 0.802 0.565 0.717
0.403 0.807 0.565 0.717
0.395 0.802 0.564 0.717
0.401 0.807 0.565 0.717
0.391 0.807 0.555 0.736
0.406 0.802 0.561 0.717
0.393 0.811 0.558 0.736
0.412 0.797 0.562 0.736
0.392 0.802 0.558 0.736
0.390 0.797 0.561 0.717
0.401 0.807 0.569 0.717
0.389 0.797 0.570 0.717
0.392 0.802 0.574 0.717
0.392 0.792 0.564 0.717
0.392 0.797 0.563 0.717
0.400 0.797 0.560 0.717
0.396 0.802 0.550 0.717
0.413 0.802 0.556 0.717
0.401 0.802 0.559 0.717
0.403 0.802 0.562 0.736
0.389 0.797 0.558 0.736
0.395 0.797 0.559 0.717
0.400 0.802 0.563 0.736
0.401 0.797 0.561 0.736
0.406 0.816 0.554 0.736
0.390 0.802 0.548 0.736
0.398 0.802 0.543 0.736
0.396 0.797 0.540 0.736
0.405 0.792 0.554 0.717
0.405 0.811 0.555 0.717
0.408 0.797 0.563 0.717
0.399 0.797 0.562 0.717
0.399 0.816 0.561 0.736
0.380 0.802 0.559 0.736
0.402 0.802 0.558 0.717
0.403 0.802 0.551 0.717
0.391 0.802 0.550 0.717
0.391 0.807 0.547 0.717
0.391 0.807 0.551 0.717
0.402 0.802 0.562 0.717
0.392 0.797 0.561 0.717
0.421 0.807 0.555 0.717
0.392 0.802 0.550 0.736
0.397 0.807 0.556 0.736
0.383 0.797 0.554 0.717
0.402 0.792 0.560 0.717
0.382 0.792 0.555 0.717
0.405 0.802 0.557 0.717
0.374 0.807 0.555 0.717
0.404 0.797 0.558 0.717
0.398 0.788 0.563 0.717
0.382 0.821 0.552 0.717
0.396 0.807 0.556 0.717
0.395 0.807 0.560 0.717
0.392 0.802 0.562 0.717
0.401 0.807 0.554 0.717
0.390 0.797 0.551 0.717
0.395 0.811 0.551 0.717
0.381 0.792 0.557 0.717
0.410 0.792 0.558 0.717
0.395 0.783 0.559 0.717
0.403 0.802 0.559 0.717
0.406 0.802 0.560 0.717
0.394 0.816 0.558 0.717
0.394 0.811 0.532 0.736
0.389 0.807 0.532 0.736
0.401 0.802 0.533 0.717
0.390 0.802 0.533 0.736
0.393 0.797 0.535 0.717
0.401 0.797 0.537 0.736
0.403 0.802 0.547 0.736
0.396 0.797 0.544 0.736
0.393 0.807 0.544 0.736
0.399 0.802 0.541 0.717
0.398 0.802 0.541 0.717
0.408 0.802 0.538 0.736
0.416 0.783 0.539 0.736
0.402 0.807 0.542 0.736
0.401 0.807 0.539 0.736
0.391 0.807 0.540 0.736
0.396 0.802 0.535 0.736
0.403 0.797 0.535 0.717
0.398 0.792 0.538 0.717
0.393 0.802 0.537 0.736
0.397 0.802 0.535 0.736
0.386 0.802 0.535 0.736
0.411 0.802 0.540 0.736
0.406 0.807 0.534 0.736
0.401 0.788 0.541 0.736
0.402 0.792 0.546 0.736
0.408 0.802 0.548 0.717
0.394 0.811 0.545 0.736
0.407 0.807 0.539 0.736
0.390 0.816 0.536 0.736
0.388 0.807 0.534 0.736
0.394 0.797 0.532 0.736
0.392 0.802 0.532 0.736
0.401 0.792 0.535 0.736
0.394 0.797 0.537 0.736
0.381 0.807 0.536 0.736
0.408 0.807 0.538 0.736
0.405 0.816 0.532 0.736
0.396 0.811 0.532 0.736
0.407 0.802 0.537 0.736
0.390 0.816 0.539 0.736
0.392 0.802 0.539 0.717
0.402 0.807 0.543 0.717
0.397 0.807 0.539 0.717
0.385 0.802 0.537 0.717
0.391 0.792 0.540 0.717
0.392 0.802 0.540 0.717
0.401 0.802 0.539 0.717
0.387 0.802 0.538 0.736
0.418 0.802 0.540 0.717
0.401 0.802 0.540 0.717
0.416 0.792 0.538 0.736
0.402 0.797 0.533 0.736
0.387 0.807 0.538 0.736
0.392 0.807 0.542 0.717
0.396 0.797 0.541 0.736
0.404 0.797 0.545 0.717
0.400 0.797 0.547 0.717
0.403 0.797 0.548 0.717
0.396 0.797 0.546 0.717
0.383 0.811 0.542 0.717
0.403 0.807 0.538 0.717
0.394 0.802 0.532 0.736
0.408 0.802 0.536 0.736
0.397 0.807 0.532 0.736
0.404 0.802 0.533 0.736
0.403 0.807 0.537 0.736
0.395 0.807 0.534 0.736
0.407 0.807 0.533 0.736
0.397 0.797 0.531 0.736
0.406 0.802 0.535 0.736
0.395 0.811 0.532 0.736
0.399 0.802 0.531 0.736
0.402 0.811 0.533 0.736
0.407 0.807 0.542 0.717
0.395 0.807 0.538 0.717
0.401 0.807 0.537 0.736
0.402 0.802 0.536 0.736
0.392 0.811 0.534 0.736
0.404 0.802 0.537 0.717
0.405 0.797 0.538 0.717
0.388 0.797 0.536 0.717
0.405 0.802 0.539 0.736
0.403 0.797 0.535 0.717
0.386 0.807 0.540 0.717
0.411 0.797 0.541 0.717
0.409 0.802 0.538 0.717
0.400 0.802 0.540 0.717
0.406 0.802 0.542 0.717
0.387 0.807 0.541 0.717
0.405 0.797 0.537 0.736
0.392 0.797 0.535 0.736
0.390 0.802 0.531 0.736
0.405 0.811 0.530 0.736
0.395 0.797 0.527 0.736
0.420 0.792 0.530 0.736
0.394 0.807 0.527 0.736
0.404 0.807 0.534 0.717
0.380 0.816 0.535 0.717
0.407 0.797 0.540 0.717
0.387 0.788 0.524 0.736
0.406 0.802 0.527 0.736
0.398 0.788 0.522 0.736
0.406 0.807 0.523 0.736
0.393 0.802 0.519 0.736
0.400 0.802 0.517 0.755
0.401 0.807 0.519 0.755
0.399 0.797 0.519 0.755
0.407 0.797 0.520 0.736
0.393 0.802 0.518 0.736
0.403 0.797 0.523 0.736
0.395 0.792 0.521 0.755
0.408 0.792 0.523 0.755
0.402 0.807 0.521 0.736
0.392 0.802 0.527 0.736
0.399 0.807 0.525 0.755
0.405 0.811 0.524 0.736
0.393 0.802 0.523 0.736
0.390 0.802 0.519 0.755
0.402 0.807 0.520 0.736
0.395 0.802 0.519 0.736
0.396 0.788 0.519 0.736
0.404 0.816 0.519 0.736
0.415 0.788 0.520 0.736
0.391 0.792 0.519 0.736
0.405 0.797 0.524 0.717
0.398 0.802 0.523 0.717
0.405 0.802 0.524 0.717
0.411 0.797 0.522 0.717
0.416 0.792 0.522 0.736
0.396 0.792 0.519 0.736
0.400 0.811 0.521 0.736
0.404 0.792 0.518 0.736
0.405 0.802 0.520 0.736
0.396 0.797 0.520 0.736
0.421 0.797 0.521 0.755
0.408 0.797 0.519 0.736
0.410 0.797 0.518 0.736
0.393 0.797 0.519 0.736
0.403 0.797 0.522 0.736
0.402 0.788 0.521 0.736
0.407 0.816 0.521 0.736
0.393 0.807 0.519 0.736
0.396 0.797 0.525 0.736
0.406 0.802 0.525 0.736
0.405 0.797 0.519 0.755
0.396 0.807 0.518 0.755
0.389 0.797 0.517 0.755
0.393 0.802 0.522 0.736
0.401 0.792 0.523 0.736
0.393 0.797 0.524 0.717
0.388 0.807 0.524 0.736
0.400 0.802 0.525 0.736
0.413 0.797 0.526 0.736
0.405 0.807 0.527 0.736
0.399 0.797 0.524 0.736
0.395 0.807 0.522 0.736
0.392 0.807 0.521 0.736
0.398 0.816 0.524 0.736
0.391 0.811 0.522 0.755
0.390 0.802 0.521 0.755
0.401 0.802 0.522 0.755
0.407 0.797 0.521 0.755
0.386 0.797 0.519 0.755
0.392 0.802 0.520 0.736
0.409 0.792 0.519 0.736
0.399 0.792 0.518 0.736
0.400 0.807 0.521 0.736
0.385 0.807 0.518 0.736
0.401 0.792 0.520 0.736
0.397 0.792 0.520 0.717
0.406 0.807 0.517 0.736
0.412 0.797 0.517 0.717
0.411 0.802 0.517 0.736
0.391 0.797 0.516 0.736
0.403 0.807 0.518 0.755
0.393 0.792 0.519 0.755
0.409 0.802 0.523 0.736
0.388 0.802 0.528 0.736
0.399 0.807 0.528 0.736
0.398 0.792 0.527 0.736
0.397 0.802 0.527 0.736
0.407 0.797 0.524 0.736
0.389 0.792 0.522 0.736
0.395 0.797 0.521 0.755
0.387 0.797 0.521 0.736
0.394 0.807 0.520 0.736
0.401 0.792 0.521 0.736
0.408 0.807 0.520 0.717
0.399 0.802 0.517 0.736
0.397 0.802 0.521 0.736
0.395 0.807 0.522 0.736
0.395 0.807 0.524 0.717
0.391 0.792 0.522 0.717
0.401 0.783 0.521 0.736
0.384 0.802 0.520 0.736
0.405 0.807 0.521 0.755
0.390 0.802 0.519 0.755
0.395 0.816 0.518 0.755
0.405 0.807 0.519 0.755
