5.451 0.476 1.805 0.585
2.048 0.561 2.453 0.623
5.451 0.476 1.805 0.585
2.048 0.561 2.453 0.623
2.211 0.575 1.885 0.623
1.495 0.575 1.073 0.528
0.967 0.561 2.017 0.377
0.903 0.491 0.927 0.453
0.773 0.651 0.676 0.698
0.868 0.651 0.808 0.679
0.884 0.646 0.738 0.717
0.794 0.651 0.665 0.585
0.765 0.528 0.721 0.434
0.638 0.679 0.633 0.755
0.644 0.708 0.643 0.755
0.636 0.708 0.727 0.623
0.683 0.660 0.747 0.604
0.681 0.675 0.635 0.755
0.652 0.698 0.614 0.774
0.636 0.689 0.601 0.755
0.607 0.708 0.620 0.642
0.609 0.693 0.638 0.604
0.596 0.689 0.590 0.698
0.592 0.726 0.587 0.755
0.601 0.722 0.605 0.755
0.610 0.750 0.632 0.679
0.604 0.712 0.691 0.604
0.607 0.708 0.665 0.642
0.598 0.698 0.674 0.660
0.614 0.689 0.667 0.660
0.587 0.726 0.680 0.623
0.597 0.726 0.706 0.585
0.595 0.717 0.687 0.623
0.599 0.726 0.665 0.660
0.595 0.698 0.683 0.623
0.603 0.708 0.677 0.642
0.594 0.684 0.720 0.566
0.605 0.708 0.704 0.642
0.608 0.708 0.749 0.566
0.593 0.736 0.699 0.604
0.590 0.708 0.653 0.642
0.576 0.722 0.632 0.660
0.577 0.741 0.662 0.642
0.595 0.703 0.661 0.623
0.574 0.712 0.662 0.642
0.585 0.717 0.650 0.679
0.575 0.717 0.654 0.660
0.611 0.698 0.657 0.679
0.574 0.717 0.619 0.717
0.595 0.717 0.632 0.698
0.589 0.717 0.618 0.698
0.566 0.741 0.612 0.717
0.564 0.726 0.631 0.698
0.599 0.693 0.646 0.679
0.570 0.703 0.638 0.717
0.586 0.736 0.627 0.717
0.572 0.745 0.612 0.698
0.567 0.731 0.601 0.736
0.572 0.726 0.598 0.736
0.602 0.698 0.607 0.736
0.571 0.726 0.631 0.698
0.573 0.759 0.664 0.623
0.592 0.731 0.655 0.623
0.583 0.708 0.677 0.623
0.577 0.731 0.636 0.660
0.571 0.722 0.669 0.623
0.579 0.693 0.638 0.698
0.589 0.712 0.617 0.698
0.579 0.722 0.658 0.642
0.570 0.741 0.659 0.623
0.554 0.741 0.603 0.698
0.567 0.755 0.608 0.698
0.565 0.722 0.640 0.660
0.557 0.726 0.673 0.642
0.560 0.731 0.620 0.698
0.570 0.712 0.600 0.736
0.571 0.717 0.619 0.698
0.569 0.726 0.626 0.698
0.580 0.703 0.679 0.642
0.593 0.698 0.644 0.660
0.557 0.731 0.625 0.698
0.578 0.726 0.619 0.698
0.562 0.712 0.640 0.660
0.555 0.722 0.631 0.679
0.567 0.717 0.613 0.698
0.609 0.675 0.596 0.698
0.594 0.722 0.578 0.755
0.569 0.745 0.598 0.698
0.553 0.726 0.596 0.698
0.548 0.741 0.566 0.736
0.571 0.722 0.586 0.698
0.549 0.722 0.623 0.679
0.577 0.712 0.646 0.660
0.570 0.712 0.586 0.698
0.570 0.722 0.579 0.717
0.579 0.745 0.616 0.660
0.554 0.726 0.589 0.698
0.547 0.736 0.592 0.698
0.558 0.726 0.598 0.698
0.553 0.745 0.664 0.642
0.579 0.736 0.604 0.698
0.547 0.726 0.577 0.717
0.553 0.722 0.587 0.698
0.529 0.745 0.645 0.660
0.556 0.712 0.643 0.660
0.567 0.736 0.576 0.698
0.542 0.745 0.570 0.698
0.582 0.717 0.583 0.698
0.544 0.745 0.578 0.698
0.544 0.736 0.590 0.698
0.544 0.726 0.569 0.698
0.545 0.703 0.590 0.698
0.548 0.731 0.614 0.679
0.528 0.726 0.573 0.698
0.534 0.736 0.574 0.698
0.533 0.722 0.579 0.698
0.552 0.708 0.571 0.698
0.554 0.712 0.578 0.698
0.536 0.726 0.596 0.698
0.531 0.745 0.599 0.698
0.539 0.755 0.600 0.698
0.547 0.712 0.586 0.698
0.532 0.741 0.589 0.698
0.549 0.731 0.590 0.698
0.538 0.745 0.650 0.660
0.559 0.708 0.583 0.698
0.542 0.726 0.559 0.736
0.538 0.722 0.565 0.698
0.533 0.745 0.566 0.698
0.534 0.736 0.554 0.736
0.551 0.736 0.550 0.755
0.534 0.722 0.593 0.698
0.579 0.731 0.620 0.679
0.535 0.769 0.577 0.698
0.540 0.722 0.585 0.698
0.543 0.712 0.614 0.698
0.556 0.722 0.629 0.679
0.533 0.717 0.605 0.698
0.557 0.717 0.601 0.698
0.547 0.731 0.602 0.698
0.541 0.722 0.588 0.698
0.534 0.741 0.569 0.698
0.564 0.698 0.584 0.698
0.544 0.745 0.587 0.698
0.521 0.745 0.576 0.698
0.564 0.712 0.583 0.698
0.538 0.736 0.564 0.717
0.540 0.712 0.613 0.679
0.530 0.736 0.583 0.698
0.536 0.726 0.572 0.698
0.564 0.708 0.610 0.698
0.531 0.741 0.602 0.698
0.526 0.741 0.585 0.698
0.530 0.750 0.578 0.698
0.538 0.736 0.591 0.698
0.529 0.741 0.615 0.698
0.553 0.722 0.641 0.679
0.567 0.703 0.597 0.698
0.524 0.731 0.551 0.736
0.526 0.750 0.560 0.698
0.541 0.745 0.580 0.698
0.546 0.736 0.579 0.717
0.554 0.755 0.575 0.717
0.535 0.750 0.564 0.698
0.523 0.736 0.597 0.698
0.537 0.736 0.631 0.679
0.541 0.722 0.595 0.698
0.539 0.750 0.570 0.698
0.537 0.731 0.597 0.698
0.532 0.741 0.578 0.698
0.519 0.774 0.586 0.698
0.534 0.731 0.581 0.698
0.539 0.731 0.578 0.698
0.554 0.750 0.570 0.698
0.527 0.741 0.564 0.698
0.555 0.722 0.558 0.698
0.522 0.755 0.576 0.698
0.531 0.726 0.576 0.698
0.531 0.741 0.558 0.698
0.549 0.717 0.571 0.698
0.531 0.755 0.576 0.698
0.548 0.745 0.583 0.698
0.541 0.736 0.558 0.698
0.530 0.731 0.593 0.698
0.545 0.731 0.654 0.642
0.563 0.722 0.582 0.717
0.531 0.750 0.575 0.717
0.534 0.745 0.581 0.717
0.537 0.731 0.574 0.717
0.521 0.736 0.565 0.717
0.551 0.741 0.592 0.698
0.513 0.759 0.580 0.698
5.451 0.476 1.805 0.585
2.048 0.561 2.453 0.623
2.211 0.575 1.885 0.623
1.495 0.575 1.073 0.528
0.967 0.561 2.017 0.377
0.903 0.491 0.927 0.453
0.773 0.651 0.676 0.698
0.868 0.651 0.808 0.679
0.884 0.646 0.738 0.717
0.794 0.651 0.665 0.585
0.765 0.528 0.721 0.434
0.638 0.679 0.633 0.755
0.644 0.708 0.643 0.755
0.636 0.708 0.727 0.623
0.683 0.660 0.747 0.604
0.681 0.675 0.635 0.755
0.652 0.698 0.614 0.774
0.636 0.689 0.601 0.755
0.607 0.708 0.620 0.642
0.609 0.693 0.638 0.604
0.596 0.689 0.590 0.698
0.592 0.726 0.587 0.755
0.601 0.722 0.605 0.755
0.610 0.750 0.632 0.679
0.604 0.712 0.691 0.604
0.607 0.708 0.665 0.642
0.598 0.698 0.674 0.660
0.614 0.689 0.667 0.660
0.587 0.726 0.680 0.623
0.597 0.726 0.706 0.585
0.595 0.717 0.687 0.623
0.599 0.726 0.665 0.660
0.595 0.698 0.683 0.623
0.603 0.708 0.677 0.642
0.594 0.684 0.720 0.566
0.605 0.708 0.705 0.642
0.608 0.708 0.749 0.566
0.593 0.736 0.700 0.604
0.590 0.708 0.653 0.642
0.576 0.722 0.632 0.660
0.577 0.741 0.662 0.642
0.595 0.708 0.661 0.623
0.574 0.712 0.662 0.642
0.585 0.717 0.650 0.679
0.575 0.717 0.653 0.679
0.610 0.703 0.656 0.679
0.574 0.717 0.619 0.717
0.595 0.717 0.631 0.698
0.589 0.717 0.618 0.698
0.566 0.736 0.611 0.717
0.564 0.726 0.632 0.698
0.599 0.693 0.648 0.679
0.570 0.703 0.639 0.717
0.587 0.736 0.629 0.717
0.572 0.745 0.614 0.698
0.567 0.731 0.602 0.736
0.572 0.726 0.599 0.736
0.602 0.698 0.608 0.755
0.571 0.726 0.631 0.698
0.573 0.750 0.666 0.642
0.593 0.717 0.655 0.623
0.585 0.708 0.677 0.623
0.579 0.731 0.641 0.660
0.571 0.722 0.678 0.642
0.578 0.689 0.637 0.698
0.588 0.708 0.611 0.698
0.579 0.722 0.655 0.642
0.570 0.745 0.661 0.642
0.554 0.741 0.602 0.698
0.566 0.755 0.603 0.698
0.565 0.722 0.634 0.660
0.558 0.726 0.671 0.642
0.562 0.726 0.616 0.679
0.570 0.712 0.596 0.736
0.571 0.717 0.617 0.698
0.570 0.726 0.625 0.698
0.581 0.703 0.680 0.623
0.593 0.703 0.643 0.660
0.557 0.736 0.624 0.698
0.577 0.726 0.616 0.698
0.562 0.717 0.634 0.660
0.554 0.722 0.626 0.660
0.566 0.722 0.609 0.698
0.603 0.679 0.590 0.698
0.590 0.726 0.575 0.755
0.568 0.741 0.593 0.698
0.552 0.722 0.589 0.698
0.548 0.726 0.566 0.736
0.568 0.722 0.587 0.698
0.551 0.717 0.620 0.660
0.576 0.717 0.634 0.660
0.572 0.708 0.593 0.698
0.569 0.717 0.592 0.698
0.580 0.736 0.623 0.660
0.556 0.741 0.597 0.698
0.549 0.741 0.603 0.698
0.558 0.726 0.602 0.698
0.552 0.736 0.664 0.642
0.580 0.726 0.609 0.698
0.548 0.726 0.584 0.698
0.553 0.717 0.584 0.698
0.529 0.745 0.637 0.679
0.556 0.698 0.640 0.679
0.567 0.731 0.584 0.698
0.543 0.745 0.575 0.698
0.582 0.712 0.588 0.698
0.544 0.750 0.586 0.698
0.544 0.745 0.602 0.698
0.543 0.731 0.577 0.698
0.545 0.703 0.592 0.698
0.547 0.726 0.620 0.679
0.528 0.726 0.580 0.698
0.534 0.741 0.582 0.698
0.533 0.722 0.582 0.698
0.552 0.708 0.567 0.698
0.552 0.717 0.572 0.698
0.536 0.726 0.589 0.698
0.532 0.741 0.602 0.698
0.540 0.755 0.602 0.698
0.548 0.708 0.589 0.698
0.532 0.741 0.593 0.698
0.548 0.731 0.591 0.698
0.537 0.745 0.643 0.660
0.558 0.712 0.595 0.698
0.542 0.731 0.571 0.736
0.537 0.726 0.577 0.698
0.533 0.745 0.576 0.698
0.533 0.731 0.559 0.717
0.549 0.745 0.553 0.755
0.534 0.722 0.596 0.698
0.578 0.722 0.621 0.679
0.533 0.764 0.581 0.698
0.539 0.722 0.588 0.698
0.541 0.722 0.613 0.698
0.556 0.722 0.623 0.698
0.533 0.722 0.603 0.698
0.555 0.717 0.603 0.698
0.545 0.736 0.607 0.698
0.539 0.726 0.595 0.698
0.533 0.741 0.574 0.698
0.565 0.703 0.590 0.698
0.542 0.755 0.591 0.698
0.520 0.750 0.578 0.698
0.559 0.717 0.584 0.698
0.536 0.731 0.564 0.717
0.537 0.717 0.605 0.698
0.529 0.745 0.579 0.698
0.534 0.731 0.570 0.698
0.561 0.708 0.606 0.698
0.531 0.731 0.598 0.698
0.526 0.741 0.584 0.698
0.530 0.745 0.584 0.698
0.537 0.731 0.593 0.698
0.526 0.745 0.613 0.698
0.550 0.726 0.641 0.679
0.565 0.708 0.603 0.698
0.522 0.736 0.553 0.736
0.525 0.759 0.559 0.698
0.539 0.750 0.578 0.698
0.546 0.731 0.580 0.717
0.552 0.745 0.581 0.717
0.533 0.745 0.571 0.717
0.521 0.726 0.602 0.698
0.534 0.736 0.631 0.679
0.539 0.726 0.596 0.698
0.537 0.745 0.573 0.717
0.534 0.736 0.595 0.717
0.532 0.745 0.581 0.717
0.520 0.764 0.593 0.717
0.533 0.731 0.592 0.698
0.537 0.736 0.591 0.717
0.552 0.750 0.583 0.717
0.525 0.736 0.573 0.698
0.552 0.712 0.566 0.698
0.522 0.745 0.586 0.717
0.531 0.717 0.584 0.698
0.529 0.750 0.565 0.698
0.548 0.722 0.577 0.698
0.529 0.755 0.584 0.698
0.550 0.741 0.593 0.698
0.538 0.731 0.570 0.698
0.531 0.736 0.600 0.698
0.543 0.736 0.666 0.642
0.563 0.731 0.598 0.717
0.529 0.745 0.584 0.717
0.533 0.745 0.584 0.698
0.533 0.736 0.587 0.717
0.520 0.731 0.575 0.717
0.549 0.745 0.595 0.698
0.511 0.745 0.584 0.698
0.546 0.731 0.572 0.698
0.526 0.731 0.571 0.717
0.551 0.712 0.585 0.717
0.536 0.750 0.543 0.755
0.562 0.722 0.557 0.736
0.522 0.726 0.596 0.717
0.524 0.726 0.582 0.698
0.549 0.731 0.572 0.698
0.528 0.755 0.569 0.679
0.551 0.745 0.594 0.679
0.520 0.745 0.539 0.755
0.523 0.745 0.543 0.717
0.543 0.726 0.549 0.698
0.522 0.736 0.544 0.698
0.520 0.755 0.549 0.698
0.543 0.712 0.560 0.698
0.528 0.736 0.574 0.698
0.519 0.726 0.580 0.698
0.523 0.750 0.574 0.717
0.526 0.750 0.567 0.717
0.530 0.731 0.565 0.717
0.521 0.731 0.590 0.698
0.532 0.750 0.569 0.698
0.545 0.717 0.554 0.698
0.524 0.750 0.527 0.774
0.533 0.745 0.540 0.736
0.525 0.731 0.574 0.698
0.549 0.722 0.591 0.698
0.523 0.731 0.546 0.698
0.516 0.750 0.547 0.698
0.536 0.726 0.553 0.698
0.514 0.755 0.545 0.717
0.522 0.745 0.548 0.698
0.538 0.722 0.547 0.717
0.545 0.731 0.547 0.717
0.518 0.741 0.553 0.717
0.526 0.726 0.557 0.717
0.547 0.736 0.554 0.717
0.521 0.750 0.534 0.736
0.519 0.741 0.539 0.717
0.540 0.717 0.581 0.698
0.522 0.755 0.558 0.698
0.526 0.755 0.552 0.698
0.514 0.745 0.570 0.698
0.537 0.722 0.579 0.698
0.522 0.750 0.569 0.698
0.523 0.722 0.562 0.698
0.528 0.745 0.575 0.698
0.508 0.750 0.566 0.698
0.536 0.741 0.575 0.698
0.527 0.745 0.559 0.698
0.518 0.745 0.553 0.698
0.517 0.741 0.553 0.698
0.517 0.755 0.572 0.698
0.529 0.741 0.562 0.698
0.514 0.731 0.564 0.698
0.521 0.741 0.565 0.698
0.523 0.736 0.567 0.679
0.522 0.750 0.543 0.698
0.547 0.726 0.535 0.698
0.528 0.736 0.527 0.736
0.515 0.726 0.605 0.660
0.564 0.712 0.584 0.679
0.516 0.755 0.535 0.736
0.521 0.736 0.549 0.698
0.512 0.755 0.540 0.698
0.527 0.741 0.537 0.698
0.525 0.736 0.577 0.679
0.502 0.736 0.584 0.679
0.513 0.755 0.559 0.717
0.515 0.736 0.549 0.717
0.522 0.745 0.556 0.698
0.519 0.736 0.548 0.717
0.545 0.741 0.548 0.698
0.518 0.708 0.528 0.698
0.524 0.741 0.547 0.698
0.571 0.722 0.530 0.717
0.521 0.745 0.554 0.717
0.512 0.726 0.563 0.698
0.506 0.764 0.550 0.698
0.519 0.741 0.532 0.698
0.507 0.731 0.527 0.717
0.491 0.741 0.590 0.660
0.523 0.731 0.582 0.679
0.508 0.759 0.542 0.717
0.531 0.741 0.568 0.698
0.513 0.755 0.568 0.698
0.519 0.731 0.545 0.698
0.508 0.755 0.543 0.698
0.523 0.755 0.534 0.698
0.531 0.717 0.584 0.660
0.516 0.755 0.538 0.717
0.486 0.736 0.554 0.717
0.514 0.759 0.564 0.698
0.498 0.764 0.555 0.698
0.512 0.736 0.534 0.717
0.530 0.722 0.545 0.717
0.509 0.745 0.579 0.698
0.516 0.755 0.541 0.717
0.499 0.741 0.539 0.717
0.534 0.764 0.553 0.698
0.513 0.745 0.583 0.679
0.528 0.750 0.598 0.642
0.515 0.764 0.565 0.679
0.504 0.741 0.541 0.698
0.540 0.717 0.560 0.698
0.507 0.755 0.563 0.679
0.517 0.745 0.552 0.698
0.509 0.741 0.551 0.698
0.519 0.741 0.543 0.717
0.502 0.750 0.515 0.736
0.512 0.741 0.531 0.717
0.505 0.750 0.538 0.717
0.527 0.741 0.547 0.717
0.521 0.731 0.563 0.679
0.515 0.731 0.534 0.698
0.521 0.745 0.522 0.717
0.502 0.736 0.530 0.698
0.515 0.741 0.547 0.698
0.506 0.750 0.519 0.717
0.533 0.731 0.512 0.774
0.515 0.745 0.515 0.717
0.516 0.755 0.525 0.698
0.519 0.745 0.520 0.698
0.505 0.755 0.520 0.698
0.495 0.745 0.526 0.698
0.512 0.731 0.531 0.698
0.508 0.741 0.529 0.698
0.503 0.745 0.552 0.679
0.508 0.759 0.545 0.698
0.497 0.731 0.533 0.698
0.524 0.736 0.532 0.698
0.505 0.741 0.522 0.717
0.536 0.741 0.525 0.698
0.509 0.759 0.523 0.698
0.499 0.769 0.518 0.717
0.515 0.755 0.515 0.717
0.503 0.759 0.520 0.698
0.508 0.745 0.555 0.679
0.517 0.764 0.540 0.698
0.502 0.755 0.536 0.698
0.505 0.741 0.528 0.717
0.506 0.750 0.521 0.736
0.503 0.755 0.542 0.698
0.520 0.764 0.512 0.717
0.494 0.759 0.500 0.755
0.528 0.750 0.497 0.774
0.504 0.755 0.513 0.736
0.514 0.764 0.515 0.736
0.504 0.750 0.518 0.736
0.514 0.741 0.516 0.736
0.532 0.731 0.534 0.717
0.506 0.750 0.545 0.698
0.513 0.750 0.548 0.698
0.537 0.726 0.515 0.736
0.517 0.741 0.508 0.736
0.499 0.736 0.525 0.717
0.518 0.755 0.556 0.660
0.503 0.750 0.543 0.717
0.510 0.741 0.527 0.717
0.521 0.745 0.555 0.660
0.506 0.726 0.544 0.679
0.514 0.755 0.528 0.717
0.512 0.736 0.511 0.755
0.503 0.741 0.527 0.698
0.488 0.741 0.559 0.660
0.529 0.731 0.555 0.679
0.499 0.755 0.518 0.736
0.506 0.755 0.517 0.717
0.505 0.745 0.533 0.698
0.511 0.750 0.545 0.698
0.500 0.750 0.518 0.736
0.505 0.745 0.545 0.698
0.508 0.741 0.555 0.679
0.507 0.755 0.554 0.660
0.502 0.745 0.527 0.698
0.511 0.755 0.517 0.717
0.516 0.750 0.528 0.717
0.504 0.741 0.517 0.736
0.518 0.741 0.518 0.717
0.527 0.731 0.513 0.717
0.495 0.741 0.518 0.717
0.506 0.741 0.517 0.717
0.507 0.745 0.511 0.717
0.498 0.759 0.510 0.717
0.512 0.755 0.513 0.717
0.513 0.745 0.538 0.698
0.509 0.759 0.530 0.698
0.516 0.726 0.529 0.717
0.516 0.736 0.571 0.660
0.529 0.741 0.521 0.736
0.505 0.759 0.547 0.698
0.486 0.750 0.557 0.660
0.511 0.731 0.539 0.679
0.501 0.755 0.504 0.717
0.521 0.778 0.523 0.698
0.507 0.745 0.534 0.698
0.495 0.726 0.531 0.698
0.483 0.750 0.536 0.698
0.504 0.759 0.579 0.660
0.498 0.769 0.540 0.698
0.498 0.759 0.514 0.717
0.500 0.755 0.525 0.698
0.513 0.759 0.558 0.660
0.519 0.736 0.526 0.698
0.513 0.745 0.517 0.717
0.519 0.736 0.545 0.679
0.503 0.741 0.531 0.679
0.503 0.745 0.543 0.679
0.507 0.750 0.507 0.755
0.524 0.741 0.496 0.755
0.500 0.722 0.504 0.717
0.510 0.745 0.505 0.736
0.498 0.755 0.516 0.698
0.495 0.769 0.532 0.698
0.501 0.755 0.537 0.679
0.493 0.745 0.509 0.698
0.534 0.736 0.500 0.717
0.515 0.726 0.492 0.755
0.499 0.745 0.507 0.717
0.494 0.764 0.506 0.717
0.499 0.755 0.499 0.717
0.497 0.741 0.503 0.717
0.504 0.736 0.501 0.717
0.509 0.745 0.501 0.717
0.499 0.745 0.510 0.717
0.510 0.731 0.503 0.717
0.506 0.750 0.508 0.717
0.498 0.750 0.505 0.717
0.504 0.741 0.523 0.698
0.509 0.745 0.513 0.717
0.514 0.750 0.512 0.698
0.516 0.741 0.527 0.698
0.506 0.750 0.515 0.698
0.499 0.745 0.501 0.717
0.486 0.745 0.498 0.755
0.510 0.731 0.513 0.698
0.500 0.759 0.518 0.698
0.504 0.731 0.525 0.698
0.504 0.741 0.506 0.717
0.505 0.745 0.511 0.717
0.501 0.755 0.510 0.736
0.517 0.750 0.523 0.698
0.493 0.741 0.530 0.698
0.491 0.759 0.527 0.698
0.519 0.741 0.491 0.755
0.512 0.741 0.496 0.755
0.512 0.750 0.508 0.717
0.496 0.750 0.512 0.717
0.500 0.745 0.538 0.698
0.497 0.750 0.530 0.698
0.512 0.736 0.503 0.717
0.526 0.726 0.505 0.717
0.507 0.736 0.523 0.698
0.485 0.759 0.502 0.717
0.493 0.745 0.501 0.717
0.488 0.745 0.502 0.717
0.518 0.741 0.507 0.717
0.514 0.745 0.500 0.717
0.518 0.726 0.504 0.717
0.508 0.741 0.498 0.717
0.495 0.750 0.511 0.698
0.496 0.741 0.535 0.698
0.496 0.741 0.532 0.698
0.500 0.745 0.499 0.717
0.492 0.741 0.503 0.717
0.502 0.750 0.513 0.698
0.497 0.755 0.518 0.698
0.492 0.764 0.502 0.717
0.503 0.750 0.495 0.736
0.493 0.750 0.510 0.698
0.491 0.755 0.536 0.698
0.484 0.750 0.510 0.698
0.480 0.750 0.509 0.698
0.499 0.750 0.509 0.698
0.494 0.750 0.513 0.698
0.506 0.731 0.533 0.698
0.505 0.745 0.513 0.698
0.514 0.755 0.508 0.717
0.514 0.741 0.544 0.660
0.488 0.755 0.505 0.717
0.512 0.745 0.497 0.736
0.507 0.731 0.494 0.774
0.493 0.774 0.505 0.717
0.497 0.759 0.524 0.698
0.494 0.755 0.515 0.698
0.500 0.745 0.501 0.717
0.496 0.755 0.504 0.717
0.501 0.750 0.514 0.698
0.491 0.755 0.503 0.717
0.489 0.745 0.517 0.698
0.534 0.750 0.529 0.698
0.489 0.750 0.509 0.698
0.502 0.750 0.529 0.679
0.486 0.755 0.517 0.698
0.506 0.736 0.509 0.717
0.492 0.745 0.514 0.698
0.500 0.750 0.533 0.698
0.485 0.741 0.513 0.698
0.502 0.741 0.510 0.717
0.492 0.745 0.511 0.698
0.502 0.750 0.495 0.755
0.500 0.759 0.511 0.698
0.498 0.755 0.530 0.679
0.498 0.764 0.512 0.698
0.491 0.759 0.517 0.698
0.500 0.736 0.518 0.698
0.505 0.736 0.525 0.698
0.488 0.755 0.518 0.698
0.500 0.717 0.547 0.660
0.510 0.755 0.496 0.755
0.497 0.741 0.503 0.717
0.496 0.755 0.505 0.717
0.512 0.741 0.494 0.717
0.501 0.755 0.502 0.717
0.503 0.726 0.496 0.717
0.507 0.755 0.503 0.717
0.487 0.774 0.514 0.698
0.499 0.726 0.519 0.698
0.485 0.764 0.512 0.698
0.501 0.755 0.504 0.717
0.480 0.759 0.525 0.698
0.502 0.745 0.511 0.698
0.492 0.755 0.498 0.717
0.489 0.750 0.504 0.717
0.489 0.759 0.510 0.698
0.505 0.726 0.531 0.698
0.487 0.764 0.511 0.698
0.505 0.755 0.498 0.717
0.503 0.750 0.518 0.698
0.498 0.750 0.519 0.698
0.518 0.731 0.506 0.717
0.494 0.759 0.506 0.717
0.493 0.741 0.506 0.717
0.482 0.759 0.503 0.717
0.494 0.741 0.502 0.717
0.499 0.755 0.498 0.717
0.506 0.736 0.494 0.717
0.491 0.764 0.497 0.717
0.487 0.736 0.502 0.717
0.472 0.736 0.496 0.717
0.480 0.741 0.500 0.717
0.484 0.755 0.502 0.717
0.492 0.759 0.504 0.717
0.497 0.750 0.507 0.717
0.490 0.745 0.510 0.698
0.477 0.755 0.510 0.698
0.484 0.731 0.514 0.698
0.495 0.750 0.512 0.698
0.494 0.755 0.506 0.717
0.501 0.745 0.510 0.717
0.500 0.745 0.500 0.717
0.503 0.750 0.502 0.717
0.512 0.731 0.502 0.717
0.498 0.759 0.520 0.698
0.492 0.741 0.512 0.698
0.503 0.736 0.494 0.755
0.492 0.764 0.493 0.755
0.493 0.769 0.497 0.717
0.488 0.769 0.501 0.717
0.485 0.759 0.503 0.717
0.479 0.755 0.503 0.717
0.498 0.759 0.503 0.717
0.494 0.759 0.503 0.717
0.505 0.741 0.502 0.717
0.493 0.741 0.503 0.717
0.491 0.750 0.513 0.698
0.487 0.755 0.500 0.717
0.497 0.769 0.507 0.717
0.502 0.736 0.519 0.698
0.505 0.769 0.505 0.717
0.483 0.759 0.508 0.717
0.501 0.764 0.507 0.717
0.490 0.755 0.501 0.717
0.496 0.750 0.519 0.698
0.482 0.750 0.536 0.698
0.481 0.769 0.531 0.698
0.495 0.759 0.516 0.698
0.489 0.755 0.505 0.717
0.498 0.759 0.507 0.717
0.486 0.750 0.508 0.717
0.479 0.745 0.509 0.698
0.508 0.731 0.512 0.698
0.493 0.745 0.497 0.717
0.506 0.750 0.501 0.717
0.503 0.731 0.528 0.698
0.488 0.755 0.512 0.698
0.481 0.731 0.498 0.717
0.489 0.750 0.505 0.717
0.488 0.759 0.504 0.717
0.484 0.750 0.509 0.717
0.492 0.759 0.504 0.717
0.500 0.755 0.498 0.717
0.475 0.741 0.501 0.717
0.494 0.745 0.503 0.717
0.490 0.736 0.509 0.717
0.485 0.755 0.506 0.717
0.481 0.745 0.503 0.717
0.508 0.745 0.506 0.717
0.481 0.755 0.501 0.717
0.484 0.759 0.505 0.717
0.488 0.745 0.505 0.717
0.493 0.759 0.505 0.717
0.481 0.759 0.504 0.717
0.478 0.759 0.512 0.698
0.493 0.741 0.508 0.698
0.504 0.741 0.498 0.717
0.488 0.745 0.497 0.717
0.480 0.783 0.507 0.717
0.477 0.759 0.511 0.698
0.494 0.755 0.498 0.717
0.487 0.745 0.495 0.717
0.482 0.741 0.493 0.717
0.481 0.741 0.494 0.717
0.483 0.769 0.494 0.717
0.490 0.750 0.496 0.717
0.497 0.731 0.493 0.717
0.488 0.764 0.503 0.717
0.500 0.741 0.499 0.717
0.484 0.755 0.503 0.717
0.497 0.750 0.507 0.698
0.487 0.741 0.504 0.717
0.487 0.759 0.502 0.717
0.482 0.755 0.496 0.717
0.502 0.745 0.496 0.717
0.470 0.759 0.491 0.717
0.478 0.745 0.490 0.717
0.487 0.750 0.486 0.755
0.500 0.736 0.488 0.755
0.489 0.750 0.488 0.755
0.507 0.726 0.495 0.717
0.481 0.764 0.497 0.717
0.488 0.741 0.497 0.717
0.492 0.750 0.489 0.717
0.475 0.764 0.489 0.717
0.477 0.741 0.489 0.717
0.476 0.764 0.501 0.717
0.491 0.750 0.504 0.717
0.481 0.759 0.509 0.698
0.490 0.745 0.497 0.717
0.483 0.759 0.497 0.717
0.492 0.755 0.493 0.717
0.484 0.750 0.494 0.717
0.482 0.750 0.496 0.717
0.482 0.769 0.495 0.717
0.476 0.750 0.495 0.717
0.489 0.745 0.492 0.717
0.474 0.750 0.491 0.717
0.494 0.745 0.492 0.717
0.480 0.736 0.491 0.717
0.493 0.745 0.506 0.698
0.489 0.755 0.500 0.717
0.490 0.736 0.489 0.717
0.497 0.750 0.494 0.717
0.482 0.731 0.495 0.717
0.488 0.741 0.497 0.717
0.497 0.741 0.506 0.717
0.488 0.731 0.501 0.717
0.508 0.726 0.492 0.717
0.488 0.755 0.494 0.717
0.498 0.745 0.492 0.717
0.482 0.741 0.495 0.717
0.488 0.755 0.503 0.717
0.479 0.741 0.508 0.698
0.479 0.764 0.508 0.698
0.491 0.741 0.494 0.717
0.491 0.745 0.497 0.717
0.492 0.741 0.499 0.717
0.493 0.745 0.500 0.717
0.484 0.731 0.496 0.717
0.466 0.741 0.491 0.717
0.488 0.736 0.495 0.717
0.479 0.741 0.495 0.717
0.500 0.741 0.490 0.717
0.486 0.745 0.493 0.717
0.503 0.741 0.491 0.717
0.492 0.722 0.490 0.717
0.486 0.755 0.504 0.698
0.486 0.745 0.499 0.717
0.483 0.741 0.492 0.717
0.475 0.769 0.494 0.717
0.485 0.741 0.499 0.717
0.474 0.764 0.492 0.717
0.495 0.736 0.490 0.717
0.494 0.750 0.491 0.717
0.487 0.764 0.491 0.717
0.486 0.731 0.492 0.717
0.477 0.750 0.491 0.717
0.489 0.755 0.489 0.717
0.483 0.731 0.488 0.717
0.487 0.741 0.489 0.717
0.480 0.741 0.493 0.717
0.488 0.764 0.495 0.717
0.489 0.759 0.500 0.717
0.487 0.736 0.501 0.717
0.495 0.745 0.503 0.717
0.492 0.736 0.510 0.717
0.471 0.750 0.505 0.717
0.488 0.717 0.494 0.717
0.488 0.726 0.494 0.717
0.485 0.759 0.489 0.717
0.482 0.750 0.493 0.717
0.484 0.731 0.502 0.717
0.474 0.755 0.496 0.717
0.490 0.722 0.490 0.717
0.498 0.736 0.488 0.717
0.484 0.741 0.488 0.717
0.471 0.745 0.489 0.717
0.477 0.750 0.489 0.717
0.482 0.750 0.498 0.717
0.480 0.759 0.490 0.717
0.494 0.750 0.488 0.717
0.498 0.750 0.489 0.717
0.487 0.750 0.489 0.717
0.480 0.750 0.488 0.717
0.488 0.731 0.487 0.717
0.482 0.745 0.490 0.717
0.488 0.741 0.491 0.717
0.489 0.759 0.491 0.717
0.491 0.745 0.490 0.717
0.485 0.750 0.489 0.717
0.472 0.741 0.491 0.717
0.480 0.750 0.497 0.717
0.493 0.741 0.490 0.717
0.481 0.722 0.488 0.717
0.496 0.741 0.488 0.755
0.476 0.759 0.488 0.717
0.479 0.750 0.489 0.717
0.490 0.726 0.491 0.717
0.495 0.741 0.494 0.717
0.482 0.736 0.492 0.717
0.487 0.736 0.489 0.717
0.480 0.759 0.487 0.717
0.488 0.745 0.485 0.755
0.483 0.736 0.486 0.717
0.481 0.750 0.489 0.717
0.494 0.759 0.488 0.717
0.499 0.745 0.490 0.717
0.476 0.759 0.490 0.717
0.486 0.736 0.488 0.717
0.473 0.741 0.487 0.717
0.488 0.745 0.486 0.736
0.479 0.741 0.487 0.717
0.480 0.759 0.489 0.717
0.490 0.736 0.492 0.717
0.487 0.750 0.490 0.717
0.480 0.769 0.490 0.717
0.503 0.755 0.486 0.717
0.478 0.745 0.490 0.717
0.484 0.755 0.490 0.717
0.481 0.755 0.489 0.717
0.491 0.736 0.491 0.717
0.469 0.755 0.490 0.717
0.491 0.741 0.489 0.717
0.475 0.750 0.490 0.717
0.478 0.750 0.492 0.717
0.486 0.755 0.490 0.717
0.482 0.759 0.487 0.717
0.479 0.726 0.486 0.717
0.478 0.741 0.487 0.717
0.485 0.736 0.486 0.717
0.487 0.745 0.489 0.717
0.501 0.741 0.489 0.717
0.479 0.755 0.488 0.717
0.485 0.731 0.488 0.717
0.474 0.755 0.489 0.717
0.481 0.741 0.487 0.736
0.498 0.722 0.488 0.717
0.494 0.726 0.487 0.717
0.490 0.741 0.488 0.717
0.490 0.750 0.487 0.736
0.491 0.750 0.487 0.717
0.471 0.755 0.490 0.717
0.479 0.755 0.487 0.717
0.487 0.726 0.487 0.717
0.474 0.759 0.487 0.717
0.492 0.731 0.487 0.717
0.489 0.750 0.490 0.736
0.482 0.722 0.489 0.736
0.492 0.745 0.491 0.717
0.474 0.759 0.490 0.717
0.482 0.750 0.487 0.717
0.494 0.736 0.488 0.717
0.480 0.731 0.489 0.717
0.487 0.750 0.486 0.717
0.465 0.755 0.489 0.717
0.473 0.759 0.488 0.717
0.491 0.741 0.488 0.717
0.473 0.745 0.490 0.717
0.473 0.736 0.489 0.717
0.479 0.759 0.490 0.717
0.481 0.750 0.490 0.717
0.492 0.741 0.487 0.755
0.472 0.750 0.486 0.755
0.476 0.755 0.490 0.717
0.484 0.750 0.492 0.717
0.473 0.755 0.490 0.717
0.484 0.741 0.490 0.717
0.489 0.759 0.491 0.717
0.478 0.755 0.487 0.717
0.476 0.755 0.488 0.717
0.476 0.731 0.492 0.736
0.469 0.750 0.488 0.736
0.479 0.741 0.492 0.717
0.479 0.750 0.488 0.717
0.492 0.745 0.487 0.717
0.494 0.755 0.486 0.717
0.486 0.741 0.489 0.717
0.485 0.745 0.494 0.717
0.474 0.750 0.487 0.717
0.492 0.741 0.484 0.774
0.475 0.731 0.485 0.755
0.476 0.741 0.483 0.774
0.483 0.736 0.484 0.774
0.467 0.745 0.486 0.774
0.487 0.745 0.486 0.774
0.503 0.736 0.485 0.774
0.483 0.736 0.485 0.774
0.476 0.755 0.486 0.774
0.492 0.745 0.485 0.774
0.491 0.736 0.485 0.774
0.491 0.745 0.484 0.774
0.479 0.722 0.484 0.755
0.484 0.750 0.484 0.755
0.478 0.745 0.484 0.736
0.490 0.759 0.483 0.736
0.470 0.759 0.483 0.755
0.478 0.736 0.484 0.755
0.475 0.726 0.485 0.755
0.483 0.731 0.485 0.755
0.484 0.745 0.486 0.736
0.488 0.736 0.486 0.736
0.476 0.745 0.485 0.736
0.470 0.755 0.485 0.774
0.483 0.736 0.483 0.774
0.479 0.750 0.482 0.774
0.491 0.745 0.483 0.774
0.486 0.750 0.483 0.774
0.475 0.750 0.484 0.774
0.477 0.745 0.483 0.774
0.486 0.764 0.484 0.755
0.492 0.745 0.484 0.736
0.492 0.759 0.485 0.755
0.481 0.750 0.483 0.774
0.485 0.745 0.482 0.774
0.473 0.741 0.484 0.774
0.486 0.745 0.484 0.755
0.482 0.745 0.485 0.736
0.480 0.759 0.487 0.736
0.474 0.736 0.484 0.736
0.471 0.736 0.484 0.736
0.474 0.750 0.484 0.736
0.490 0.736 0.482 0.774
0.493 0.745 0.481 0.774
0.484 0.745 0.481 0.774
0.476 0.745 0.481 0.774
0.468 0.769 0.483 0.736
0.495 0.741 0.481 0.774
0.486 0.736 0.484 0.736
0.482 0.745 0.484 0.736
0.471 0.736 0.485 0.736
0.485 0.741 0.485 0.736
0.483 0.750 0.486 0.736
0.482 0.755 0.486 0.736
0.478 0.745 0.487 0.736
0.477 0.759 0.486 0.736
0.489 0.745 0.484 0.774
0.481 0.736 0.483 0.774
0.515 0.750 0.482 0.774
0.478 0.736 0.483 0.774
0.485 0.750 0.485 0.736
0.476 0.731 0.483 0.717
0.480 0.750 0.483 0.717
0.474 0.750 0.484 0.736
0.494 0.726 0.483 0.755
0.482 0.726 0.482 0.774
0.483 0.750 0.482 0.774
0.486 0.726 0.482 0.774
0.478 0.750 0.484 0.736
0.478 0.759 0.483 0.774
0.490 0.731 0.482 0.774
0.488 0.750 0.483 0.774
0.475 0.745 0.484 0.774
0.489 0.736 0.482 0.774
0.474 0.750 0.483 0.755
0.479 0.745 0.484 0.755
0.500 0.731 0.484 0.717
0.482 0.736 0.483 0.774
0.479 0.736 0.482 0.755
0.485 0.741 0.482 0.755
0.477 0.741 0.481 0.755
0.482 0.755 0.482 0.755
0.475 0.726 0.481 0.774
0.486 0.745 0.482 0.774
0.481 0.736 0.483 0.774
0.485 0.722 0.484 0.736
0.482 0.717 0.484 0.736
0.484 0.745 0.483 0.774
0.490 0.741 0.484 0.774
0.479 0.755 0.483 0.774
0.468 0.755 0.484 0.774
0.490 0.750 0.483 0.774
0.509 0.745 0.483 0.755
0.480 0.745 0.482 0.755
0.478 0.736 0.482 0.755
0.475 0.736 0.482 0.755
0.498 0.736 0.483 0.717
0.482 0.741 0.483 0.774
0.479 0.741 0.481 0.774
0.463 0.726 0.481 0.774
0.491 0.750 0.482 0.792
0.474 0.745 0.482 0.792
0.482 0.731 0.482 0.792
0.484 0.736 0.482 0.792
0.484 0.759 0.482 0.774
0.474 0.764 0.482 0.774
0.498 0.745 0.481 0.774
0.479 0.764 0.481 0.774
0.484 0.745 0.481 0.774
0.477 0.731 0.481 0.774
0.467 0.745 0.482 0.774
0.497 0.745 0.482 0.774
0.475 0.726 0.483 0.774
0.487 0.731 0.483 0.774
0.481 0.731 0.483 0.774
0.495 0.736 0.482 0.774
0.494 0.731 0.482 0.774
0.481 0.736 0.481 0.774
0.498 0.745 0.481 0.774
0.477 0.741 0.482 0.774
0.496 0.736 0.482 0.774
0.497 0.741 0.483 0.774
0.486 0.736 0.483 0.774
0.478 0.736 0.484 0.755
0.477 0.745 0.482 0.774
0.494 0.745 0.482 0.774
0.476 0.750 0.483 0.774
0.478 0.731 0.482 0.774
0.483 0.759 0.481 0.774
0.476 0.745 0.481 0.774
0.477 0.726 0.483 0.774
0.477 0.736 0.483 0.774
0.477 0.741 0.483 0.774
0.479 0.759 0.483 0.774
0.476 0.750 0.483 0.774
0.480 0.741 0.484 0.774
0.482 0.736 0.483 0.774
0.481 0.741 0.484 0.774
0.478 0.750 0.482 0.774
0.474 0.741 0.482 0.774
0.484 0.755 0.482 0.774
0.482 0.755 0.481 0.774
0.477 0.759 0.482 0.774
0.483 0.745 0.481 0.774
0.488 0.741 0.482 0.774
0.488 0.741 0.482 0.774
0.493 0.755 0.483 0.774
0.471 0.741 0.483 0.736
0.491 0.726 0.483 0.736
0.490 0.750 0.482 0.774
0.483 0.750 0.482 0.774
0.471 0.745 0.481 0.774
0.482 0.736 0.482 0.774
0.480 0.731 0.482 0.774
0.481 0.745 0.481 0.774
0.492 0.726 0.483 0.774
0.487 0.741 0.484 0.774
0.488 0.755 0.485 0.736
0.485 0.759 0.483 0.755
0.479 0.741 0.482 0.774
0.478 0.731 0.482 0.774
0.478 0.741 0.481 0.774
0.471 0.726 0.482 0.774
0.486 0.731 0.482 0.774
0.473 0.731 0.482 0.774
0.479 0.745 0.482 0.774
0.488 0.745 0.484 0.755
0.500 0.741 0.483 0.736
0.476 0.755 0.482 0.774
0.484 0.750 0.481 0.774
0.481 0.745 0.481 0.774
0.488 0.741 0.480 0.774
0.490 0.745 0.480 0.774
0.484 0.745 0.481 0.792
0.469 0.755 0.482 0.774
0.473 0.741 0.482 0.774
0.490 0.731 0.482 0.774
0.473 0.750 0.483 0.774
0.478 0.726 0.484 0.774
0.475 0.736 0.485 0.774
0.483 0.741 0.485 0.774
0.489 0.745 0.485 0.755
0.476 0.736 0.484 0.755
0.493 0.745 0.484 0.774
0.480 0.736 0.483 0.774
0.477 0.750 0.483 0.774
0.494 0.741 0.482 0.774
0.486 0.741 0.483 0.774
0.466 0.736 0.482 0.774
0.474 0.745 0.482 0.774
0.475 0.750 0.482 0.774
0.479 0.731 0.481 0.774
0.480 0.741 0.482 0.774
0.493 0.750 0.480 0.774
0.495 0.750 0.480 0.774
0.474 0.741 0.481 0.774
0.477 0.745 0.480 0.774
0.477 0.741 0.480 0.774
0.483 0.750 0.482 0.774
0.482 0.764 0.482 0.774
