5.493 0.443 2.024 0.585
5.493 0.443 2.024 0.585
1.622 0.594 2.526 0.623
1.931 0.604 2.071 0.623
1.320 0.604 0.992 0.623
0.723 0.660 1.014 0.434
1.006 0.505 0.843 0.717
0.649 0.722 1.006 0.642
0.759 0.656 1.001 0.679
0.734 0.684 0.859 0.736
0.703 0.679 0.690 0.717
0.684 0.585 0.588 0.679
0.613 0.670 0.684 0.698
0.575 0.726 0.667 0.717
0.540 0.736 0.681 0.755
0.565 0.759 0.718 0.755
0.537 0.759 0.752 0.736
0.560 0.755 0.684 0.698
0.535 0.741 0.614 0.736
0.531 0.736 0.582 0.736
0.545 0.745 0.590 0.736
0.551 0.745 0.611 0.755
0.545 0.741 0.618 0.736
0.554 0.764 0.615 0.774
0.532 0.797 0.603 0.792
0.526 0.774 0.610 0.774
0.533 0.759 0.625 0.774
0.530 0.750 0.638 0.792
0.539 0.750 0.632 0.736
0.534 0.764 0.604 0.774
0.527 0.759 0.606 0.792
0.550 0.764 0.623 0.792
0.527 0.745 0.622 0.792
0.517 0.755 0.633 0.774
0.517 0.755 0.631 0.792
0.511 0.745 0.625 0.792
0.540 0.759 0.634 0.774
0.520 0.759 0.621 0.792
0.526 0.764 0.623 0.792
0.515 0.759 0.624 0.792
0.527 0.750 0.622 0.792
0.522 0.759 0.613 0.811
0.515 0.788 0.621 0.792
0.515 0.778 0.629 0.792
0.506 0.755 0.645 0.755
0.518 0.750 0.634 0.774
0.520 0.764 0.619 0.774
0.522 0.774 0.621 0.774
0.545 0.755 0.620 0.792
0.514 0.764 0.607 0.755
0.518 0.759 0.613 0.774
0.517 0.759 0.617 0.792
0.506 0.769 0.619 0.774
0.523 0.764 0.612 0.792
0.526 0.778 0.603 0.774
0.512 0.769 0.601 0.774
0.520 0.750 0.602 0.774
0.519 0.774 0.597 0.774
0.515 0.769 0.598 0.755
0.543 0.759 0.606 0.792
0.515 0.797 0.593 0.774
0.534 0.774 0.597 0.774
0.521 0.778 0.589 0.792
0.512 0.769 0.581 0.792
0.529 0.755 0.573 0.792
0.515 0.783 0.594 0.792
0.510 0.759 0.608 0.792
0.504 0.764 0.585 0.792
0.511 0.778 0.583 0.792
0.498 0.764 0.592 0.755
0.518 0.769 0.589 0.792
0.512 0.774 0.574 0.792
0.501 0.807 0.572 0.774
0.501 0.764 0.580 0.774
0.512 0.764 0.576 0.755
0.489 0.769 0.596 0.774
0.511 0.788 0.600 0.774
0.498 0.802 0.591 0.774
0.521 0.755 0.595 0.774
0.496 0.783 0.555 0.792
0.502 0.792 0.556 0.792
0.495 0.783 0.557 0.792
0.495 0.788 0.567 0.774
0.489 0.774 0.581 0.792
0.496 0.788 0.581 0.774
0.498 0.792 0.575 0.774
0.512 0.778 0.562 0.755
0.501 0.792 0.541 0.792
0.492 0.783 0.563 0.792
0.499 0.764 0.555 0.755
0.492 0.759 0.545 0.792
0.502 0.797 0.549 0.792
0.507 0.797 0.561 0.792
0.511 0.764 0.552 0.792
0.500 0.783 0.546 0.792
0.513 0.764 0.541 0.774
0.495 0.774 0.589 0.755
0.507 0.769 0.548 0.811
0.506 0.783 0.539 0.792
0.488 0.764 0.570 0.755
0.490 0.774 0.559 0.792
0.497 0.769 0.556 0.774
0.497 0.802 0.550 0.774
0.505 0.792 0.562 0.792
0.504 0.788 0.549 0.792
0.495 0.774 0.537 0.792
0.488 0.783 0.534 0.792
0.491 0.788 0.534 0.755
0.481 0.792 0.552 0.755
0.468 0.792 0.549 0.792
0.497 0.778 0.550 0.792
0.502 0.774 0.537 0.792
0.493 0.797 0.539 0.755
0.488 0.802 0.544 0.755
0.481 0.783 0.543 0.755
0.487 0.788 0.546 0.792
0.476 0.788 0.552 0.792
0.481 0.783 0.557 0.755
0.479 0.774 0.545 0.755
0.478 0.774 0.542 0.792
0.471 0.788 0.543 0.792
0.451 0.774 0.555 0.755
0.476 0.759 0.551 0.792
0.497 0.797 0.552 0.792
0.491 0.778 0.563 0.792
0.484 0.778 0.543 0.774
0.499 0.745 0.546 0.755
0.516 0.783 0.543 0.792
0.508 0.769 0.563 0.792
0.508 0.759 0.565 0.755
0.495 0.769 0.538 0.755
0.494 0.797 0.538 0.774
0.492 0.764 0.553 0.792
0.478 0.783 0.547 0.774
0.498 0.778 0.552 0.792
0.492 0.788 0.548 0.792
0.482 0.778 0.544 0.774
0.493 0.797 0.542 0.792
0.479 0.797 0.543 0.792
0.463 0.792 0.541 0.792
0.494 0.764 0.557 0.792
0.481 0.792 0.550 0.792
0.485 0.778 0.547 0.755
0.477 0.797 0.548 0.792
0.489 0.788 0.553 0.774
0.482 0.769 0.542 0.792
0.468 0.778 0.522 0.792
0.480 0.759 0.530 0.811
0.497 0.783 0.535 0.792
0.464 0.759 0.533 0.811
0.476 0.778 0.545 0.792
0.468 0.788 0.541 0.792
0.484 0.774 0.539 0.792
0.469 0.783 0.535 0.811
0.478 0.783 0.537 0.792
0.466 0.774 0.562 0.755
0.493 0.778 0.555 0.755
0.506 0.792 0.540 0.792
0.481 0.783 0.542 0.792
0.484 0.764 0.545 0.792
0.486 0.778 0.553 0.792
0.468 0.778 0.537 0.792
0.478 0.774 0.536 0.792
0.460 0.783 0.535 0.792
0.503 0.792 0.532 0.774
0.470 0.778 0.535 0.755
0.453 0.774 0.529 0.755
0.479 0.769 0.523 0.755
0.472 0.778 0.535 0.811
0.503 0.788 0.531 0.755
0.473 0.774 0.544 0.755
0.461 0.778 0.531 0.792
0.463 0.802 0.528 0.811
0.467 0.778 0.535 0.792
0.467 0.764 0.547 0.755
0.462 0.783 0.543 0.792
0.489 0.807 0.543 0.755
0.472 0.797 0.546 0.755
0.464 0.783 0.521 0.792
0.486 0.788 0.522 0.755
0.475 0.788 0.537 0.755
0.491 0.736 0.569 0.792
0.467 0.783 0.533 0.792
0.471 0.778 0.543 0.792
0.461 0.802 0.545 0.755
0.476 0.750 0.547 0.755
0.484 0.788 0.529 0.792
0.485 0.764 0.534 0.755
0.494 0.755 0.532 0.755
0.496 0.769 0.529 0.792
5.493 0.443 2.024 0.585
1.622 0.594 2.526 0.623
1.931 0.604 2.071 0.623
1.320 0.604 0.992 0.623
0.723 0.660 1.014 0.434
1.006 0.505 0.843 0.717
0.649 0.722 1.006 0.642
0.759 0.656 1.001 0.679
0.734 0.684 0.859 0.736
0.703 0.679 0.690 0.717
0.684 0.585 0.588 0.679
0.613 0.670 0.684 0.698
0.575 0.726 0.667 0.717
0.540 0.736 0.681 0.755
0.565 0.759 0.718 0.755
0.537 0.759 0.752 0.736
0.560 0.755 0.684 0.698
0.535 0.741 0.614 0.736
0.531 0.736 0.582 0.736
0.545 0.745 0.590 0.736
0.551 0.745 0.611 0.755
0.545 0.741 0.618 0.736
0.554 0.764 0.615 0.774
0.532 0.797 0.603 0.792
0.526 0.774 0.610 0.774
0.533 0.759 0.625 0.774
0.530 0.750 0.638 0.792
0.539 0.750 0.632 0.736
0.534 0.764 0.604 0.774
0.527 0.759 0.606 0.792
0.550 0.764 0.623 0.792
0.527 0.745 0.622 0.792
0.517 0.755 0.633 0.774
0.517 0.755 0.631 0.792
0.511 0.745 0.625 0.792
0.540 0.759 0.634 0.774
0.520 0.759 0.621 0.792
0.526 0.764 0.623 0.792
0.515 0.759 0.625 0.792
0.527 0.750 0.622 0.792
0.522 0.759 0.613 0.811
0.515 0.788 0.621 0.792
0.514 0.778 0.630 0.792
0.506 0.755 0.645 0.755
0.518 0.750 0.634 0.774
0.520 0.764 0.619 0.774
0.522 0.774 0.620 0.792
0.545 0.755 0.620 0.792
0.514 0.764 0.606 0.755
0.518 0.759 0.612 0.774
0.517 0.759 0.616 0.792
0.506 0.774 0.618 0.774
0.523 0.769 0.612 0.792
0.526 0.778 0.603 0.774
0.512 0.769 0.601 0.774
0.520 0.750 0.605 0.774
0.520 0.774 0.599 0.774
0.515 0.774 0.602 0.774
0.543 0.759 0.611 0.792
0.515 0.797 0.601 0.774
0.536 0.774 0.604 0.774
0.523 0.778 0.596 0.774
0.514 0.764 0.587 0.792
0.531 0.755 0.578 0.792
0.516 0.783 0.596 0.792
0.511 0.759 0.610 0.792
0.505 0.783 0.586 0.792
0.511 0.778 0.582 0.792
0.499 0.764 0.589 0.755
0.518 0.783 0.585 0.792
0.512 0.769 0.568 0.792
0.501 0.807 0.568 0.792
0.500 0.764 0.575 0.774
0.511 0.769 0.571 0.755
0.488 0.769 0.595 0.774
0.510 0.797 0.598 0.774
0.497 0.807 0.588 0.774
0.520 0.759 0.592 0.774
0.496 0.788 0.552 0.792
0.502 0.792 0.552 0.792
0.495 0.778 0.552 0.792
0.496 0.788 0.561 0.774
0.491 0.769 0.574 0.792
0.497 0.778 0.573 0.792
0.498 0.792 0.570 0.774
0.511 0.778 0.559 0.755
0.502 0.797 0.542 0.774
0.493 0.778 0.564 0.774
0.501 0.769 0.558 0.774
0.495 0.774 0.553 0.792
0.506 0.788 0.561 0.792
0.508 0.788 0.567 0.792
0.510 0.759 0.559 0.774
0.500 0.778 0.555 0.792
0.512 0.759 0.542 0.792
0.493 0.769 0.585 0.755
0.506 0.769 0.549 0.811
0.506 0.778 0.541 0.811
0.488 0.764 0.574 0.755
0.490 0.774 0.563 0.792
0.497 0.769 0.557 0.755
0.496 0.802 0.548 0.774
0.503 0.788 0.561 0.792
0.506 0.788 0.552 0.792
0.495 0.778 0.543 0.792
0.490 0.783 0.541 0.792
0.492 0.783 0.541 0.755
0.482 0.792 0.556 0.755
0.470 0.792 0.553 0.792
0.499 0.778 0.555 0.792
0.504 0.778 0.541 0.792
0.496 0.792 0.544 0.755
0.490 0.802 0.545 0.755
0.485 0.778 0.544 0.755
0.489 0.783 0.549 0.792
0.479 0.778 0.556 0.792
0.484 0.783 0.560 0.755
0.480 0.778 0.547 0.755
0.478 0.769 0.543 0.792
0.472 0.778 0.548 0.792
0.453 0.774 0.563 0.755
0.478 0.759 0.559 0.774
0.498 0.797 0.563 0.792
0.493 0.778 0.574 0.792
0.484 0.774 0.554 0.792
0.500 0.750 0.555 0.755
0.517 0.783 0.549 0.792
0.509 0.769 0.564 0.792
0.509 0.759 0.568 0.755
0.494 0.769 0.541 0.755
0.492 0.797 0.541 0.774
0.491 0.755 0.550 0.755
0.475 0.783 0.547 0.792
0.497 0.778 0.554 0.792
0.490 0.783 0.550 0.792
0.481 0.783 0.548 0.774
0.494 0.797 0.546 0.792
0.479 0.797 0.542 0.792
0.463 0.802 0.547 0.792
0.494 0.769 0.564 0.792
0.483 0.788 0.554 0.792
0.486 0.783 0.546 0.755
0.478 0.788 0.549 0.792
0.490 0.783 0.551 0.792
0.482 0.774 0.542 0.792
0.468 0.778 0.520 0.792
0.481 0.774 0.530 0.811
0.496 0.783 0.540 0.774
0.466 0.769 0.533 0.811
0.476 0.778 0.542 0.792
0.468 0.783 0.542 0.792
0.487 0.774 0.542 0.792
0.470 0.778 0.535 0.792
0.477 0.783 0.538 0.792
0.467 0.769 0.562 0.755
0.494 0.774 0.552 0.774
0.506 0.797 0.541 0.792
0.482 0.778 0.547 0.792
0.485 0.783 0.551 0.792
0.485 0.783 0.558 0.792
0.468 0.778 0.541 0.755
0.479 0.774 0.539 0.792
0.461 0.788 0.539 0.792
0.508 0.788 0.537 0.792
0.472 0.778 0.539 0.755
0.456 0.778 0.533 0.755
0.479 0.769 0.530 0.774
0.474 0.778 0.538 0.792
0.509 0.778 0.532 0.755
0.473 0.778 0.546 0.755
0.464 0.769 0.530 0.792
0.464 0.807 0.531 0.811
0.468 0.783 0.540 0.792
0.468 0.764 0.552 0.792
0.462 0.783 0.550 0.792
0.491 0.807 0.550 0.755
0.472 0.802 0.552 0.755
0.465 0.783 0.529 0.811
0.487 0.783 0.527 0.755
0.478 0.792 0.542 0.755
0.490 0.750 0.575 0.792
0.467 0.792 0.545 0.792
0.473 0.792 0.552 0.792
0.463 0.792 0.551 0.755
0.477 0.755 0.552 0.755
0.484 0.774 0.529 0.811
0.482 0.764 0.534 0.792
0.493 0.750 0.531 0.755
0.495 0.774 0.533 0.792
0.484 0.769 0.567 0.755
0.502 0.755 0.532 0.792
0.482 0.764 0.510 0.811
0.514 0.764 0.515 0.811
0.471 0.788 0.541 0.811
0.484 0.774 0.563 0.774
0.479 0.778 0.525 0.811
0.465 0.811 0.521 0.774
0.469 0.769 0.524 0.774
0.476 0.783 0.522 0.830
0.486 0.797 0.514 0.830
0.469 0.792 0.520 0.755
0.462 0.788 0.514 0.811
0.471 0.783 0.523 0.792
0.483 0.778 0.530 0.792
0.473 0.783 0.532 0.755
0.466 0.778 0.528 0.755
0.473 0.774 0.524 0.755
0.464 0.792 0.517 0.811
0.461 0.792 0.519 0.792
0.463 0.788 0.530 0.792
0.464 0.788 0.523 0.792
0.463 0.778 0.526 0.811
0.470 0.788 0.527 0.792
0.492 0.778 0.526 0.792
0.476 0.774 0.526 0.792
0.471 0.783 0.526 0.755
0.459 0.778 0.512 0.811
0.478 0.788 0.515 0.792
0.470 0.778 0.523 0.755
0.489 0.774 0.513 0.792
0.459 0.783 0.517 0.792
0.478 0.797 0.505 0.792
0.462 0.783 0.500 0.774
0.470 0.792 0.501 0.755
0.488 0.788 0.509 0.755
0.478 0.783 0.509 0.755
0.463 0.774 0.503 0.755
0.469 0.783 0.508 0.755
0.466 0.783 0.515 0.792
0.458 0.783 0.522 0.792
0.455 0.774 0.518 0.792
0.476 0.774 0.517 0.792
0.460 0.764 0.522 0.792
0.470 0.764 0.521 0.792
0.468 0.778 0.515 0.792
0.467 0.788 0.516 0.792
0.488 0.778 0.515 0.755
0.463 0.783 0.509 0.755
0.453 0.788 0.514 0.755
0.465 0.778 0.509 0.792
0.450 0.792 0.512 0.792
0.454 0.788 0.511 0.792
0.454 0.778 0.511 0.792
0.463 0.778 0.505 0.811
0.464 0.774 0.505 0.811
0.461 0.792 0.519 0.792
0.460 0.783 0.500 0.792
0.502 0.783 0.498 0.792
0.452 0.797 0.530 0.755
0.479 0.788 0.536 0.792
0.465 0.778 0.512 0.792
0.466 0.797 0.505 0.792
0.461 0.774 0.506 0.755
0.447 0.778 0.501 0.755
0.435 0.783 0.509 0.792
0.455 0.778 0.522 0.774
0.458 0.769 0.524 0.792
0.473 0.755 0.524 0.755
0.461 0.778 0.507 0.755
0.457 0.778 0.515 0.792
0.451 0.783 0.512 0.792
0.467 0.778 0.510 0.792
0.464 0.783 0.503 0.792
0.450 0.783 0.512 0.755
0.470 0.774 0.500 0.755
0.453 0.778 0.501 0.755
0.447 0.792 0.513 0.792
0.457 0.778 0.513 0.755
0.456 0.778 0.492 0.755
0.458 0.788 0.492 0.792
0.472 0.788 0.502 0.792
0.442 0.802 0.499 0.792
0.462 0.788 0.501 0.792
0.457 0.774 0.504 0.792
0.460 0.769 0.522 0.755
0.449 0.788 0.500 0.755
0.467 0.778 0.484 0.755
0.442 0.788 0.491 0.755
0.456 0.774 0.506 0.755
0.453 0.764 0.499 0.792
0.483 0.783 0.506 0.755
0.468 0.764 0.505 0.755
0.438 0.783 0.491 0.792
0.460 0.774 0.510 0.792
0.475 0.769 0.503 0.792
0.462 0.778 0.497 0.755
0.457 0.764 0.482 0.755
0.470 0.778 0.484 0.755
0.465 0.783 0.502 0.792
0.448 0.778 0.514 0.792
0.482 0.750 0.510 0.792
0.498 0.783 0.488 0.755
0.457 0.788 0.493 0.755
0.457 0.769 0.497 0.792
0.443 0.759 0.501 0.792
0.473 0.769 0.498 0.792
0.479 0.783 0.481 0.792
0.464 0.778 0.504 0.792
0.444 0.783 0.507 0.792
0.461 0.783 0.490 0.792
0.471 0.774 0.484 0.774
0.447 0.783 0.485 0.792
0.451 0.788 0.491 0.792
0.467 0.769 0.502 0.792
0.451 0.778 0.492 0.792
0.490 0.783 0.495 0.792
0.458 0.764 0.494 0.792
0.473 0.792 0.491 0.792
0.452 0.774 0.494 0.792
0.476 0.783 0.494 0.792
0.451 0.783 0.499 0.792
0.471 0.774 0.488 0.792
0.459 0.788 0.481 0.792
0.460 0.783 0.495 0.792
0.434 0.788 0.496 0.792
0.461 0.774 0.502 0.792
0.473 0.769 0.503 0.792
0.467 0.778 0.489 0.792
0.443 0.778 0.482 0.792
0.465 0.788 0.487 0.792
0.480 0.769 0.507 0.792
0.456 0.778 0.500 0.792
0.446 0.774 0.495 0.792
0.451 0.792 0.497 0.792
0.440 0.792 0.498 0.792
0.443 0.802 0.497 0.774
0.458 0.778 0.524 0.792
0.451 0.783 0.506 0.792
0.454 0.802 0.491 0.811
0.463 0.783 0.491 0.792
0.460 0.783 0.493 0.792
0.466 0.774 0.510 0.792
0.453 0.778 0.488 0.755
0.445 0.797 0.482 0.755
0.455 0.783 0.488 0.792
0.437 0.774 0.487 0.792
0.454 0.750 0.491 0.792
0.461 0.792 0.480 0.792
0.433 0.811 0.477 0.811
0.472 0.774 0.486 0.792
0.455 0.778 0.512 0.755
0.468 0.778 0.489 0.792
0.451 0.788 0.496 0.792
0.446 0.788 0.506 0.792
0.462 0.788 0.510 0.792
0.432 0.792 0.488 0.792
0.441 0.774 0.489 0.774
0.446 0.778 0.489 0.774
0.460 0.797 0.492 0.792
0.454 0.783 0.501 0.792
0.470 0.774 0.486 0.792
0.462 0.783 0.481 0.792
0.443 0.783 0.493 0.792
0.447 0.764 0.495 0.792
0.475 0.755 0.495 0.792
0.452 0.774 0.490 0.792
0.466 0.792 0.492 0.792
0.446 0.778 0.503 0.792
0.438 0.792 0.493 0.792
0.443 0.788 0.494 0.792
0.453 0.792 0.487 0.792
0.448 0.778 0.484 0.792
0.455 0.769 0.484 0.792
0.463 0.778 0.490 0.792
0.456 0.797 0.487 0.792
0.456 0.774 0.494 0.774
0.454 0.774 0.479 0.792
0.453 0.774 0.477 0.811
0.466 0.778 0.482 0.792
0.453 0.769 0.487 0.792
0.462 0.778 0.485 0.792
0.448 0.774 0.481 0.811
0.435 0.769 0.487 0.792
0.451 0.759 0.490 0.792
0.437 0.788 0.486 0.792
0.445 0.769 0.488 0.792
0.454 0.774 0.482 0.792
0.448 0.783 0.487 0.792
0.448 0.802 0.489 0.792
0.427 0.769 0.481 0.792
0.442 0.788 0.482 0.792
0.449 0.792 0.477 0.792
0.467 0.778 0.479 0.830
0.445 0.783 0.479 0.811
0.457 0.769 0.493 0.792
0.459 0.774 0.481 0.811
0.443 0.797 0.480 0.811
0.443 0.783 0.490 0.792
0.447 0.769 0.488 0.792
0.441 0.774 0.486 0.811
0.441 0.788 0.490 0.792
0.473 0.778 0.496 0.811
0.450 0.783 0.478 0.830
0.441 0.769 0.481 0.792
0.446 0.788 0.492 0.792
0.440 0.788 0.489 0.792
0.462 0.769 0.477 0.830
0.463 0.792 0.475 0.830
0.453 0.783 0.483 0.792
0.441 0.778 0.482 0.830
0.444 0.778 0.489 0.811
0.444 0.774 0.500 0.792
0.430 0.783 0.494 0.792
0.443 0.769 0.494 0.792
0.451 0.778 0.489 0.792
0.445 0.774 0.492 0.792
0.458 0.778 0.511 0.792
0.451 0.778 0.491 0.792
0.475 0.774 0.483 0.792
0.439 0.774 0.479 0.792
0.457 0.774 0.486 0.792
0.442 0.788 0.489 0.792
0.446 0.778 0.488 0.792
0.434 0.792 0.484 0.792
0.465 0.774 0.481 0.811
0.437 0.792 0.486 0.792
0.443 0.774 0.500 0.792
0.440 0.788 0.493 0.792
0.439 0.778 0.491 0.792
0.446 0.792 0.494 0.792
0.435 0.778 0.489 0.792
0.442 0.783 0.494 0.792
0.440 0.778 0.494 0.792
0.481 0.792 0.488 0.792
0.438 0.783 0.483 0.811
0.432 0.783 0.482 0.792
0.441 0.769 0.479 0.811
0.443 0.797 0.481 0.811
0.441 0.783 0.493 0.792
0.445 0.778 0.505 0.792
0.482 0.764 0.496 0.792
0.460 0.769 0.487 0.774
0.438 0.802 0.482 0.811
0.435 0.792 0.486 0.830
0.441 0.792 0.495 0.792
0.450 0.769 0.493 0.811
0.444 0.755 0.484 0.811
0.446 0.764 0.481 0.792
0.435 0.778 0.479 0.811
0.441 0.807 0.482 0.811
0.440 0.783 0.497 0.792
0.443 0.797 0.497 0.774
0.447 0.783 0.495 0.792
0.445 0.769 0.484 0.792
0.445 0.783 0.480 0.792
0.449 0.774 0.495 0.792
0.444 0.783 0.481 0.811
0.428 0.774 0.481 0.811
0.429 0.792 0.484 0.792
0.445 0.778 0.490 0.792
0.442 0.778 0.488 0.792
0.461 0.783 0.488 0.792
0.472 0.778 0.484 0.792
0.437 0.788 0.486 0.792
0.444 0.769 0.488 0.792
0.440 0.778 0.481 0.792
0.455 0.778 0.477 0.811
0.456 0.769 0.478 0.811
0.445 0.769 0.490 0.792
0.435 0.764 0.489 0.792
0.434 0.778 0.475 0.830
0.446 0.778 0.474 0.830
0.440 0.792 0.486 0.792
0.441 0.764 0.493 0.792
0.432 0.778 0.490 0.792
0.450 0.769 0.482 0.811
0.438 0.774 0.491 0.792
0.442 0.778 0.492 0.792
0.441 0.778 0.484 0.792
0.445 0.783 0.481 0.792
0.470 0.788 0.484 0.792
0.436 0.778 0.505 0.792
0.450 0.788 0.497 0.792
0.445 0.778 0.484 0.792
0.455 0.783 0.486 0.792
0.444 0.792 0.482 0.792
0.428 0.778 0.486 0.792
0.440 0.774 0.490 0.792
0.448 0.778 0.495 0.792
0.446 0.788 0.488 0.792
0.444 0.783 0.492 0.792
0.431 0.783 0.486 0.792
0.436 0.778 0.487 0.792
0.426 0.774 0.487 0.792
0.455 0.788 0.485 0.830
0.433 0.797 0.494 0.792
0.445 0.764 0.486 0.792
0.446 0.774 0.482 0.792
0.439 0.783 0.485 0.811
0.452 0.774 0.486 0.811
0.442 0.788 0.483 0.830
0.438 0.788 0.488 0.792
0.446 0.788 0.488 0.792
0.440 0.774 0.485 0.792
0.444 0.788 0.489 0.792
0.453 0.769 0.490 0.811
0.445 0.769 0.492 0.811
0.453 0.788 0.492 0.811
0.436 0.774 0.486 0.811
0.443 0.792 0.498 0.792
0.434 0.774 0.494 0.792
0.447 0.774 0.499 0.792
0.435 0.774 0.496 0.792
0.456 0.797 0.492 0.811
0.421 0.783 0.487 0.811
0.436 0.774 0.489 0.792
0.438 0.778 0.488 0.811
0.441 0.774 0.488 0.811
0.437 0.788 0.491 0.792
0.431 0.778 0.496 0.792
0.456 0.769 0.500 0.792
0.432 0.783 0.495 0.792
0.442 0.778 0.496 0.792
0.434 0.792 0.495 0.792
0.445 0.769 0.492 0.792
0.439 0.778 0.485 0.811
0.441 0.774 0.487 0.811
0.447 0.778 0.489 0.792
0.445 0.778 0.494 0.792
0.451 0.769 0.489 0.811
0.443 0.788 0.493 0.792
0.439 0.792 0.495 0.792
0.440 0.788 0.498 0.792
0.439 0.778 0.497 0.792
0.428 0.783 0.487 0.792
0.441 0.792 0.484 0.792
0.452 0.783 0.486 0.792
0.448 0.774 0.483 0.792
0.433 0.778 0.484 0.811
0.428 0.774 0.486 0.792
0.441 0.769 0.490 0.792
0.436 0.783 0.486 0.792
0.447 0.764 0.486 0.792
0.442 0.792 0.485 0.811
0.440 0.778 0.486 0.792
0.451 0.783 0.493 0.792
0.438 0.788 0.490 0.792
0.449 0.764 0.489 0.792
0.429 0.792 0.494 0.792
0.434 0.788 0.493 0.792
0.424 0.788 0.497 0.792
0.434 0.788 0.494 0.792
0.429 0.769 0.499 0.792
0.456 0.783 0.496 0.792
0.439 0.778 0.495 0.792
0.428 0.797 0.491 0.792
0.447 0.788 0.492 0.792
0.429 0.778 0.491 0.792
0.451 0.788 0.487 0.811
0.438 0.783 0.488 0.792
0.442 0.792 0.491 0.792
0.431 0.788 0.489 0.792
0.456 0.778 0.490 0.792
0.440 0.797 0.489 0.792
0.436 0.788 0.488 0.792
0.441 0.783 0.486 0.811
0.445 0.783 0.486 0.792
0.434 0.783 0.491 0.792
0.450 0.788 0.493 0.792
0.437 0.792 0.494 0.792
0.423 0.783 0.487 0.811
0.435 0.778 0.487 0.811
0.433 0.778 0.484 0.811
0.440 0.792 0.485 0.811
0.443 0.783 0.485 0.811
0.430 0.783 0.485 0.811
0.440 0.769 0.485 0.811
0.444 0.797 0.493 0.792
0.456 0.783 0.492 0.792
0.437 0.778 0.489 0.792
0.436 0.774 0.481 0.811
0.428 0.797 0.477 0.811
0.439 0.783 0.482 0.792
0.447 0.788 0.494 0.792
0.433 0.792 0.484 0.811
0.452 0.778 0.487 0.811
0.447 0.797 0.486 0.811
0.440 0.788 0.484 0.811
0.431 0.769 0.494 0.792
0.428 0.788 0.487 0.792
0.457 0.778 0.492 0.792
0.430 0.792 0.487 0.811
0.459 0.783 0.493 0.811
0.432 0.783 0.494 0.792
0.432 0.807 0.487 0.811
0.445 0.788 0.488 0.811
0.431 0.788 0.486 0.792
0.446 0.769 0.490 0.792
0.419 0.797 0.486 0.792
0.420 0.778 0.483 0.792
0.462 0.774 0.483 0.811
0.433 0.788 0.480 0.811
0.445 0.783 0.485 0.811
0.450 0.774 0.480 0.811
0.428 0.769 0.481 0.830
0.419 0.788 0.481 0.811
0.425 0.807 0.487 0.792
0.451 0.788 0.487 0.792
0.466 0.778 0.488 0.792
0.438 0.788 0.489 0.811
0.440 0.778 0.490 0.792
0.448 0.778 0.490 0.792
0.445 0.778 0.489 0.792
0.416 0.792 0.485 0.811
0.433 0.769 0.488 0.811
0.437 0.788 0.488 0.811
0.437 0.778 0.490 0.792
0.431 0.792 0.491 0.792
0.458 0.774 0.491 0.811
0.438 0.783 0.487 0.811
0.450 0.778 0.489 0.792
0.438 0.783 0.488 0.792
0.426 0.778 0.492 0.792
0.441 0.774 0.487 0.811
0.439 0.778 0.486 0.811
0.451 0.783 0.483 0.811
0.435 0.778 0.483 0.811
0.440 0.797 0.487 0.792
0.438 0.783 0.491 0.792
0.446 0.769 0.490 0.792
0.442 0.774 0.490 0.792
0.430 0.778 0.489 0.811
0.438 0.774 0.495 0.792
0.446 0.788 0.492 0.792
0.425 0.783 0.488 0.792
0.444 0.774 0.485 0.811
0.440 0.778 0.485 0.811
0.437 0.792 0.484 0.811
0.432 0.788 0.490 0.792
0.436 0.792 0.490 0.792
0.437 0.783 0.493 0.792
0.432 0.783 0.488 0.811
0.441 0.774 0.492 0.811
0.436 0.788 0.486 0.811
0.440 0.778 0.484 0.811
0.438 0.774 0.484 0.811
0.443 0.783 0.486 0.792
0.432 0.774 0.486 0.811
0.437 0.774 0.489 0.811
0.438 0.774 0.486 0.811
0.428 0.788 0.487 0.811
0.446 0.783 0.492 0.792
0.447 0.788 0.487 0.811
0.438 0.769 0.484 0.811
0.433 0.778 0.484 0.811
0.439 0.778 0.489 0.811
0.443 0.774 0.493 0.811
0.445 0.792 0.494 0.792
0.441 0.783 0.492 0.811
0.440 0.774 0.492 0.792
0.451 0.764 0.490 0.792
0.438 0.783 0.490 0.792
0.430 0.778 0.488 0.811
0.425 0.792 0.487 0.811
0.441 0.792 0.487 0.811
0.432 0.783 0.491 0.792
0.452 0.778 0.492 0.792
0.432 0.774 0.484 0.811
0.431 0.788 0.484 0.811
0.446 0.769 0.487 0.811
0.449 0.774 0.492 0.792
0.434 0.774 0.488 0.811
0.445 0.778 0.490 0.811
0.445 0.788 0.492 0.792
0.423 0.783 0.489 0.792
0.444 0.764 0.489 0.792
0.449 0.764 0.484 0.811
0.453 0.788 0.488 0.792
0.430 0.792 0.489 0.792
0.438 0.774 0.491 0.792
0.446 0.774 0.489 0.792
0.430 0.778 0.486 0.811
0.429 0.788 0.488 0.792
0.440 0.774 0.494 0.792
0.422 0.778 0.492 0.792
0.435 0.778 0.491 0.792
0.454 0.788 0.489 0.792
0.444 0.792 0.485 0.811
0.438 0.778 0.486 0.792
0.441 0.783 0.487 0.811
0.440 0.788 0.486 0.811
0.447 0.783 0.486 0.811
0.453 0.783 0.488 0.792
0.441 0.769 0.495 0.792
0.451 0.764 0.497 0.792
0.419 0.788 0.491 0.792
0.453 0.778 0.493 0.792
0.440 0.783 0.492 0.811
0.426 0.797 0.491 0.811
0.437 0.783 0.491 0.792
0.432 0.778 0.489 0.792
0.462 0.788 0.487 0.792
0.422 0.792 0.489 0.792
0.437 0.788 0.491 0.811
0.422 0.778 0.491 0.792
0.448 0.778 0.493 0.792
0.427 0.774 0.491 0.792
0.435 0.778 0.489 0.792
0.435 0.792 0.483 0.811
0.431 0.778 0.481 0.811
0.445 0.783 0.485 0.811
0.440 0.783 0.491 0.792
0.449 0.783 0.492 0.792
0.435 0.774 0.494 0.792
0.431 0.774 0.493 0.792
0.432 0.788 0.491 0.792
0.427 0.764 0.490 0.792
0.457 0.778 0.489 0.792
0.442 0.774 0.490 0.792
0.439 0.774 0.498 0.792
0.432 0.788 0.493 0.792
0.429 0.764 0.490 0.792
0.443 0.783 0.489 0.792
0.452 0.774 0.491 0.792
0.419 0.778 0.490 0.792
0.438 0.783 0.493 0.792
0.439 0.778 0.493 0.792
0.445 0.778 0.491 0.792
0.432 0.792 0.491 0.792
0.440 0.783 0.491 0.792
0.437 0.783 0.490 0.792
0.445 0.778 0.488 0.792
0.447 0.792 0.491 0.792
0.433 0.788 0.490 0.792
0.438 0.783 0.489 0.792
0.446 0.788 0.489 0.792
0.435 0.792 0.489 0.792
0.446 0.792 0.491 0.792
0.456 0.774 0.491 0.792
0.425 0.774 0.488 0.792
0.437 0.792 0.489 0.792
0.444 0.788 0.489 0.792
0.445 0.769 0.488 0.792
0.437 0.769 0.489 0.792
0.443 0.783 0.489 0.792
0.434 0.788 0.490 0.792
0.438 0.774 0.492 0.792
0.437 0.783 0.491 0.792
0.450 0.788 0.492 0.792
0.440 0.764 0.490 0.792
0.431 0.797 0.489 0.792
0.414 0.778 0.489 0.811
0.438 0.802 0.490 0.792
0.437 0.774 0.489 0.792
0.440 0.778 0.488 0.792
0.437 0.788 0.490 0.792
0.428 0.778 0.493 0.811
0.450 0.774 0.496 0.792
0.445 0.783 0.495 0.792
0.440 0.769 0.493 0.792
0.444 0.774 0.489 0.792
0.432 0.783 0.487 0.811
0.468 0.774 0.489 0.811
0.439 0.778 0.489 0.811
0.427 0.792 0.489 0.811
0.429 0.783 0.490 0.811
0.425 0.778 0.491 0.811
0.439 0.778 0.488 0.811
0.435 0.783 0.488 0.792
0.432 0.774 0.487 0.811
0.443 0.778 0.489 0.792
0.435 0.778 0.490 0.792
0.444 0.788 0.488 0.792
0.437 0.792 0.489 0.792
0.465 0.792 0.491 0.792
0.437 0.778 0.491 0.792
0.440 0.774 0.492 0.811
0.439 0.788 0.490 0.811
0.439 0.783 0.493 0.792
0.440 0.783 0.488 0.811
0.432 0.778 0.487 0.811
0.416 0.769 0.486 0.792
0.436 0.774 0.487 0.792
0.447 0.774 0.487 0.792
0.447 0.783 0.488 0.792
0.424 0.788 0.489 0.811
0.439 0.788 0.490 0.811
0.447 0.792 0.493 0.792
0.466 0.769 0.491 0.811
0.446 0.769 0.490 0.792
0.427 0.778 0.492 0.792
0.444 0.764 0.496 0.792
0.428 0.764 0.493 0.792
0.425 0.788 0.494 0.792
0.443 0.769 0.496 0.792
0.425 0.788 0.491 0.792
0.436 0.778 0.492 0.792
0.438 0.783 0.493 0.792
0.436 0.774 0.493 0.792
0.452 0.783 0.490 0.792
0.430 0.778 0.489 0.792
0.436 0.769 0.488 0.792
0.451 0.759 0.488 0.811
0.440 0.783 0.494 0.811
0.436 0.778 0.493 0.792
0.428 0.783 0.493 0.792
0.426 0.783 0.493 0.792
0.409 0.783 0.491 0.811
0.454 0.778 0.491 0.811
0.439 0.792 0.489 0.811
0.437 0.783 0.490 0.792
0.438 0.778 0.489 0.792
0.463 0.788 0.488 0.792
0.424 0.783 0.490 0.792
0.454 0.769 0.490 0.792
0.429 0.792 0.490 0.792
0.436 0.783 0.490 0.792
0.436 0.774 0.490 0.792
0.440 0.797 0.490 0.792
0.446 0.778 0.489 0.792
0.436 0.778 0.488 0.792
0.449 0.764 0.487 0.811
0.436 0.764 0.488 0.811
0.426 0.769 0.486 0.811
0.438 0.788 0.487 0.811
0.428 0.769 0.487 0.811
0.457 0.783 0.489 0.792
0.435 0.774 0.490 0.792
0.452 0.788 0.491 0.792
0.426 0.774 0.491 0.792
0.453 0.788 0.489 0.792
0.434 0.778 0.486 0.792
0.453 0.788 0.486 0.811
0.441 0.783 0.490 0.792
0.425 0.783 0.492 0.792
0.441 0.788 0.497 0.792
0.436 0.769 0.493 0.792
0.431 0.774 0.492 0.792
0.451 0.774 0.490 0.792
0.437 0.792 0.490 0.811
0.438 0.774 0.491 0.811
0.432 0.797 0.490 0.811
0.444 0.778 0.490 0.811
0.435 0.783 0.491 0.792
0.429 0.783 0.492 0.792
0.435 0.774 0.492 0.792
0.436 0.783 0.491 0.811
0.429 0.783 0.491 0.811
0.436 0.788 0.493 0.792
0.430 0.778 0.491 0.811
0.440 0.788 0.491 0.811
0.435 0.783 0.491 0.811
0.450 0.774 0.492 0.792
0.423 0.778 0.490 0.811
0.433 0.783 0.491 0.811
0.439 0.774 0.487 0.811
0.434 0.783 0.488 0.811
0.445 0.778 0.488 0.811
0.448 0.788 0.489 0.792
0.447 0.783 0.490 0.792
0.435 0.778 0.488 0.792
0.421 0.778 0.489 0.792
0.435 0.774 0.490 0.792
0.445 0.774 0.489 0.792
0.442 0.774 0.488 0.792
0.439 0.769 0.491 0.792
0.442 0.774 0.490 0.792
0.433 0.778 0.492 0.792
0.442 0.783 0.490 0.811
0.434 0.783 0.488 0.811
0.440 0.774 0.488 0.811
0.437 0.783 0.487 0.811
0.440 0.778 0.488 0.792
0.426 0.788 0.489 0.792
0.463 0.778 0.489 0.792
0.423 0.778 0.490 0.811
0.455 0.788 0.492 0.792
0.448 0.764 0.488 0.811
0.437 0.774 0.489 0.811
0.445 0.778 0.489 0.811
0.442 0.764 0.491 0.792
0.432 0.774 0.490 0.792
0.415 0.774 0.491 0.792
0.437 0.774 0.492 0.792
0.436 0.769 0.491 0.792
0.427 0.774 0.488 0.792
0.447 0.778 0.488 0.811
0.440 0.788 0.487 0.792
0.421 0.783 0.489 0.811
0.417 0.788 0.488 0.811
0.428 0.788 0.489 0.792
0.433 0.778 0.490 0.792
0.435 0.774 0.488 0.811
0.435 0.783 0.486 0.811
0.433 0.778 0.487 0.811
0.444 0.778 0.487 0.811
0.440 0.778 0.488 0.811
0.448 0.788 0.489 0.811
0.455 0.788 0.489 0.811
0.429 0.774 0.490 0.811
0.419 0.783 0.489 0.811
0.430 0.783 0.487 0.811
0.439 0.783 0.486 0.811
0.429 0.788 0.486 0.792
0.437 0.788 0.485 0.792
0.441 0.788 0.485 0.792
0.425 0.792 0.486 0.811
0.439 0.778 0.488 0.811
0.444 0.783 0.491 0.811
0.446 0.792 0.492 0.792
0.430 0.788 0.492 0.811
0.444 0.774 0.494 0.792
0.443 0.797 0.493 0.792
0.441 0.764 0.490 0.811
0.440 0.783 0.489 0.792
0.445 0.788 0.487 0.811
0.425 0.788 0.490 0.792
0.434 0.788 0.490 0.792
0.438 0.778 0.491 0.792
0.409 0.769 0.490 0.792
0.439 0.764 0.490 0.792
0.442 0.792 0.490 0.792
0.431 0.778 0.490 0.792
0.428 0.783 0.491 0.792
0.446 0.774 0.492 0.792
0.441 0.778 0.491 0.792
0.433 0.759 0.491 0.792
0.447 0.769 0.491 0.792
0.430 0.764 0.489 0.792
0.438 0.769 0.487 0.792
0.434 0.774 0.487 0.811
0.439 0.778 0.489 0.792
0.426 0.774 0.487 0.811
0.442 0.788 0.488 0.811
0.434 0.774 0.488 0.811
0.433 0.778 0.487 0.811
0.446 0.783 0.490 0.792
0.429 0.769 0.488 0.792
0.429 0.778 0.489 0.792
0.436 0.778 0.488 0.792
0.429 0.788 0.489 0.792
0.456 0.769 0.489 0.792
0.426 0.783 0.489 0.792
0.425 0.792 0.491 0.792
0.442 0.788 0.491 0.792
0.439 0.778 0.491 0.792
0.458 0.778 0.491 0.792
0.437 0.783 0.489 0.792
0.441 0.774 0.488 0.792
0.434 0.774 0.488 0.811
0.441 0.783 0.488 0.811
0.433 0.788 0.489 0.792
0.437 0.778 0.490 0.792
0.438 0.783 0.489 0.792
0.433 0.788 0.488 0.792
0.431 0.774 0.487 0.792
0.456 0.783 0.485 0.792
0.438 0.778 0.486 0.811
0.434 0.788 0.486 0.811
0.451 0.778 0.487 0.792
0.426 0.774 0.489 0.792
0.431 0.788 0.491 0.792
0.441 0.778 0.493 0.792
0.430 0.774 0.493 0.792
0.449 0.778 0.493 0.792
0.429 0.778 0.490 0.792
0.418 0.774 0.489 0.811
0.448 0.783 0.489 0.811
0.427 0.788 0.488 0.792
0.440 0.788 0.488 0.792
0.426 0.769 0.487 0.792
0.439 0.778 0.489 0.792
0.444 0.778 0.489 0.792
0.427 0.788 0.489 0.792
0.443 0.778 0.489 0.792
0.424 0.783 0.488 0.811
0.445 0.778 0.489 0.811
0.429 0.783 0.489 0.811
0.467 0.774 0.488 0.811
0.423 0.774 0.488 0.811
0.437 0.769 0.488 0.792
0.423 0.778 0.487 0.811
0.432 0.783 0.487 0.811
0.444 0.774 0.487 0.811
0.458 0.774 0.487 0.811
0.446 0.764 0.487 0.792
0.429 0.783 0.489 0.792
0.457 0.774 0.490 0.792
0.435 0.769 0.491 0.792
0.441 0.792 0.491 0.792
0.430 0.788 0.492 0.792
0.439 0.783 0.491 0.811
0.432 0.788 0.491 0.811
0.442 0.783 0.489 0.811
0.436 0.778 0.489 0.811
0.443 0.783 0.489 0.792
0.447 0.774 0.488 0.792
0.432 0.759 0.486 0.792
0.437 0.788 0.487 0.792
0.442 0.778 0.486 0.811
0.453 0.783 0.487 0.811
0.423 0.783 0.488 0.811
0.430 0.778 0.488 0.811
0.442 0.783 0.490 0.792
0.448 0.774 0.487 0.811
0.431 0.783 0.487 0.792
0.444 0.788 0.487 0.792
0.443 0.788 0.488 0.792
0.433 0.778 0.487 0.811
0.438 0.788 0.489 0.792
