4.462 0.491 1.917 0.585
1.741 0.575 2.605 0.623
4.462 0.491 1.917 0.585
1.741 0.575 2.605 0.623
2.053 0.575 2.002 0.623
1.396 0.575 0.911 0.642
0.887 0.613 1.106 0.415
0.918 0.509 0.873 0.755
0.729 0.750 1.117 0.679
0.783 0.726 1.093 0.698
0.808 0.693 0.893 0.755
0.711 0.684 0.733 0.585
0.696 0.557 0.600 0.698
0.606 0.708 0.705 0.717
0.600 0.741 0.679 0.717
0.590 0.755 0.678 0.774
0.591 0.736 0.663 0.792
0.577 0.764 0.642 0.774
0.548 0.783 0.613 0.736
0.555 0.759 0.598 0.736
0.530 0.769 0.575 0.717
0.539 0.759 0.580 0.755
0.537 0.741 0.592 0.774
0.523 0.774 0.605 0.736
0.511 0.792 0.613 0.755
0.513 0.802 0.612 0.774
0.535 0.788 0.611 0.774
0.520 0.783 0.611 0.774
0.520 0.792 0.638 0.736
0.521 0.807 0.630 0.755
0.494 0.797 0.613 0.774
0.508 0.778 0.617 0.774
0.497 0.764 0.625 0.774
0.502 0.792 0.630 0.774
0.493 0.783 0.630 0.792
0.502 0.792 0.639 0.774
0.498 0.797 0.631 0.774
0.503 0.774 0.622 0.774
0.486 0.778 0.620 0.792
0.504 0.774 0.627 0.792
0.492 0.778 0.620 0.792
0.498 0.792 0.623 0.774
0.511 0.783 0.614 0.792
0.497 0.788 0.611 0.792
0.494 0.755 0.619 0.792
0.496 0.797 0.639 0.755
0.492 0.783 0.626 0.792
0.488 0.778 0.624 0.792
0.494 0.769 0.616 0.774
0.485 0.774 0.631 0.774
0.481 0.778 0.630 0.792
0.490 0.778 0.628 0.774
0.470 0.792 0.627 0.774
0.497 0.774 0.627 0.774
0.491 0.774 0.616 0.792
0.492 0.778 0.611 0.792
0.487 0.774 0.618 0.774
0.501 0.769 0.619 0.774
0.477 0.778 0.624 0.774
0.484 0.759 0.634 0.774
0.494 0.774 0.618 0.774
0.499 0.755 0.614 0.774
0.485 0.792 0.631 0.792
0.478 0.774 0.634 0.774
0.482 0.769 0.618 0.792
0.495 0.788 0.611 0.792
0.498 0.802 0.606 0.774
0.480 0.778 0.605 0.792
0.482 0.759 0.604 0.774
0.494 0.774 0.607 0.774
0.485 0.769 0.611 0.774
0.478 0.792 0.614 0.774
0.466 0.788 0.601 0.774
0.487 0.778 0.609 0.774
0.471 0.759 0.606 0.792
0.486 0.783 0.613 0.792
0.466 0.783 0.603 0.774
0.476 0.788 0.603 0.774
0.477 0.783 0.596 0.774
0.477 0.788 0.600 0.774
0.482 0.778 0.609 0.755
0.491 0.788 0.587 0.774
0.461 0.783 0.584 0.774
0.477 0.792 0.608 0.755
0.455 0.792 0.595 0.792
0.471 0.764 0.604 0.774
0.474 0.778 0.604 0.755
0.474 0.769 0.590 0.755
0.478 0.778 0.590 0.774
0.463 0.778 0.595 0.774
0.484 0.792 0.616 0.736
0.461 0.792 0.578 0.792
0.446 0.792 0.577 0.774
0.451 0.802 0.596 0.755
0.495 0.783 0.612 0.755
0.481 0.792 0.570 0.774
0.459 0.797 0.566 0.792
0.473 0.792 0.572 0.774
0.460 0.774 0.561 0.774
0.465 0.783 0.557 0.792
0.475 0.797 0.589 0.774
0.485 0.802 0.583 0.755
0.461 0.802 0.554 0.774
0.462 0.792 0.553 0.774
0.454 0.788 0.568 0.774
0.451 0.807 0.584 0.755
0.455 0.807 0.566 0.792
0.454 0.797 0.551 0.792
0.458 0.802 0.557 0.792
0.466 0.802 0.560 0.792
0.452 0.807 0.547 0.792
0.456 0.811 0.547 0.774
0.445 0.788 0.546 0.792
0.483 0.788 0.557 0.774
0.451 0.797 0.552 0.774
0.461 0.797 0.547 0.792
0.459 0.788 0.547 0.792
0.452 0.783 0.557 0.755
0.455 0.807 0.562 0.774
0.460 0.802 0.547 0.774
0.452 0.830 0.548 0.792
0.459 0.807 0.555 0.774
0.470 0.830 0.558 0.774
0.457 0.802 0.540 0.792
0.453 0.797 0.551 0.792
0.435 0.797 0.555 0.774
0.457 0.816 0.554 0.774
0.453 0.778 0.541 0.774
0.458 0.807 0.553 0.774
0.459 0.811 0.551 0.774
0.450 0.821 0.547 0.774
0.451 0.788 0.536 0.755
0.442 0.778 0.537 0.792
0.457 0.807 0.565 0.755
0.440 0.816 0.557 0.792
0.449 0.821 0.566 0.774
0.456 0.807 0.564 0.792
0.438 0.811 0.565 0.774
0.436 0.802 0.570 0.736
0.447 0.816 0.567 0.736
0.443 0.811 0.557 0.755
0.454 0.811 0.561 0.774
0.453 0.816 0.547 0.774
0.462 0.821 0.542 0.792
0.471 0.774 0.542 0.774
0.446 0.825 0.556 0.774
0.440 0.811 0.554 0.792
0.439 0.811 0.540 0.792
0.440 0.811 0.558 0.774
0.444 0.821 0.582 0.774
0.451 0.821 0.556 0.774
0.432 0.802 0.547 0.792
0.441 0.821 0.554 0.792
0.447 0.816 0.561 0.755
0.441 0.825 0.557 0.755
0.442 0.807 0.537 0.792
0.461 0.788 0.544 0.792
0.426 0.807 0.558 0.792
0.447 0.816 0.585 0.774
0.434 0.816 0.566 0.792
0.442 0.816 0.553 0.792
0.437 0.825 0.553 0.792
0.433 0.816 0.547 0.792
0.426 0.821 0.549 0.811
0.427 0.821 0.556 0.774
0.446 0.816 0.561 0.774
0.444 0.797 0.557 0.717
0.423 0.802 0.552 0.774
0.438 0.811 0.564 0.755
0.447 0.816 0.551 0.792
0.457 0.821 0.550 0.792
0.439 0.821 0.546 0.792
0.446 0.816 0.550 0.774
0.428 0.797 0.547 0.811
0.432 0.825 0.551 0.811
0.436 0.821 0.563 0.792
0.440 0.821 0.547 0.774
0.444 0.807 0.545 0.774
0.457 0.788 0.541 0.774
0.464 0.816 0.549 0.755
0.439 0.807 0.524 0.811
0.459 0.825 0.551 0.774
0.435 0.830 0.539 0.792
0.454 0.807 0.544 0.792
0.470 0.788 0.552 0.792
0.450 0.807 0.591 0.755
0.436 0.821 0.556 0.792
0.426 0.821 0.551 0.792
0.438 0.816 0.563 0.792
0.432 0.816 0.576 0.755
0.451 0.807 0.566 0.774
4.462 0.491 1.917 0.585
1.741 0.575 2.605 0.623
2.053 0.575 2.002 0.623
1.396 0.575 0.911 0.642
0.887 0.613 1.106 0.415
0.918 0.509 0.873 0.755
0.729 0.750 1.117 0.679
0.783 0.726 1.093 0.698
0.808 0.693 0.893 0.755
0.711 0.684 0.733 0.585
0.696 0.557 0.600 0.698
0.606 0.708 0.705 0.717
0.600 0.741 0.679 0.717
0.590 0.755 0.678 0.774
0.591 0.736 0.663 0.792
0.577 0.764 0.642 0.774
0.548 0.783 0.613 0.736
0.555 0.759 0.598 0.736
0.530 0.769 0.575 0.717
0.539 0.759 0.580 0.755
0.537 0.741 0.592 0.774
0.523 0.774 0.605 0.736
0.511 0.792 0.613 0.755
0.513 0.802 0.612 0.774
0.535 0.788 0.611 0.774
0.520 0.783 0.611 0.774
0.520 0.792 0.638 0.736
0.521 0.807 0.630 0.755
0.494 0.797 0.613 0.774
0.508 0.778 0.617 0.774
0.497 0.764 0.625 0.774
0.502 0.792 0.630 0.774
0.493 0.783 0.630 0.792
0.502 0.792 0.639 0.774
0.498 0.797 0.631 0.774
0.503 0.774 0.622 0.774
0.486 0.778 0.620 0.792
0.504 0.774 0.628 0.792
0.492 0.774 0.620 0.792
0.498 0.792 0.623 0.774
0.511 0.783 0.614 0.792
0.497 0.788 0.611 0.792
0.494 0.759 0.619 0.792
0.496 0.797 0.640 0.755
0.492 0.783 0.626 0.792
0.488 0.778 0.624 0.792
0.494 0.769 0.616 0.774
0.485 0.774 0.631 0.774
0.481 0.778 0.630 0.792
0.490 0.778 0.628 0.774
0.470 0.788 0.627 0.774
0.497 0.778 0.627 0.774
0.491 0.774 0.616 0.792
0.492 0.769 0.611 0.792
0.486 0.774 0.617 0.774
0.500 0.769 0.620 0.774
0.477 0.778 0.626 0.774
0.484 0.759 0.635 0.774
0.494 0.774 0.620 0.774
0.499 0.764 0.616 0.774
0.485 0.792 0.636 0.774
0.478 0.774 0.638 0.774
0.480 0.769 0.621 0.774
0.492 0.792 0.613 0.774
0.495 0.802 0.611 0.774
0.479 0.778 0.609 0.792
0.483 0.769 0.606 0.774
0.495 0.769 0.606 0.774
0.486 0.769 0.611 0.774
0.478 0.797 0.615 0.774
0.467 0.792 0.602 0.774
0.487 0.788 0.608 0.774
0.472 0.759 0.605 0.792
0.488 0.778 0.613 0.792
0.467 0.783 0.603 0.774
0.477 0.788 0.604 0.774
0.477 0.783 0.598 0.774
0.477 0.792 0.602 0.792
0.482 0.778 0.611 0.755
0.491 0.788 0.588 0.774
0.461 0.783 0.583 0.774
0.478 0.792 0.603 0.755
0.457 0.792 0.588 0.792
0.472 0.764 0.598 0.774
0.473 0.783 0.595 0.755
0.473 0.783 0.582 0.774
0.477 0.769 0.583 0.774
0.463 0.778 0.588 0.774
0.482 0.802 0.610 0.736
0.460 0.792 0.578 0.792
0.445 0.792 0.585 0.774
0.451 0.802 0.601 0.774
0.490 0.792 0.618 0.755
0.479 0.797 0.576 0.774
0.458 0.792 0.568 0.792
0.472 0.788 0.569 0.774
0.459 0.764 0.559 0.792
0.464 0.788 0.555 0.792
0.473 0.797 0.588 0.774
0.485 0.802 0.579 0.774
0.461 0.807 0.547 0.792
0.464 0.797 0.547 0.792
0.454 0.788 0.565 0.774
0.451 0.807 0.586 0.755
0.456 0.807 0.569 0.774
0.452 0.797 0.551 0.792
0.457 0.802 0.557 0.755
0.465 0.792 0.559 0.792
0.451 0.811 0.549 0.792
0.455 0.816 0.552 0.774
0.443 0.792 0.550 0.774
0.481 0.792 0.560 0.774
0.450 0.802 0.552 0.774
0.460 0.802 0.548 0.792
0.460 0.792 0.548 0.792
0.451 0.792 0.559 0.755
0.455 0.811 0.565 0.774
0.460 0.797 0.550 0.792
0.449 0.821 0.550 0.792
0.458 0.802 0.558 0.792
0.469 0.835 0.562 0.774
0.458 0.797 0.544 0.792
0.453 0.788 0.557 0.792
0.433 0.797 0.564 0.774
0.456 0.816 0.564 0.774
0.451 0.778 0.550 0.774
0.457 0.802 0.561 0.774
0.458 0.811 0.557 0.774
0.448 0.821 0.552 0.774
0.450 0.802 0.541 0.755
0.442 0.778 0.542 0.792
0.458 0.807 0.570 0.755
0.441 0.816 0.560 0.792
0.449 0.825 0.570 0.774
0.456 0.807 0.567 0.774
0.437 0.816 0.568 0.774
0.435 0.807 0.573 0.736
0.447 0.811 0.572 0.736
0.444 0.811 0.563 0.755
0.454 0.807 0.567 0.774
0.453 0.811 0.554 0.774
0.462 0.816 0.548 0.774
0.471 0.769 0.548 0.774
0.446 0.816 0.559 0.774
0.441 0.811 0.557 0.774
0.440 0.807 0.541 0.792
0.443 0.816 0.557 0.774
0.444 0.825 0.582 0.755
0.451 0.821 0.559 0.774
0.432 0.802 0.550 0.792
0.441 0.816 0.555 0.774
0.447 0.811 0.562 0.755
0.441 0.835 0.560 0.755
0.441 0.811 0.539 0.774
0.460 0.788 0.544 0.792
0.428 0.807 0.557 0.792
0.448 0.802 0.586 0.774
0.434 0.811 0.572 0.774
0.441 0.807 0.558 0.811
0.438 0.816 0.556 0.792
0.433 0.816 0.546 0.774
0.427 0.816 0.544 0.792
0.427 0.811 0.557 0.755
0.446 0.821 0.569 0.755
0.445 0.797 0.565 0.717
0.421 0.802 0.560 0.755
0.438 0.816 0.572 0.755
0.446 0.821 0.558 0.774
0.459 0.821 0.555 0.792
0.441 0.816 0.551 0.792
0.446 0.816 0.554 0.774
0.427 0.802 0.550 0.792
0.431 0.821 0.557 0.792
0.437 0.821 0.569 0.792
0.441 0.825 0.552 0.774
0.445 0.807 0.548 0.774
0.456 0.788 0.544 0.774
0.467 0.811 0.552 0.755
0.439 0.807 0.523 0.811
0.460 0.830 0.550 0.774
0.435 0.825 0.543 0.792
0.455 0.811 0.549 0.811
0.469 0.788 0.555 0.811
0.449 0.807 0.587 0.774
0.436 0.821 0.558 0.792
0.429 0.811 0.550 0.830
0.437 0.816 0.558 0.774
0.434 0.816 0.576 0.736
0.453 0.797 0.570 0.774
0.439 0.816 0.555 0.811
0.447 0.816 0.544 0.811
0.456 0.811 0.564 0.755
0.427 0.797 0.543 0.755
0.432 0.807 0.562 0.755
0.444 0.825 0.558 0.792
0.438 0.825 0.554 0.774
0.439 0.788 0.561 0.774
0.461 0.797 0.572 0.755
0.435 0.830 0.560 0.792
0.440 0.821 0.545 0.830
0.438 0.802 0.534 0.811
0.424 0.821 0.537 0.811
0.428 0.825 0.545 0.811
0.442 0.811 0.547 0.792
0.436 0.811 0.548 0.792
0.428 0.825 0.545 0.755
0.457 0.811 0.549 0.755
0.441 0.821 0.533 0.755
0.439 0.811 0.524 0.792
0.440 0.821 0.538 0.774
0.434 0.821 0.535 0.774
0.431 0.821 0.527 0.792
0.443 0.811 0.527 0.811
0.421 0.821 0.547 0.774
0.426 0.830 0.568 0.755
0.430 0.825 0.544 0.755
0.450 0.816 0.519 0.811
0.430 0.811 0.522 0.811
0.437 0.821 0.545 0.774
0.423 0.821 0.552 0.755
0.434 0.816 0.541 0.792
0.441 0.811 0.528 0.811
0.422 0.825 0.527 0.811
0.430 0.816 0.528 0.811
0.439 0.807 0.530 0.811
0.444 0.821 0.525 0.811
0.437 0.816 0.531 0.774
0.445 0.811 0.532 0.792
0.441 0.807 0.539 0.792
0.424 0.821 0.537 0.811
0.438 0.821 0.549 0.774
0.436 0.825 0.552 0.774
0.442 0.825 0.539 0.792
0.442 0.811 0.529 0.830
0.430 0.825 0.538 0.792
0.445 0.816 0.528 0.811
0.434 0.821 0.519 0.811
0.440 0.807 0.520 0.830
0.430 0.811 0.523 0.811
0.418 0.816 0.527 0.811
0.417 0.830 0.543 0.774
0.456 0.821 0.557 0.774
0.425 0.830 0.527 0.811
0.430 0.825 0.519 0.830
0.446 0.802 0.534 0.792
0.456 0.835 0.574 0.755
0.447 0.816 0.525 0.792
0.435 0.830 0.505 0.830
0.433 0.821 0.511 0.811
0.440 0.825 0.515 0.811
0.424 0.835 0.518 0.830
0.438 0.825 0.522 0.811
0.434 0.802 0.523 0.755
0.423 0.825 0.540 0.755
0.429 0.811 0.538 0.755
0.425 0.830 0.555 0.755
0.443 0.821 0.544 0.755
0.423 0.825 0.524 0.774
0.436 0.825 0.528 0.755
0.428 0.825 0.521 0.774
0.428 0.835 0.518 0.774
0.423 0.825 0.516 0.774
0.402 0.840 0.533 0.774
0.430 0.830 0.535 0.774
0.416 0.821 0.528 0.755
0.430 0.830 0.550 0.755
0.427 0.821 0.538 0.755
0.430 0.825 0.532 0.755
0.424 0.825 0.512 0.811
0.433 0.821 0.530 0.811
0.428 0.835 0.532 0.811
0.430 0.821 0.520 0.830
0.434 0.821 0.515 0.811
0.436 0.811 0.508 0.811
0.443 0.825 0.522 0.811
0.427 0.844 0.519 0.811
0.416 0.830 0.518 0.811
0.425 0.797 0.544 0.755
0.433 0.821 0.549 0.755
0.418 0.835 0.524 0.811
0.438 0.825 0.528 0.811
0.423 0.835 0.523 0.811
0.431 0.830 0.516 0.811
0.434 0.811 0.520 0.792
0.449 0.821 0.570 0.774
0.429 0.835 0.533 0.792
0.427 0.825 0.516 0.774
0.419 0.807 0.511 0.811
0.419 0.807 0.532 0.755
0.428 0.835 0.547 0.755
0.434 0.830 0.522 0.774
0.422 0.807 0.507 0.811
0.417 0.821 0.517 0.811
0.409 0.830 0.526 0.811
0.428 0.830 0.531 0.774
0.420 0.816 0.522 0.755
0.421 0.825 0.526 0.755
0.423 0.821 0.519 0.792
0.443 0.840 0.525 0.811
0.417 0.835 0.506 0.811
0.416 0.840 0.494 0.811
0.430 0.821 0.497 0.811
0.425 0.821 0.505 0.811
0.414 0.821 0.522 0.774
0.422 0.825 0.518 0.774
0.422 0.816 0.534 0.755
0.427 0.849 0.528 0.755
0.419 0.844 0.508 0.811
0.436 0.816 0.501 0.811
0.433 0.825 0.509 0.811
0.421 0.835 0.511 0.811
0.419 0.840 0.504 0.811
0.424 0.840 0.505 0.811
0.426 0.830 0.509 0.811
0.433 0.821 0.523 0.755
0.414 0.830 0.512 0.755
0.411 0.835 0.519 0.755
0.409 0.830 0.525 0.755
0.411 0.844 0.505 0.774
0.414 0.835 0.507 0.774
0.417 0.840 0.515 0.774
0.414 0.830 0.515 0.774
0.415 0.835 0.511 0.774
0.420 0.830 0.521 0.774
0.416 0.821 0.511 0.774
0.420 0.811 0.522 0.755
0.402 0.844 0.532 0.755
0.425 0.830 0.532 0.774
0.422 0.821 0.500 0.811
0.423 0.825 0.501 0.792
0.424 0.821 0.529 0.774
0.427 0.821 0.522 0.755
0.432 0.811 0.503 0.792
0.423 0.825 0.487 0.830
0.420 0.821 0.502 0.792
0.403 0.840 0.526 0.774
0.431 0.835 0.522 0.792
0.412 0.840 0.493 0.811
0.417 0.825 0.496 0.811
0.425 0.835 0.527 0.755
0.409 0.844 0.511 0.774
0.424 0.830 0.513 0.792
0.427 0.816 0.496 0.792
0.413 0.830 0.505 0.811
0.408 0.840 0.509 0.792
0.408 0.830 0.521 0.755
0.407 0.825 0.501 0.792
0.419 0.840 0.506 0.774
0.428 0.830 0.524 0.755
0.436 0.830 0.516 0.774
0.418 0.840 0.501 0.774
0.429 0.825 0.490 0.811
0.416 0.840 0.492 0.811
0.425 0.840 0.507 0.811
0.417 0.835 0.499 0.811
0.412 0.844 0.489 0.830
0.417 0.844 0.498 0.811
0.422 0.844 0.515 0.774
0.430 0.835 0.505 0.811
0.415 0.849 0.486 0.830
0.424 0.835 0.486 0.830
0.408 0.830 0.498 0.811
0.427 0.840 0.504 0.774
0.402 0.825 0.489 0.811
0.436 0.821 0.507 0.774
0.434 0.830 0.498 0.792
0.420 0.844 0.494 0.792
0.423 0.840 0.481 0.811
0.411 0.840 0.480 0.811
0.410 0.840 0.495 0.792
0.415 0.830 0.492 0.811
0.423 0.840 0.491 0.811
0.432 0.835 0.488 0.830
0.436 0.835 0.486 0.811
0.424 0.835 0.482 0.830
0.415 0.844 0.497 0.811
0.414 0.825 0.506 0.774
0.415 0.835 0.506 0.774
0.408 0.840 0.512 0.774
0.408 0.830 0.530 0.774
0.432 0.835 0.543 0.774
0.421 0.835 0.499 0.792
0.405 0.863 0.489 0.792
0.414 0.844 0.505 0.792
0.402 0.849 0.528 0.755
0.405 0.835 0.511 0.792
0.410 0.858 0.503 0.792
0.400 0.830 0.521 0.755
0.418 0.821 0.503 0.792
0.425 0.835 0.494 0.811
0.413 0.844 0.518 0.755
0.410 0.840 0.519 0.774
0.419 0.840 0.519 0.774
0.427 0.854 0.491 0.811
0.407 0.835 0.491 0.811
0.405 0.835 0.513 0.774
0.407 0.835 0.518 0.755
0.418 0.830 0.510 0.755
0.420 0.840 0.553 0.774
0.420 0.840 0.511 0.792
0.401 0.844 0.492 0.811
0.406 0.835 0.497 0.792
0.398 0.835 0.514 0.755
0.404 0.840 0.506 0.774
0.415 0.840 0.499 0.774
0.406 0.830 0.494 0.811
0.417 0.844 0.508 0.774
0.418 0.849 0.505 0.774
0.420 0.849 0.503 0.774
0.415 0.844 0.495 0.774
0.402 0.844 0.489 0.811
0.415 0.844 0.506 0.792
0.428 0.840 0.504 0.792
0.409 0.849 0.490 0.811
0.409 0.849 0.493 0.811
0.405 0.854 0.497 0.792
0.418 0.849 0.499 0.774
0.412 0.854 0.492 0.811
0.411 0.844 0.490 0.792
0.400 0.849 0.491 0.774
0.411 0.854 0.498 0.774
0.408 0.854 0.495 0.774
0.416 0.840 0.499 0.774
0.411 0.844 0.489 0.792
0.423 0.840 0.493 0.792
0.415 0.844 0.487 0.811
0.408 0.854 0.487 0.792
0.418 0.844 0.485 0.811
0.405 0.854 0.489 0.811
0.411 0.854 0.512 0.755
0.405 0.840 0.510 0.755
0.417 0.830 0.504 0.792
0.419 0.844 0.484 0.811
0.434 0.844 0.483 0.811
0.414 0.854 0.483 0.811
0.400 0.844 0.498 0.792
0.406 0.844 0.505 0.755
0.419 0.844 0.493 0.811
0.408 0.849 0.478 0.811
0.396 0.835 0.487 0.792
0.414 0.844 0.495 0.774
0.424 0.844 0.503 0.774
0.419 0.840 0.494 0.792
0.401 0.849 0.485 0.792
0.416 0.854 0.487 0.792
0.408 0.835 0.492 0.774
0.398 0.854 0.498 0.774
0.406 0.849 0.503 0.774
0.421 0.849 0.492 0.811
0.417 0.835 0.487 0.811
0.413 0.854 0.501 0.755
0.417 0.854 0.497 0.774
0.406 0.854 0.489 0.774
0.407 0.849 0.487 0.811
0.398 0.849 0.493 0.755
0.414 0.840 0.503 0.774
0.407 0.844 0.491 0.792
0.411 0.844 0.496 0.755
0.403 0.849 0.496 0.774
0.424 0.849 0.505 0.755
0.411 0.840 0.490 0.792
0.387 0.854 0.495 0.774
0.433 0.844 0.502 0.755
0.416 0.844 0.490 0.792
0.390 0.858 0.490 0.774
0.414 0.854 0.495 0.774
0.413 0.849 0.497 0.774
0.405 0.854 0.492 0.774
0.417 0.835 0.489 0.792
0.405 0.844 0.484 0.811
0.411 0.835 0.486 0.811
0.411 0.858 0.494 0.792
0.409 0.840 0.500 0.792
0.407 0.849 0.489 0.792
0.407 0.854 0.483 0.811
0.415 0.849 0.491 0.774
0.411 0.849 0.500 0.755
0.401 0.854 0.491 0.792
0.405 0.840 0.496 0.792
0.404 0.840 0.498 0.774
0.403 0.854 0.501 0.774
0.415 0.844 0.499 0.774
0.419 0.844 0.497 0.774
0.398 0.858 0.485 0.792
0.407 0.849 0.490 0.792
0.415 0.849 0.493 0.792
0.405 0.858 0.488 0.792
0.399 0.854 0.491 0.792
0.398 0.844 0.496 0.774
0.401 0.858 0.503 0.774
0.403 0.854 0.512 0.774
0.416 0.849 0.503 0.774
0.411 0.844 0.489 0.792
0.418 0.854 0.482 0.811
0.400 0.854 0.490 0.792
0.411 0.858 0.523 0.755
0.402 0.854 0.505 0.755
0.395 0.849 0.492 0.792
0.397 0.854 0.489 0.792
0.405 0.840 0.501 0.774
0.399 0.844 0.502 0.792
0.398 0.835 0.507 0.774
0.403 0.840 0.506 0.774
0.409 0.849 0.502 0.755
0.404 0.854 0.502 0.774
0.417 0.854 0.501 0.774
0.396 0.863 0.493 0.792
0.372 0.854 0.490 0.792
0.419 0.858 0.492 0.774
0.419 0.849 0.493 0.774
0.408 0.854 0.489 0.774
0.405 0.849 0.487 0.774
0.404 0.863 0.486 0.774
0.431 0.840 0.495 0.774
0.394 0.854 0.490 0.792
0.395 0.849 0.490 0.792
0.404 0.863 0.485 0.792
0.430 0.844 0.497 0.774
0.399 0.844 0.489 0.792
0.410 0.854 0.495 0.774
0.401 0.858 0.487 0.792
0.405 0.849 0.499 0.774
0.400 0.854 0.496 0.774
0.398 0.835 0.494 0.774
0.412 0.849 0.488 0.774
0.410 0.854 0.486 0.774
0.401 0.858 0.492 0.774
0.414 0.849 0.491 0.774
0.401 0.863 0.486 0.792
0.407 0.854 0.483 0.792
0.403 0.849 0.484 0.792
0.382 0.858 0.491 0.774
0.405 0.854 0.499 0.774
0.413 0.858 0.490 0.774
0.403 0.840 0.489 0.774
0.396 0.858 0.487 0.792
0.407 0.844 0.487 0.792
0.402 0.863 0.483 0.792
0.413 0.854 0.482 0.792
0.408 0.854 0.483 0.792
0.401 0.868 0.475 0.792
0.389 0.849 0.485 0.792
0.418 0.840 0.486 0.774
0.399 0.849 0.480 0.792
0.411 0.858 0.483 0.792
0.401 0.854 0.476 0.792
0.394 0.854 0.480 0.792
0.390 0.854 0.485 0.792
0.414 0.849 0.490 0.774
0.407 0.858 0.478 0.792
0.396 0.854 0.476 0.792
0.399 0.854 0.481 0.792
0.382 0.863 0.486 0.792
0.398 0.858 0.500 0.792
0.415 0.854 0.490 0.774
0.403 0.849 0.482 0.792
0.398 0.858 0.482 0.792
0.420 0.858 0.483 0.792
0.402 0.844 0.480 0.792
0.404 0.873 0.477 0.792
0.398 0.849 0.477 0.792
0.402 0.868 0.485 0.792
0.398 0.854 0.490 0.792
0.409 0.854 0.496 0.792
0.397 0.854 0.483 0.774
0.395 0.858 0.476 0.792
0.409 0.844 0.486 0.774
0.404 0.844 0.487 0.774
0.384 0.854 0.490 0.774
0.388 0.858 0.496 0.792
0.400 0.849 0.487 0.792
0.393 0.854 0.486 0.774
0.406 0.849 0.495 0.792
0.394 0.854 0.485 0.774
0.385 0.858 0.488 0.774
0.393 0.849 0.493 0.774
0.407 0.840 0.498 0.792
0.419 0.840 0.500 0.792
0.403 0.863 0.483 0.792
0.396 0.854 0.485 0.792
0.412 0.849 0.489 0.774
0.414 0.840 0.483 0.774
0.393 0.854 0.478 0.792
0.398 0.849 0.479 0.792
0.409 0.863 0.481 0.792
0.396 0.868 0.480 0.792
0.408 0.858 0.484 0.774
0.390 0.858 0.480 0.792
0.400 0.858 0.483 0.774
0.395 0.844 0.482 0.792
0.394 0.854 0.486 0.792
0.395 0.849 0.483 0.792
0.388 0.863 0.499 0.792
0.389 0.858 0.498 0.792
0.399 0.858 0.494 0.774
0.412 0.854 0.496 0.792
0.408 0.854 0.483 0.792
0.406 0.868 0.479 0.792
0.395 0.858 0.475 0.792
0.404 0.844 0.486 0.774
0.394 0.854 0.485 0.792
0.400 0.858 0.485 0.792
0.387 0.863 0.483 0.792
0.382 0.863 0.488 0.792
0.403 0.858 0.490 0.792
0.405 0.854 0.488 0.792
0.393 0.849 0.487 0.792
0.402 0.854 0.484 0.792
0.395 0.854 0.479 0.792
0.397 0.858 0.482 0.792
0.398 0.854 0.481 0.792
0.400 0.858 0.487 0.792
0.388 0.863 0.484 0.792
0.400 0.863 0.483 0.792
0.402 0.854 0.487 0.792
0.411 0.854 0.489 0.792
0.392 0.863 0.479 0.774
0.400 0.863 0.486 0.792
0.407 0.858 0.493 0.792
0.385 0.854 0.485 0.774
0.394 0.858 0.488 0.792
0.406 0.858 0.484 0.774
0.413 0.858 0.485 0.792
0.402 0.858 0.482 0.792
0.406 0.858 0.483 0.792
0.396 0.858 0.475 0.792
0.398 0.863 0.483 0.792
0.407 0.863 0.481 0.792
0.400 0.858 0.479 0.792
0.392 0.849 0.483 0.792
0.390 0.858 0.487 0.792
0.402 0.858 0.494 0.792
0.392 0.849 0.480 0.792
0.397 0.854 0.481 0.792
0.399 0.858 0.486 0.792
0.396 0.854 0.487 0.792
0.389 0.863 0.493 0.792
0.399 0.863 0.487 0.792
0.408 0.858 0.485 0.792
0.401 0.858 0.481 0.774
0.398 0.858 0.481 0.774
0.391 0.863 0.483 0.774
0.415 0.868 0.488 0.792
0.388 0.863 0.478 0.792
0.391 0.858 0.486 0.792
0.393 0.863 0.485 0.792
0.391 0.854 0.484 0.792
0.407 0.844 0.490 0.792
0.406 0.858 0.487 0.792
0.389 0.858 0.490 0.792
0.391 0.868 0.492 0.792
0.407 0.863 0.494 0.774
0.410 0.868 0.481 0.792
0.393 0.858 0.480 0.792
0.403 0.854 0.484 0.792
0.392 0.849 0.485 0.792
0.405 0.863 0.488 0.792
0.383 0.868 0.484 0.792
0.390 0.873 0.483 0.792
0.397 0.863 0.491 0.792
0.399 0.873 0.488 0.792
0.386 0.863 0.487 0.792
0.397 0.858 0.484 0.792
0.390 0.854 0.492 0.774
0.419 0.858 0.506 0.774
0.390 0.854 0.491 0.792
0.395 0.849 0.481 0.792
0.404 0.858 0.493 0.792
0.403 0.863 0.495 0.774
0.397 0.868 0.487 0.792
0.386 0.858 0.485 0.792
0.383 0.858 0.485 0.792
0.390 0.863 0.488 0.792
0.391 0.854 0.489 0.792
0.397 0.863 0.486 0.792
0.402 0.868 0.480 0.792
0.397 0.868 0.482 0.792
0.393 0.863 0.480 0.792
0.409 0.854 0.482 0.792
0.406 0.868 0.482 0.792
0.397 0.858 0.483 0.792
0.397 0.863 0.482 0.792
0.389 0.858 0.480 0.792
0.396 0.854 0.485 0.774
0.393 0.863 0.494 0.774
0.385 0.868 0.488 0.792
0.392 0.873 0.487 0.792
0.397 0.844 0.483 0.774
0.395 0.849 0.489 0.792
0.401 0.858 0.495 0.792
0.405 0.858 0.492 0.792
0.404 0.868 0.482 0.774
0.396 0.863 0.476 0.774
0.400 0.854 0.483 0.774
0.393 0.849 0.484 0.792
0.393 0.858 0.489 0.792
0.397 0.863 0.488 0.792
0.400 0.858 0.485 0.792
0.403 0.858 0.481 0.792
0.394 0.863 0.477 0.774
0.379 0.854 0.483 0.792
0.398 0.868 0.488 0.792
0.398 0.863 0.489 0.792
0.409 0.858 0.491 0.774
0.408 0.863 0.484 0.792
0.409 0.863 0.483 0.792
0.396 0.868 0.481 0.792
0.384 0.854 0.482 0.792
0.406 0.854 0.493 0.774
0.399 0.858 0.493 0.774
0.400 0.868 0.487 0.792
0.400 0.863 0.483 0.792
0.400 0.873 0.483 0.792
0.395 0.840 0.483 0.792
0.397 0.873 0.484 0.792
0.394 0.868 0.488 0.792
0.398 0.863 0.490 0.774
0.375 0.863 0.488 0.792
0.410 0.863 0.486 0.792
0.387 0.863 0.482 0.792
0.403 0.849 0.481 0.792
0.390 0.863 0.483 0.792
0.411 0.858 0.490 0.774
0.399 0.868 0.487 0.792
0.404 0.863 0.485 0.792
0.394 0.868 0.481 0.774
0.388 0.854 0.482 0.792
0.385 0.863 0.484 0.792
0.409 0.863 0.487 0.792
0.381 0.863 0.482 0.792
0.392 0.868 0.486 0.792
0.397 0.868 0.488 0.792
0.385 0.868 0.489 0.792
0.396 0.863 0.485 0.792
0.393 0.863 0.487 0.792
0.387 0.863 0.486 0.792
0.382 0.863 0.488 0.792
0.390 0.863 0.491 0.774
0.390 0.844 0.491 0.774
0.383 0.863 0.488 0.792
0.395 0.863 0.491 0.792
0.388 0.868 0.487 0.792
0.377 0.868 0.491 0.792
0.406 0.858 0.497 0.774
0.414 0.863 0.489 0.792
0.387 0.858 0.486 0.792
0.410 0.849 0.490 0.792
0.397 0.858 0.489 0.792
0.384 0.854 0.489 0.792
0.382 0.868 0.489 0.792
0.402 0.863 0.491 0.792
0.397 0.858 0.487 0.792
0.396 0.858 0.487 0.792
0.391 0.868 0.482 0.792
0.392 0.868 0.485 0.792
0.406 0.863 0.485 0.792
0.387 0.868 0.487 0.792
0.382 0.854 0.491 0.774
0.388 0.858 0.493 0.774
0.388 0.868 0.491 0.774
0.398 0.868 0.490 0.774
0.405 0.873 0.492 0.774
0.389 0.863 0.483 0.792
0.393 0.858 0.484 0.792
0.395 0.863 0.486 0.792
0.391 0.863 0.486 0.792
0.386 0.863 0.487 0.792
0.407 0.863 0.490 0.792
0.378 0.863 0.490 0.792
0.406 0.863 0.494 0.774
0.387 0.854 0.488 0.792
0.406 0.863 0.492 0.792
0.382 0.863 0.486 0.792
0.399 0.873 0.491 0.792
0.404 0.868 0.488 0.792
0.425 0.868 0.487 0.792
0.400 0.863 0.480 0.792
0.404 0.868 0.481 0.792
0.390 0.863 0.480 0.774
0.401 0.858 0.483 0.792
0.407 0.849 0.482 0.792
0.385 0.863 0.483 0.792
0.392 0.858 0.487 0.792
0.395 0.863 0.487 0.792
0.390 0.863 0.484 0.792
0.393 0.868 0.486 0.792
0.402 0.863 0.485 0.792
0.387 0.863 0.484 0.792
0.395 0.868 0.486 0.792
0.381 0.858 0.488 0.792
0.399 0.858 0.485 0.792
0.399 0.863 0.488 0.792
0.406 0.863 0.487 0.792
0.388 0.863 0.484 0.792
0.389 0.858 0.485 0.792
0.396 0.863 0.494 0.774
0.387 0.863 0.491 0.774
0.385 0.854 0.490 0.774
0.405 0.858 0.488 0.792
0.397 0.863 0.485 0.792
0.381 0.854 0.487 0.792
0.404 0.854 0.488 0.774
0.399 0.858 0.488 0.792
0.397 0.858 0.490 0.774
0.387 0.858 0.491 0.774
0.407 0.863 0.490 0.774
0.412 0.868 0.490 0.774
0.382 0.868 0.487 0.774
0.409 0.863 0.490 0.774
0.398 0.868 0.489 0.774
0.402 0.863 0.489 0.774
0.383 0.873 0.485 0.792
0.393 0.868 0.486 0.792
0.374 0.863 0.483 0.792
0.392 0.863 0.485 0.792
0.393 0.858 0.483 0.792
0.405 0.854 0.488 0.792
0.385 0.863 0.489 0.792
0.400 0.863 0.492 0.774
0.400 0.868 0.487 0.774
0.404 0.863 0.485 0.792
0.392 0.858 0.482 0.811
0.390 0.854 0.481 0.792
0.412 0.858 0.485 0.792
0.390 0.868 0.484 0.792
0.390 0.858 0.486 0.792
0.381 0.873 0.491 0.774
0.393 0.863 0.491 0.774
0.402 0.854 0.492 0.774
0.413 0.858 0.487 0.792
0.398 0.858 0.484 0.792
0.394 0.854 0.484 0.792
0.388 0.854 0.489 0.792
0.395 0.863 0.495 0.774
0.400 0.868 0.494 0.774
0.393 0.858 0.491 0.774
0.403 0.868 0.486 0.792
0.401 0.868 0.484 0.792
0.394 0.868 0.483 0.792
0.398 0.863 0.485 0.792
0.396 0.858 0.487 0.792
0.397 0.863 0.486 0.792
0.389 0.863 0.488 0.792
0.399 0.854 0.490 0.774
0.396 0.858 0.488 0.792
0.402 0.868 0.485 0.792
0.388 0.858 0.484 0.792
0.393 0.868 0.483 0.792
0.394 0.868 0.489 0.792
0.388 0.863 0.489 0.774
0.387 0.863 0.492 0.774
0.385 0.863 0.493 0.774
0.394 0.858 0.495 0.774
0.387 0.863 0.493 0.774
0.396 0.858 0.491 0.774
0.397 0.858 0.492 0.774
0.393 0.863 0.490 0.792
0.395 0.863 0.490 0.792
0.388 0.868 0.490 0.792
0.388 0.868 0.490 0.792
0.413 0.863 0.488 0.792
0.393 0.863 0.485 0.792
0.395 0.863 0.485 0.792
0.388 0.858 0.481 0.811
0.400 0.858 0.483 0.792
0.387 0.863 0.484 0.792
0.393 0.858 0.486 0.792
0.387 0.863 0.486 0.792
0.393 0.858 0.487 0.792
0.403 0.858 0.488 0.792
0.406 0.863 0.485 0.792
0.394 0.863 0.484 0.792
0.385 0.868 0.484 0.792
0.399 0.858 0.484 0.792
0.390 0.858 0.486 0.792
0.381 0.863 0.485 0.792
0.395 0.849 0.487 0.792
0.393 0.863 0.486 0.792
0.393 0.868 0.488 0.774
0.380 0.868 0.489 0.792
0.390 0.873 0.490 0.774
0.397 0.863 0.492 0.774
0.397 0.868 0.490 0.792
0.401 0.873 0.487 0.792
0.383 0.863 0.485 0.792
0.402 0.858 0.488 0.792
0.392 0.868 0.485 0.792
0.404 0.854 0.486 0.792
0.397 0.854 0.487 0.792
0.385 0.858 0.488 0.792
0.391 0.868 0.487 0.792
0.396 0.863 0.487 0.774
0.390 0.858 0.488 0.774
0.405 0.868 0.487 0.774
0.395 0.858 0.487 0.774
0.399 0.863 0.487 0.774
0.391 0.868 0.484 0.792
0.398 0.863 0.485 0.792
0.392 0.868 0.486 0.792
0.391 0.863 0.487 0.792
0.392 0.858 0.489 0.792
0.406 0.863 0.489 0.792
0.392 0.863 0.486 0.792
0.396 0.868 0.486 0.792
0.391 0.868 0.485 0.792
0.391 0.868 0.484 0.792
0.381 0.863 0.483 0.811
0.398 0.858 0.486 0.792
0.396 0.858 0.486 0.792
0.394 0.868 0.487 0.774
0.391 0.849 0.486 0.792
0.384 0.868 0.487 0.792
0.388 0.863 0.484 0.811
0.396 0.858 0.485 0.792
0.390 0.854 0.484 0.792
0.391 0.854 0.488 0.792
0.408 0.868 0.489 0.792
0.387 0.863 0.486 0.792
0.383 0.868 0.486 0.792
0.395 0.868 0.485 0.792
0.401 0.863 0.484 0.792
0.387 0.868 0.485 0.792
0.391 0.868 0.485 0.792
0.406 0.868 0.484 0.792
0.392 0.863 0.484 0.792
0.393 0.854 0.487 0.792
0.394 0.863 0.488 0.792
0.397 0.873 0.491 0.774
0.390 0.868 0.490 0.774
0.396 0.858 0.489 0.774
0.407 0.868 0.488 0.774
0.386 0.868 0.486 0.792
0.394 0.868 0.487 0.774
0.400 0.863 0.487 0.774
0.400 0.868 0.488 0.774
0.385 0.868 0.487 0.774
0.397 0.863 0.488 0.774
0.400 0.858 0.486 0.774
0.389 0.868 0.487 0.774
0.409 0.858 0.486 0.774
0.393 0.858 0.484 0.792
0.393 0.863 0.486 0.792
0.394 0.858 0.487 0.774
0.409 0.863 0.489 0.774
0.393 0.868 0.485 0.774
0.403 0.863 0.484 0.774
0.406 0.868 0.483 0.811
0.408 0.863 0.481 0.811
0.391 0.858 0.480 0.811
0.395 0.858 0.482 0.792
0.381 0.863 0.484 0.792
0.387 0.868 0.490 0.774
0.395 0.868 0.490 0.774
0.398 0.863 0.491 0.774
0.388 0.868 0.488 0.774
0.395 0.868 0.488 0.774
0.391 0.868 0.485 0.792
0.390 0.863 0.484 0.792
0.396 0.854 0.486 0.792
0.395 0.863 0.488 0.774
0.378 0.868 0.488 0.774
0.378 0.868 0.489 0.774
0.399 0.863 0.490 0.774
0.399 0.849 0.489 0.774
0.389 0.863 0.486 0.792
0.397 0.868 0.486 0.792
0.394 0.863 0.487 0.792
0.390 0.854 0.486 0.792
0.402 0.868 0.488 0.792
0.388 0.863 0.486 0.792
0.395 0.868 0.486 0.792
0.387 0.868 0.486 0.792
0.385 0.868 0.486 0.792
0.395 0.868 0.485 0.792
0.396 0.854 0.486 0.792
0.385 0.868 0.488 0.792
0.384 0.863 0.488 0.774
0.391 0.858 0.488 0.774
0.389 0.863 0.489 0.774
0.382 0.863 0.487 0.792
0.400 0.854 0.487 0.792
0.407 0.858 0.487 0.792
0.394 0.854 0.484 0.792
0.389 0.863 0.484 0.792
0.399 0.849 0.486 0.792
0.408 0.873 0.484 0.792
0.397 0.863 0.485 0.792
0.395 0.868 0.483 0.792
0.389 0.868 0.484 0.792
0.405 0.863 0.484 0.792
0.389 0.868 0.482 0.792
0.401 0.854 0.484 0.792
0.393 0.863 0.484 0.792
0.387 0.858 0.485 0.792
0.389 0.868 0.488 0.774
0.404 0.868 0.487 0.792
0.385 0.868 0.485 0.792
0.377 0.868 0.485 0.792
0.385 0.868 0.485 0.792
0.398 0.868 0.487 0.774
