5.281 0.420 1.917 0.585
5.281 0.420 1.917 0.585
1.736 0.632 2.365 0.623
2.059 0.613 1.828 0.623
1.522 0.618 1.040 0.623
0.910 0.689 1.345 0.472
0.914 0.462 1.093 0.679
0.696 0.679 1.267 0.660
0.808 0.745 1.220 0.698
0.803 0.731 1.000 0.755
0.738 0.698 0.737 0.642
0.734 0.542 0.611 0.698
0.632 0.618 0.681 0.755
0.622 0.736 0.765 0.717
0.604 0.792 0.807 0.717
0.616 0.750 0.798 0.717
0.569 0.759 0.738 0.755
0.546 0.769 0.682 0.736
0.589 0.750 0.635 0.736
0.565 0.759 0.626 0.736
0.566 0.731 0.633 0.774
0.557 0.736 0.660 0.717
0.573 0.741 0.661 0.736
0.537 0.759 0.632 0.717
0.544 0.778 0.643 0.736
0.537 0.759 0.687 0.717
0.558 0.783 0.693 0.736
0.535 0.774 0.666 0.736
0.552 0.755 0.670 0.717
0.535 0.764 0.655 0.755
0.538 0.741 0.671 0.736
0.555 0.741 0.647 0.755
0.542 0.741 0.639 0.755
0.548 0.764 0.650 0.755
0.550 0.759 0.649 0.755
0.543 0.778 0.653 0.755
0.524 0.769 0.650 0.736
0.560 0.750 0.671 0.736
0.532 0.774 0.642 0.755
0.541 0.764 0.654 0.755
0.538 0.769 0.709 0.736
0.554 0.769 0.684 0.736
0.547 0.774 0.646 0.755
0.537 0.797 0.691 0.736
0.531 0.783 0.712 0.736
0.535 0.783 0.693 0.736
0.540 0.764 0.670 0.736
0.546 0.792 0.637 0.736
0.548 0.750 0.633 0.755
0.519 0.778 0.631 0.755
0.532 0.783 0.650 0.755
0.534 0.778 0.691 0.736
0.545 0.783 0.662 0.736
0.533 0.778 0.638 0.736
0.522 0.788 0.635 0.755
0.538 0.778 0.652 0.736
0.538 0.788 0.651 0.717
0.533 0.769 0.614 0.792
0.516 0.778 0.616 0.755
0.523 0.774 0.624 0.774
0.538 0.788 0.658 0.736
0.536 0.774 0.666 0.717
0.520 0.778 0.611 0.774
0.522 0.788 0.632 0.755
0.557 0.788 0.713 0.736
0.540 0.769 0.664 0.736
0.510 0.802 0.625 0.755
0.511 0.778 0.617 0.755
0.518 0.769 0.611 0.755
0.523 0.783 0.621 0.736
0.512 0.788 0.611 0.736
0.521 0.774 0.608 0.774
0.529 0.783 0.642 0.736
0.499 0.792 0.656 0.736
0.525 0.811 0.640 0.736
0.536 0.788 0.630 0.755
0.491 0.778 0.606 0.755
0.494 0.783 0.610 0.774
0.522 0.783 0.633 0.717
0.523 0.788 0.616 0.736
0.522 0.792 0.599 0.755
0.528 0.774 0.605 0.755
0.528 0.774 0.587 0.774
0.514 0.788 0.598 0.774
0.519 0.778 0.666 0.717
0.533 0.788 0.650 0.698
0.516 0.778 0.603 0.736
0.518 0.797 0.635 0.717
0.526 0.764 0.633 0.698
0.496 0.797 0.596 0.717
0.508 0.783 0.596 0.736
0.498 0.811 0.671 0.736
0.506 0.797 0.644 0.717
0.468 0.792 0.626 0.717
0.518 0.774 0.635 0.717
0.508 0.769 0.588 0.755
0.486 0.792 0.614 0.736
0.507 0.783 0.637 0.717
0.502 0.807 0.670 0.717
0.497 0.797 0.602 0.698
0.483 0.783 0.609 0.736
0.493 0.774 0.596 0.717
0.492 0.797 0.581 0.755
0.501 0.783 0.585 0.755
0.491 0.769 0.602 0.755
0.490 0.792 0.604 0.717
0.485 0.783 0.595 0.717
0.488 0.783 0.575 0.755
0.484 0.783 0.568 0.774
0.490 0.792 0.584 0.755
0.493 0.792 0.573 0.755
0.480 0.783 0.570 0.755
0.507 0.792 0.554 0.774
0.496 0.797 0.564 0.755
0.479 0.797 0.612 0.717
0.477 0.797 0.606 0.717
0.461 0.797 0.584 0.755
0.489 0.778 0.592 0.736
0.485 0.797 0.589 0.755
0.492 0.792 0.599 0.736
0.482 0.792 0.569 0.774
0.497 0.783 0.561 0.774
0.490 0.778 0.609 0.717
0.498 0.774 0.602 0.717
0.490 0.778 0.568 0.774
0.489 0.792 0.565 0.755
0.458 0.783 0.577 0.774
0.492 0.788 0.606 0.717
0.469 0.792 0.584 0.774
0.478 0.783 0.582 0.792
0.488 0.792 0.572 0.792
0.479 0.807 0.579 0.736
0.505 0.778 0.595 0.736
0.473 0.797 0.579 0.755
0.468 0.788 0.581 0.736
0.467 0.792 0.593 0.755
0.486 0.774 0.600 0.792
0.479 0.792 0.581 0.736
0.483 0.788 0.561 0.755
0.495 0.783 0.558 0.792
0.477 0.783 0.579 0.755
0.477 0.783 0.579 0.736
0.478 0.788 0.569 0.755
0.465 0.802 0.573 0.774
0.487 0.792 0.564 0.774
0.480 0.802 0.555 0.774
0.482 0.783 0.615 0.717
0.482 0.783 0.576 0.755
0.477 0.792 0.588 0.755
0.496 0.783 0.606 0.755
0.483 0.802 0.571 0.774
0.487 0.792 0.571 0.774
0.482 0.797 0.564 0.792
0.494 0.774 0.642 0.736
0.495 0.797 0.608 0.717
0.484 0.811 0.560 0.811
0.479 0.802 0.566 0.792
0.466 0.792 0.590 0.755
0.481 0.797 0.604 0.736
0.485 0.783 0.590 0.736
0.508 0.788 0.566 0.792
0.464 0.797 0.591 0.679
0.478 0.769 0.580 0.755
0.497 0.807 0.599 0.736
0.476 0.788 0.552 0.811
0.472 0.802 0.568 0.736
0.516 0.792 0.635 0.717
0.487 0.788 0.615 0.717
0.470 0.797 0.579 0.736
0.475 0.792 0.567 0.755
0.461 0.783 0.571 0.755
0.479 0.778 0.606 0.717
0.475 0.797 0.632 0.717
0.471 0.807 0.623 0.717
0.471 0.802 0.612 0.736
0.477 0.792 0.588 0.774
0.473 0.788 0.582 0.774
0.460 0.788 0.600 0.736
0.490 0.778 0.618 0.717
0.484 0.783 0.596 0.717
0.501 0.788 0.587 0.736
0.483 0.759 0.612 0.755
0.468 0.774 0.591 0.736
0.466 0.792 0.607 0.736
0.459 0.778 0.575 0.755
0.494 0.778 0.576 0.755
0.490 0.788 0.629 0.717
0.482 0.783 0.573 0.792
0.488 0.788 0.560 0.792
0.491 0.792 0.579 0.717
5.281 0.420 1.917 0.585
1.736 0.632 2.365 0.623
2.059 0.613 1.828 0.623
1.522 0.618 1.040 0.623
0.910 0.689 1.345 0.472
0.914 0.462 1.093 0.679
0.696 0.679 1.267 0.660
0.808 0.745 1.220 0.698
0.803 0.731 1.000 0.755
0.738 0.698 0.737 0.642
0.734 0.542 0.611 0.698
0.632 0.618 0.681 0.755
0.622 0.736 0.765 0.717
0.604 0.792 0.807 0.717
0.616 0.750 0.798 0.717
0.569 0.759 0.738 0.755
0.546 0.769 0.682 0.736
0.589 0.750 0.635 0.736
0.565 0.759 0.626 0.736
0.566 0.731 0.633 0.774
0.557 0.736 0.660 0.717
0.573 0.741 0.661 0.736
0.537 0.759 0.632 0.717
0.544 0.778 0.643 0.736
0.537 0.759 0.687 0.717
0.558 0.783 0.693 0.736
0.535 0.774 0.666 0.736
0.552 0.755 0.670 0.717
0.535 0.764 0.655 0.755
0.538 0.741 0.671 0.736
0.555 0.741 0.647 0.755
0.542 0.741 0.639 0.755
0.548 0.764 0.650 0.755
0.550 0.764 0.649 0.755
0.543 0.778 0.653 0.755
0.524 0.769 0.650 0.736
0.560 0.750 0.671 0.736
0.532 0.774 0.642 0.755
0.541 0.764 0.654 0.755
0.538 0.769 0.709 0.736
0.554 0.769 0.685 0.736
0.547 0.774 0.646 0.755
0.537 0.797 0.691 0.736
0.531 0.783 0.713 0.736
0.535 0.783 0.693 0.736
0.540 0.764 0.671 0.736
0.546 0.788 0.637 0.736
0.548 0.750 0.632 0.755
0.519 0.778 0.630 0.755
0.532 0.778 0.649 0.755
0.534 0.778 0.690 0.736
0.545 0.788 0.661 0.736
0.533 0.778 0.636 0.736
0.523 0.788 0.634 0.755
0.538 0.783 0.652 0.736
0.538 0.788 0.652 0.717
0.533 0.769 0.614 0.792
0.516 0.778 0.615 0.755
0.523 0.774 0.623 0.774
0.538 0.788 0.658 0.717
0.536 0.778 0.668 0.717
0.520 0.783 0.615 0.774
0.524 0.797 0.631 0.755
0.558 0.778 0.713 0.736
0.541 0.764 0.667 0.736
0.510 0.797 0.629 0.736
0.511 0.778 0.619 0.736
0.517 0.769 0.611 0.755
0.522 0.783 0.620 0.736
0.512 0.778 0.610 0.755
0.521 0.774 0.607 0.774
0.529 0.783 0.639 0.736
0.499 0.802 0.651 0.736
0.525 0.807 0.635 0.755
0.535 0.788 0.628 0.755
0.490 0.788 0.604 0.774
0.493 0.783 0.609 0.774
0.521 0.783 0.631 0.717
0.523 0.788 0.615 0.736
0.522 0.797 0.593 0.755
0.527 0.774 0.599 0.755
0.526 0.774 0.583 0.774
0.512 0.783 0.590 0.755
0.517 0.778 0.650 0.698
0.531 0.792 0.634 0.698
0.515 0.778 0.595 0.736
0.517 0.792 0.629 0.717
0.525 0.769 0.636 0.698
0.494 0.792 0.603 0.717
0.505 0.778 0.606 0.717
0.496 0.821 0.683 0.717
0.505 0.788 0.655 0.717
0.466 0.788 0.633 0.717
0.517 0.774 0.639 0.717
0.504 0.783 0.589 0.755
0.484 0.797 0.609 0.755
0.505 0.788 0.626 0.698
0.500 0.802 0.663 0.717
0.496 0.797 0.598 0.717
0.482 0.778 0.605 0.736
0.492 0.774 0.594 0.755
0.491 0.792 0.579 0.755
0.501 0.778 0.586 0.755
0.490 0.774 0.609 0.792
0.491 0.783 0.613 0.736
0.485 0.783 0.600 0.717
0.488 0.788 0.580 0.755
0.484 0.788 0.572 0.774
0.489 0.788 0.589 0.755
0.492 0.802 0.577 0.755
0.480 0.783 0.574 0.755
0.507 0.792 0.556 0.774
0.496 0.797 0.561 0.755
0.478 0.797 0.608 0.717
0.477 0.792 0.605 0.717
0.461 0.792 0.583 0.755
0.488 0.778 0.589 0.774
0.487 0.788 0.588 0.755
0.493 0.788 0.599 0.736
0.483 0.788 0.570 0.774
0.497 0.778 0.564 0.774
0.489 0.778 0.612 0.717
0.497 0.774 0.606 0.717
0.489 0.783 0.575 0.755
0.489 0.783 0.569 0.755
0.457 0.783 0.581 0.755
0.491 0.783 0.607 0.717
0.469 0.797 0.584 0.755
0.477 0.783 0.584 0.774
0.488 0.792 0.575 0.792
0.479 0.802 0.582 0.736
0.505 0.778 0.595 0.755
0.474 0.788 0.577 0.774
0.468 0.792 0.579 0.774
0.466 0.788 0.594 0.736
0.487 0.774 0.600 0.792
0.478 0.802 0.581 0.736
0.482 0.788 0.563 0.774
0.495 0.783 0.563 0.774
0.474 0.783 0.585 0.755
0.476 0.783 0.582 0.755
0.477 0.792 0.568 0.755
0.464 0.797 0.574 0.774
0.486 0.792 0.565 0.774
0.480 0.802 0.557 0.755
0.482 0.788 0.612 0.736
0.481 0.788 0.577 0.736
0.476 0.797 0.591 0.755
0.495 0.788 0.607 0.755
0.483 0.811 0.573 0.774
0.486 0.797 0.576 0.755
0.481 0.797 0.564 0.774
0.491 0.778 0.636 0.736
0.493 0.797 0.601 0.755
0.485 0.807 0.561 0.792
0.477 0.802 0.563 0.792
0.466 0.783 0.589 0.755
0.481 0.802 0.607 0.736
0.487 0.788 0.599 0.717
0.508 0.788 0.572 0.792
0.465 0.797 0.595 0.679
0.480 0.778 0.579 0.755
0.497 0.802 0.602 0.736
0.477 0.788 0.556 0.774
0.472 0.797 0.567 0.736
0.512 0.792 0.620 0.717
0.485 0.783 0.604 0.717
0.470 0.792 0.579 0.755
0.475 0.792 0.572 0.774
0.460 0.778 0.577 0.736
0.477 0.778 0.601 0.717
0.474 0.807 0.626 0.717
0.470 0.802 0.622 0.717
0.470 0.802 0.611 0.755
0.478 0.792 0.587 0.774
0.476 0.783 0.580 0.755
0.461 0.783 0.605 0.755
0.492 0.783 0.628 0.717
0.482 0.783 0.604 0.679
0.503 0.783 0.590 0.736
0.482 0.764 0.618 0.736
0.467 0.769 0.602 0.774
0.467 0.792 0.616 0.755
0.461 0.774 0.580 0.774
0.495 0.783 0.580 0.755
0.489 0.792 0.634 0.717
0.481 0.788 0.579 0.755
0.487 0.797 0.564 0.774
0.488 0.788 0.578 0.755
0.483 0.797 0.664 0.717
0.473 0.797 0.603 0.736
0.472 0.802 0.569 0.736
0.490 0.778 0.578 0.736
0.463 0.788 0.663 0.717
0.474 0.802 0.631 0.755
0.474 0.783 0.603 0.679
0.462 0.797 0.601 0.736
0.489 0.783 0.608 0.736
0.473 0.807 0.603 0.736
0.470 0.783 0.602 0.736
0.468 0.792 0.569 0.774
0.455 0.792 0.574 0.774
0.466 0.783 0.570 0.755
0.466 0.792 0.578 0.736
0.453 0.802 0.569 0.774
0.473 0.792 0.572 0.774
0.490 0.788 0.591 0.755
0.486 0.797 0.563 0.755
0.472 0.783 0.555 0.774
0.464 0.792 0.545 0.792
0.479 0.788 0.539 0.811
0.460 0.783 0.553 0.774
0.460 0.783 0.565 0.755
0.449 0.797 0.581 0.755
0.500 0.792 0.579 0.736
0.472 0.783 0.567 0.774
0.466 0.783 0.573 0.717
0.473 0.802 0.551 0.755
0.454 0.797 0.548 0.774
0.452 0.783 0.557 0.774
0.465 0.774 0.555 0.774
0.483 0.797 0.555 0.774
0.463 0.788 0.559 0.774
0.450 0.792 0.556 0.792
0.470 0.802 0.558 0.755
0.474 0.792 0.557 0.755
0.466 0.792 0.567 0.774
0.477 0.788 0.551 0.774
0.476 0.783 0.553 0.792
0.468 0.778 0.568 0.774
0.469 0.788 0.557 0.792
0.467 0.788 0.548 0.811
0.481 0.792 0.576 0.774
0.460 0.792 0.556 0.792
0.462 0.788 0.568 0.736
0.464 0.797 0.551 0.792
0.477 0.792 0.560 0.792
0.458 0.788 0.553 0.774
0.502 0.774 0.571 0.755
0.473 0.807 0.568 0.755
0.463 0.792 0.552 0.774
0.467 0.778 0.560 0.774
0.466 0.792 0.545 0.792
0.460 0.792 0.547 0.792
0.490 0.774 0.571 0.736
0.464 0.792 0.574 0.717
0.484 0.778 0.558 0.755
0.453 0.788 0.557 0.736
0.464 0.788 0.545 0.774
0.451 0.783 0.552 0.792
0.466 0.792 0.555 0.755
0.463 0.788 0.559 0.755
0.472 0.797 0.546 0.792
0.467 0.788 0.535 0.792
0.471 0.774 0.556 0.755
0.484 0.769 0.611 0.774
0.488 0.792 0.568 0.755
0.450 0.792 0.538 0.792
0.474 0.811 0.551 0.792
0.467 0.792 0.570 0.717
0.444 0.774 0.571 0.736
0.478 0.797 0.565 0.717
0.467 0.788 0.544 0.774
0.452 0.792 0.540 0.774
0.452 0.792 0.536 0.774
0.455 0.792 0.551 0.774
0.471 0.778 0.578 0.755
0.483 0.788 0.565 0.717
0.462 0.797 0.548 0.774
0.469 0.788 0.541 0.774
0.456 0.778 0.538 0.792
0.463 0.797 0.551 0.774
0.464 0.788 0.548 0.774
0.489 0.774 0.552 0.736
0.483 0.788 0.569 0.736
0.458 0.792 0.543 0.774
0.460 0.778 0.545 0.792
0.466 0.788 0.549 0.755
0.459 0.792 0.574 0.774
0.456 0.783 0.561 0.774
0.469 0.778 0.541 0.774
0.454 0.788 0.547 0.774
0.469 0.788 0.556 0.774
0.458 0.797 0.586 0.755
0.455 0.797 0.596 0.755
0.482 0.783 0.564 0.717
0.462 0.778 0.546 0.774
0.487 0.788 0.549 0.717
0.478 0.788 0.604 0.755
0.456 0.807 0.588 0.774
0.482 0.783 0.552 0.792
0.458 0.802 0.519 0.792
0.484 0.764 0.532 0.774
0.458 0.783 0.557 0.736
0.460 0.788 0.569 0.736
0.454 0.792 0.521 0.774
0.453 0.788 0.517 0.792
0.465 0.797 0.562 0.717
0.453 0.783 0.622 0.755
0.474 0.797 0.557 0.755
0.463 0.788 0.509 0.811
0.457 0.788 0.512 0.811
0.456 0.797 0.523 0.774
0.448 0.783 0.525 0.792
0.459 0.783 0.530 0.755
0.482 0.783 0.528 0.792
0.454 0.792 0.518 0.811
0.471 0.778 0.526 0.792
0.466 0.783 0.528 0.755
0.458 0.792 0.541 0.811
0.458 0.783 0.529 0.811
0.460 0.778 0.517 0.774
0.450 0.788 0.521 0.755
0.463 0.774 0.524 0.774
0.453 0.778 0.549 0.736
0.450 0.802 0.538 0.755
0.469 0.774 0.528 0.792
0.464 0.783 0.519 0.774
0.460 0.778 0.540 0.755
0.458 0.788 0.535 0.755
0.448 0.783 0.528 0.755
0.473 0.802 0.527 0.755
0.459 0.783 0.516 0.792
0.467 0.792 0.530 0.736
0.458 0.797 0.531 0.736
0.459 0.783 0.528 0.736
0.464 0.792 0.535 0.755
0.467 0.788 0.529 0.755
0.460 0.783 0.555 0.736
0.470 0.792 0.541 0.755
0.489 0.783 0.522 0.774
0.455 0.783 0.514 0.774
0.443 0.788 0.521 0.774
0.456 0.788 0.520 0.774
0.455 0.802 0.517 0.774
0.465 0.797 0.545 0.736
0.464 0.774 0.529 0.736
0.457 0.783 0.523 0.736
0.451 0.788 0.523 0.755
0.451 0.783 0.541 0.755
0.492 0.788 0.543 0.755
0.460 0.788 0.523 0.755
0.455 0.792 0.527 0.755
0.439 0.807 0.525 0.736
0.463 0.788 0.542 0.755
0.466 0.778 0.511 0.830
0.447 0.783 0.502 0.792
0.456 0.783 0.515 0.755
0.475 0.792 0.514 0.755
0.447 0.778 0.538 0.830
0.452 0.792 0.532 0.774
0.455 0.797 0.523 0.755
0.453 0.792 0.526 0.755
0.460 0.788 0.525 0.811
0.466 0.783 0.527 0.774
0.446 0.797 0.520 0.755
0.474 0.792 0.521 0.792
0.451 0.792 0.521 0.736
0.453 0.788 0.523 0.736
0.480 0.802 0.537 0.736
0.444 0.807 0.542 0.736
0.449 0.792 0.519 0.792
0.447 0.792 0.521 0.755
0.445 0.788 0.530 0.736
0.458 0.788 0.536 0.736
0.454 0.783 0.539 0.736
0.444 0.778 0.537 0.736
0.465 0.783 0.513 0.736
0.447 0.783 0.510 0.774
0.458 0.797 0.529 0.736
0.471 0.778 0.515 0.736
0.453 0.807 0.515 0.736
0.462 0.788 0.509 0.755
0.460 0.792 0.506 0.774
0.454 0.788 0.517 0.811
0.448 0.788 0.520 0.755
0.447 0.788 0.527 0.755
0.468 0.774 0.528 0.755
0.440 0.788 0.529 0.736
0.440 0.783 0.516 0.774
0.449 0.778 0.522 0.755
0.447 0.792 0.508 0.792
0.458 0.783 0.502 0.792
0.468 0.783 0.517 0.774
0.450 0.788 0.512 0.792
0.481 0.783 0.517 0.755
0.441 0.774 0.532 0.755
0.448 0.778 0.530 0.755
0.447 0.788 0.526 0.755
0.448 0.774 0.536 0.755
0.435 0.792 0.522 0.755
0.448 0.788 0.531 0.774
0.486 0.759 0.539 0.774
0.457 0.792 0.520 0.755
0.463 0.788 0.515 0.811
0.459 0.792 0.528 0.755
0.449 0.792 0.529 0.755
0.444 0.802 0.515 0.736
0.457 0.797 0.513 0.755
0.448 0.788 0.507 0.792
0.441 0.788 0.517 0.736
0.450 0.797 0.525 0.736
0.451 0.797 0.536 0.736
0.455 0.802 0.516 0.736
0.453 0.802 0.512 0.736
0.464 0.792 0.513 0.774
0.450 0.797 0.521 0.736
0.463 0.788 0.528 0.736
0.438 0.816 0.513 0.736
0.450 0.807 0.513 0.755
0.450 0.788 0.514 0.755
0.467 0.788 0.522 0.736
0.443 0.783 0.521 0.736
0.440 0.788 0.510 0.774
0.447 0.802 0.516 0.736
0.453 0.788 0.522 0.736
0.469 0.802 0.542 0.736
0.448 0.783 0.550 0.736
0.454 0.788 0.529 0.736
0.461 0.792 0.524 0.736
0.448 0.792 0.518 0.811
0.466 0.788 0.518 0.755
0.458 0.788 0.518 0.736
0.450 0.783 0.532 0.736
0.458 0.778 0.518 0.736
0.460 0.783 0.504 0.774
0.450 0.792 0.502 0.774
0.444 0.783 0.524 0.736
0.443 0.792 0.542 0.736
0.438 0.792 0.535 0.736
0.445 0.783 0.528 0.755
0.454 0.788 0.517 0.736
0.447 0.783 0.505 0.811
0.452 0.792 0.517 0.736
0.451 0.792 0.524 0.736
0.453 0.783 0.538 0.736
0.462 0.788 0.516 0.755
0.459 0.783 0.505 0.774
0.459 0.797 0.509 0.774
0.448 0.807 0.520 0.736
0.462 0.778 0.528 0.755
0.457 0.788 0.523 0.736
0.443 0.792 0.512 0.736
0.448 0.788 0.506 0.774
0.448 0.783 0.507 0.774
0.447 0.797 0.524 0.736
0.441 0.774 0.537 0.736
0.451 0.783 0.530 0.736
0.441 0.783 0.538 0.736
0.448 0.792 0.522 0.736
0.470 0.792 0.507 0.755
0.438 0.783 0.502 0.792
0.452 0.788 0.505 0.774
0.450 0.792 0.509 0.774
0.436 0.792 0.520 0.755
0.442 0.783 0.522 0.736
0.472 0.778 0.519 0.736
0.453 0.778 0.507 0.774
0.435 0.783 0.506 0.774
0.465 0.792 0.505 0.792
0.454 0.802 0.506 0.774
0.452 0.778 0.503 0.792
0.448 0.807 0.516 0.736
0.447 0.778 0.522 0.736
0.442 0.797 0.523 0.736
0.443 0.788 0.528 0.736
0.425 0.783 0.522 0.755
0.458 0.792 0.527 0.755
0.447 0.792 0.515 0.736
0.439 0.788 0.508 0.774
0.434 0.783 0.513 0.736
0.448 0.788 0.514 0.736
0.458 0.788 0.517 0.736
0.449 0.797 0.507 0.755
0.444 0.783 0.508 0.755
0.449 0.783 0.508 0.792
0.451 0.788 0.520 0.736
0.465 0.792 0.514 0.736
0.439 0.788 0.532 0.736
0.445 0.783 0.521 0.736
0.446 0.788 0.508 0.774
0.441 0.778 0.508 0.792
0.455 0.783 0.515 0.736
0.439 0.783 0.526 0.736
0.447 0.783 0.516 0.736
0.460 0.783 0.518 0.736
0.451 0.792 0.503 0.792
0.446 0.797 0.506 0.774
0.459 0.788 0.511 0.736
0.457 0.764 0.511 0.755
0.445 0.788 0.515 0.792
0.412 0.792 0.510 0.774
0.449 0.778 0.505 0.774
0.442 0.788 0.512 0.736
0.461 0.797 0.515 0.736
0.448 0.778 0.516 0.736
0.429 0.783 0.514 0.774
0.458 0.783 0.509 0.792
0.449 0.792 0.507 0.774
0.439 0.788 0.509 0.792
0.450 0.783 0.514 0.792
0.450 0.802 0.521 0.736
0.444 0.783 0.517 0.736
0.436 0.802 0.516 0.736
0.450 0.792 0.513 0.755
0.426 0.792 0.511 0.736
0.455 0.797 0.509 0.755
0.445 0.783 0.506 0.774
0.434 0.797 0.518 0.736
0.449 0.774 0.517 0.736
0.455 0.797 0.519 0.736
0.457 0.792 0.510 0.774
0.439 0.797 0.508 0.774
0.434 0.797 0.509 0.774
0.454 0.797 0.521 0.736
0.434 0.783 0.511 0.736
0.449 0.778 0.502 0.774
0.443 0.788 0.504 0.774
0.441 0.788 0.510 0.736
0.441 0.792 0.507 0.774
0.436 0.788 0.508 0.774
0.440 0.788 0.511 0.736
0.435 0.792 0.521 0.755
0.440 0.783 0.520 0.736
0.459 0.778 0.518 0.736
0.440 0.797 0.517 0.736
0.443 0.783 0.508 0.792
0.460 0.792 0.517 0.774
0.442 0.788 0.514 0.736
0.444 0.778 0.501 0.774
0.438 0.797 0.503 0.792
0.453 0.792 0.504 0.792
0.445 0.792 0.509 0.755
0.420 0.792 0.509 0.736
0.447 0.797 0.514 0.736
0.446 0.797 0.517 0.736
0.437 0.797 0.517 0.755
0.433 0.792 0.510 0.792
0.438 0.802 0.506 0.774
0.434 0.792 0.510 0.774
0.446 0.778 0.520 0.736
0.435 0.797 0.514 0.774
0.424 0.802 0.513 0.755
0.448 0.802 0.511 0.792
0.444 0.797 0.511 0.755
0.441 0.792 0.512 0.736
0.460 0.792 0.509 0.774
0.451 0.788 0.511 0.774
0.433 0.797 0.510 0.755
0.444 0.792 0.513 0.736
0.452 0.788 0.508 0.792
0.438 0.797 0.512 0.736
0.448 0.792 0.511 0.755
0.440 0.783 0.510 0.755
0.441 0.788 0.506 0.792
0.447 0.792 0.507 0.774
0.434 0.783 0.506 0.774
0.440 0.792 0.505 0.792
0.440 0.792 0.507 0.792
0.443 0.788 0.507 0.792
0.448 0.792 0.511 0.755
0.445 0.783 0.511 0.736
0.441 0.797 0.509 0.792
0.439 0.802 0.509 0.792
0.442 0.783 0.510 0.792
0.447 0.792 0.514 0.792
0.430 0.788 0.518 0.736
0.422 0.792 0.523 0.736
0.439 0.788 0.522 0.755
0.437 0.788 0.515 0.774
0.444 0.792 0.508 0.755
0.446 0.788 0.509 0.755
0.460 0.807 0.513 0.736
0.450 0.788 0.516 0.736
0.448 0.792 0.519 0.736
0.460 0.774 0.518 0.698
0.453 0.792 0.505 0.774
0.439 0.807 0.513 0.774
0.438 0.792 0.514 0.755
0.431 0.788 0.507 0.774
0.453 0.792 0.504 0.792
0.442 0.802 0.508 0.792
0.435 0.797 0.509 0.792
0.430 0.792 0.515 0.736
0.444 0.797 0.515 0.736
0.423 0.807 0.510 0.736
0.444 0.797 0.510 0.755
0.437 0.807 0.509 0.792
0.451 0.788 0.516 0.755
0.427 0.788 0.510 0.792
0.436 0.797 0.515 0.736
0.444 0.792 0.512 0.736
0.456 0.774 0.511 0.792
0.440 0.783 0.505 0.792
0.438 0.792 0.501 0.792
0.433 0.807 0.505 0.792
0.444 0.802 0.508 0.792
0.440 0.797 0.509 0.792
0.429 0.788 0.512 0.792
0.442 0.792 0.516 0.755
0.432 0.792 0.511 0.774
0.452 0.792 0.511 0.755
0.441 0.807 0.502 0.792
0.446 0.797 0.503 0.792
0.460 0.792 0.501 0.792
0.434 0.797 0.504 0.792
0.436 0.797 0.500 0.792
0.435 0.792 0.503 0.792
0.453 0.792 0.507 0.774
0.437 0.802 0.506 0.792
0.433 0.802 0.509 0.792
0.432 0.797 0.511 0.792
0.440 0.783 0.512 0.792
0.446 0.807 0.508 0.792
0.463 0.797 0.506 0.774
0.436 0.788 0.503 0.792
0.447 0.797 0.500 0.792
0.447 0.792 0.504 0.792
0.450 0.792 0.507 0.774
0.450 0.792 0.510 0.736
0.439 0.788 0.511 0.736
0.437 0.788 0.506 0.736
0.449 0.792 0.500 0.792
0.450 0.788 0.501 0.792
0.446 0.778 0.501 0.792
0.445 0.792 0.499 0.792
0.456 0.802 0.502 0.774
0.446 0.788 0.500 0.792
0.455 0.792 0.499 0.792
0.429 0.802 0.500 0.792
0.440 0.792 0.507 0.774
0.424 0.792 0.505 0.792
0.440 0.797 0.502 0.792
0.442 0.792 0.503 0.792
0.439 0.797 0.505 0.792
0.448 0.807 0.504 0.792
0.438 0.802 0.505 0.792
0.437 0.802 0.505 0.792
0.441 0.802 0.503 0.792
0.443 0.797 0.500 0.792
0.435 0.797 0.500 0.792
0.458 0.797 0.502 0.792
0.429 0.807 0.499 0.792
0.435 0.792 0.501 0.792
0.438 0.797 0.503 0.792
0.434 0.788 0.506 0.774
0.429 0.807 0.508 0.755
0.443 0.774 0.505 0.774
0.442 0.788 0.501 0.792
0.441 0.802 0.500 0.792
0.446 0.797 0.502 0.792
0.445 0.797 0.500 0.792
0.440 0.792 0.498 0.792
0.439 0.797 0.501 0.792
0.458 0.802 0.506 0.755
0.439 0.792 0.504 0.755
0.447 0.788 0.505 0.755
0.433 0.792 0.499 0.792
0.457 0.797 0.501 0.792
0.419 0.802 0.500 0.792
0.442 0.792 0.505 0.774
0.447 0.797 0.508 0.755
0.435 0.802 0.504 0.774
0.434 0.802 0.508 0.736
0.448 0.797 0.501 0.792
0.441 0.797 0.502 0.792
0.433 0.807 0.502 0.774
0.450 0.797 0.507 0.736
0.445 0.811 0.505 0.774
0.431 0.797 0.502 0.792
0.436 0.811 0.500 0.792
0.446 0.792 0.499 0.792
0.440 0.807 0.499 0.792
0.422 0.802 0.504 0.792
0.446 0.783 0.502 0.792
0.451 0.802 0.497 0.792
0.435 0.797 0.496 0.792
0.430 0.792 0.496 0.792
0.437 0.783 0.500 0.792
0.428 0.802 0.501 0.774
0.438 0.807 0.498 0.792
0.429 0.797 0.501 0.792
0.426 0.802 0.503 0.792
0.442 0.807 0.505 0.792
0.438 0.807 0.502 0.792
0.444 0.802 0.504 0.774
0.442 0.792 0.513 0.736
0.438 0.792 0.508 0.755
0.440 0.802 0.501 0.774
0.440 0.807 0.498 0.792
0.438 0.797 0.499 0.792
0.439 0.802 0.500 0.792
0.446 0.807 0.502 0.792
0.436 0.802 0.505 0.755
0.449 0.797 0.505 0.755
0.445 0.802 0.506 0.755
0.432 0.797 0.510 0.755
0.439 0.792 0.502 0.792
0.438 0.802 0.499 0.792
0.422 0.797 0.499 0.792
0.438 0.807 0.499 0.792
0.438 0.811 0.502 0.792
0.450 0.802 0.505 0.792
0.433 0.802 0.503 0.792
0.458 0.797 0.505 0.792
0.436 0.797 0.502 0.792
0.470 0.797 0.500 0.792
0.429 0.797 0.497 0.792
0.429 0.788 0.500 0.792
0.439 0.802 0.502 0.792
0.433 0.802 0.499 0.792
0.438 0.802 0.500 0.792
0.442 0.802 0.502 0.755
0.440 0.792 0.504 0.755
0.456 0.802 0.502 0.792
0.426 0.792 0.502 0.792
0.433 0.802 0.506 0.792
0.438 0.802 0.502 0.792
0.440 0.807 0.501 0.792
0.417 0.802 0.498 0.792
0.437 0.807 0.498 0.774
0.441 0.797 0.498 0.774
0.428 0.802 0.498 0.792
0.444 0.797 0.501 0.792
0.445 0.802 0.502 0.792
0.429 0.778 0.503 0.755
0.450 0.811 0.504 0.755
0.440 0.797 0.502 0.774
0.436 0.802 0.501 0.792
0.444 0.797 0.501 0.792
0.438 0.802 0.503 0.792
0.434 0.802 0.499 0.792
0.427 0.788 0.498 0.792
0.444 0.797 0.498 0.792
0.425 0.807 0.499 0.774
0.432 0.797 0.498 0.792
0.426 0.792 0.499 0.792
0.432 0.807 0.503 0.792
0.437 0.783 0.504 0.755
0.451 0.783 0.504 0.755
0.445 0.788 0.500 0.774
0.445 0.807 0.499 0.792
0.437 0.807 0.499 0.792
0.441 0.792 0.498 0.792
0.430 0.792 0.500 0.792
0.460 0.792 0.502 0.774
0.446 0.802 0.500 0.774
0.445 0.797 0.502 0.792
0.440 0.802 0.498 0.774
0.420 0.797 0.497 0.774
0.439 0.788 0.498 0.792
0.432 0.797 0.496 0.792
0.440 0.792 0.496 0.792
0.449 0.797 0.497 0.792
0.448 0.797 0.499 0.792
0.439 0.792 0.506 0.755
0.434 0.797 0.507 0.755
0.425 0.797 0.510 0.774
0.456 0.797 0.509 0.774
0.437 0.797 0.509 0.774
0.444 0.788 0.508 0.774
0.440 0.802 0.501 0.792
0.445 0.802 0.497 0.792
0.446 0.797 0.497 0.792
0.447 0.778 0.500 0.792
0.438 0.792 0.499 0.792
0.433 0.797 0.503 0.755
0.426 0.802 0.505 0.755
0.439 0.792 0.501 0.774
0.432 0.807 0.498 0.792
0.435 0.797 0.497 0.792
0.443 0.802 0.500 0.792
0.439 0.807 0.499 0.792
0.440 0.797 0.498 0.774
0.432 0.792 0.499 0.792
0.432 0.797 0.499 0.792
0.427 0.797 0.500 0.792
0.444 0.792 0.500 0.792
0.443 0.797 0.502 0.792
0.434 0.802 0.500 0.792
0.454 0.797 0.501 0.792
0.456 0.797 0.499 0.792
0.439 0.802 0.495 0.792
0.456 0.792 0.498 0.792
0.435 0.802 0.498 0.792
0.436 0.811 0.499 0.792
0.431 0.792 0.498 0.792
0.433 0.802 0.498 0.792
0.447 0.788 0.500 0.792
0.455 0.807 0.496 0.792
0.445 0.807 0.497 0.792
0.444 0.802 0.496 0.792
0.443 0.783 0.496 0.774
0.417 0.802 0.496 0.792
0.440 0.797 0.499 0.792
0.450 0.797 0.501 0.792
0.450 0.811 0.499 0.792
0.446 0.788 0.500 0.774
0.438 0.792 0.499 0.792
0.430 0.802 0.500 0.774
0.435 0.802 0.497 0.792
0.431 0.802 0.496 0.774
0.436 0.788 0.497 0.792
0.445 0.797 0.497 0.792
0.439 0.797 0.496 0.792
0.447 0.797 0.498 0.792
0.441 0.802 0.497 0.792
0.447 0.797 0.498 0.792
0.427 0.792 0.499 0.792
0.450 0.807 0.499 0.792
0.430 0.807 0.500 0.792
0.426 0.802 0.500 0.792
0.425 0.797 0.497 0.792
0.430 0.802 0.495 0.792
0.430 0.797 0.494 0.792
0.436 0.792 0.494 0.792
0.423 0.797 0.495 0.792
0.447 0.792 0.497 0.792
0.456 0.797 0.497 0.792
0.441 0.807 0.495 0.792
0.449 0.802 0.494 0.792
0.445 0.802 0.494 0.792
0.435 0.792 0.494 0.792
0.435 0.802 0.496 0.792
0.433 0.802 0.498 0.792
0.430 0.797 0.501 0.792
0.444 0.792 0.502 0.792
0.422 0.807 0.499 0.792
0.437 0.807 0.498 0.792
0.447 0.788 0.496 0.792
0.438 0.802 0.495 0.792
0.417 0.807 0.495 0.792
0.460 0.802 0.495 0.792
0.445 0.797 0.499 0.792
0.436 0.802 0.497 0.792
0.438 0.807 0.497 0.792
0.443 0.802 0.498 0.792
0.434 0.792 0.498 0.792
0.439 0.811 0.496 0.792
0.448 0.797 0.497 0.792
0.470 0.792 0.497 0.792
0.429 0.797 0.496 0.792
0.459 0.807 0.497 0.792
0.441 0.807 0.494 0.792
0.439 0.792 0.493 0.792
0.438 0.807 0.492 0.792
0.457 0.807 0.493 0.774
0.446 0.797 0.495 0.774
0.447 0.802 0.495 0.792
0.447 0.807 0.493 0.792
0.431 0.802 0.491 0.792
0.438 0.802 0.493 0.792
0.442 0.788 0.495 0.792
0.434 0.792 0.496 0.792
0.432 0.797 0.495 0.792
0.453 0.802 0.497 0.792
0.427 0.802 0.498 0.792
0.434 0.788 0.500 0.792
0.441 0.802 0.498 0.792
0.456 0.802 0.496 0.792
0.453 0.788 0.498 0.792
0.447 0.802 0.495 0.792
0.431 0.802 0.493 0.792
0.440 0.797 0.496 0.792
0.449 0.797 0.496 0.792
0.438 0.802 0.495 0.792
0.435 0.802 0.497 0.792
0.432 0.797 0.498 0.792
0.445 0.802 0.494 0.792
0.418 0.802 0.493 0.792
0.440 0.807 0.493 0.792
0.430 0.797 0.496 0.792
0.450 0.807 0.495 0.792
0.464 0.797 0.497 0.792
0.441 0.797 0.498 0.792
0.430 0.807 0.496 0.792
0.445 0.802 0.496 0.792
0.457 0.797 0.494 0.792
0.434 0.807 0.492 0.792
0.441 0.807 0.492 0.792
0.445 0.807 0.491 0.792
0.436 0.811 0.493 0.792
0.442 0.807 0.493 0.792
0.446 0.802 0.493 0.792
0.442 0.797 0.492 0.774
0.431 0.792 0.493 0.774
0.437 0.802 0.494 0.774
0.447 0.802 0.494 0.792
0.441 0.802 0.495 0.792
0.422 0.797 0.496 0.792
0.440 0.797 0.495 0.792
0.449 0.797 0.494 0.792
0.428 0.797 0.490 0.792
0.440 0.797 0.491 0.792
0.441 0.802 0.492 0.792
0.435 0.797 0.489 0.792
0.430 0.792 0.490 0.792
0.430 0.797 0.490 0.792
0.448 0.783 0.494 0.792
0.429 0.802 0.496 0.792
0.436 0.792 0.496 0.792
0.432 0.792 0.496 0.792
0.441 0.788 0.495 0.792
0.443 0.797 0.494 0.792
0.432 0.797 0.493 0.792
0.432 0.792 0.492 0.792
0.414 0.802 0.493 0.792
0.439 0.807 0.494 0.792
0.423 0.807 0.493 0.792
0.429 0.797 0.492 0.792
0.465 0.792 0.494 0.792
0.430 0.797 0.496 0.792
0.439 0.792 0.497 0.792
0.433 0.792 0.498 0.792
0.433 0.802 0.497 0.792
0.439 0.792 0.498 0.792
0.441 0.807 0.496 0.792
0.455 0.802 0.496 0.792
0.451 0.788 0.493 0.792
0.422 0.797 0.494 0.792
0.437 0.802 0.494 0.792
0.435 0.788 0.495 0.792
0.449 0.807 0.494 0.792
0.438 0.783 0.492 0.792
0.465 0.792 0.493 0.792
0.431 0.802 0.493 0.792
0.437 0.802 0.495 0.792
0.441 0.792 0.495 0.792
0.429 0.802 0.495 0.792
0.445 0.792 0.495 0.792
0.435 0.802 0.496 0.792
0.461 0.792 0.495 0.792
0.426 0.802 0.495 0.792
0.433 0.797 0.495 0.792
0.444 0.802 0.495 0.792
0.438 0.802 0.495 0.792
0.428 0.797 0.495 0.792
0.440 0.807 0.496 0.792
0.425 0.802 0.496 0.792
0.456 0.802 0.494 0.792
0.440 0.792 0.495 0.792
0.432 0.788 0.495 0.792
0.457 0.797 0.495 0.792
0.430 0.802 0.493 0.792
0.443 0.802 0.492 0.792
0.442 0.788 0.491 0.792
0.444 0.792 0.491 0.792
0.432 0.788 0.491 0.792
0.443 0.778 0.491 0.792
0.442 0.783 0.491 0.792
0.432 0.802 0.492 0.792
0.443 0.788 0.492 0.792
0.427 0.811 0.493 0.792
0.446 0.802 0.495 0.792
0.424 0.802 0.493 0.792
0.434 0.802 0.493 0.792
0.440 0.788 0.495 0.792
0.441 0.802 0.493 0.792
0.449 0.797 0.493 0.792
0.436 0.797 0.493 0.792
0.433 0.802 0.494 0.792
0.453 0.807 0.493 0.792
0.441 0.802 0.494 0.792
0.427 0.807 0.495 0.792
0.449 0.797 0.493 0.792
0.435 0.807 0.494 0.792
0.431 0.797 0.493 0.792
0.440 0.802 0.494 0.792
0.433 0.802 0.492 0.792
0.441 0.802 0.493 0.792
0.448 0.802 0.490 0.792
0.437 0.802 0.490 0.792
0.434 0.797 0.491 0.792
0.414 0.797 0.490 0.792
0.435 0.792 0.491 0.792
0.457 0.797 0.492 0.792
0.408 0.802 0.493 0.792
0.440 0.792 0.496 0.792
0.441 0.797 0.496 0.792
0.441 0.802 0.495 0.792
0.438 0.807 0.495 0.792
0.438 0.802 0.495 0.792
0.441 0.792 0.495 0.792
0.450 0.792 0.494 0.792
0.439 0.797 0.494 0.792
0.451 0.788 0.494 0.792
0.448 0.802 0.492 0.792
0.427 0.802 0.492 0.792
0.442 0.788 0.492 0.792
0.441 0.792 0.492 0.792
0.426 0.797 0.493 0.792
0.436 0.802 0.493 0.792
0.434 0.797 0.493 0.792
0.414 0.797 0.493 0.792
0.462 0.807 0.493 0.792
0.436 0.797 0.493 0.792
0.431 0.802 0.493 0.792
0.436 0.802 0.492 0.792
0.437 0.792 0.492 0.792
0.426 0.802 0.492 0.792
