6.724 0.321 1.997 0.585 0.846 0.833 0.833 0.833 
0.999 0.759 2.975 0.623 1.000 1.000 1.000 1.000 
1.492 0.774 3.104 0.623 1.000 1.000 1.000 1.000 
1.302 0.774 2.164 0.623 1.000 1.000 1.000 1.000 
0.800 0.774 0.943 0.623 1.000 1.000 1.000 1.000 
0.676 0.651 0.754 0.491 0.615 0.722 0.722 0.722 
0.693 0.514 0.792 0.623 1.000 1.000 1.000 1.000 
0.519 0.774 1.210 0.623 1.000 1.000 1.000 1.000 
0.667 0.778 1.426 0.623 1.000 1.000 1.000 1.000 
0.726 0.778 1.423 0.623 1.000 1.000 1.000 1.000 
0.722 0.783 1.244 0.623 1.000 1.000 1.000 1.000 
0.620 0.769 0.956 0.642 1.000 1.000 1.000 1.000 
0.540 0.755 0.766 0.698 1.000 0.889 0.889 0.889 
0.502 0.741 0.734 0.717 0.846 0.833 0.833 0.833 
0.499 0.755 0.781 0.660 0.923 0.944 0.944 0.944 
0.495 0.755 0.844 0.623 1.000 1.000 1.000 1.000 
0.498 0.769 0.870 0.623 1.000 1.000 1.000 1.000 
0.467 0.778 0.822 0.623 1.000 1.000 1.000 1.000 
0.529 0.745 0.819 0.623 1.000 1.000 1.000 1.000 
0.541 0.764 0.815 0.623 1.000 1.000 1.000 1.000 
0.521 0.736 0.840 0.623 1.000 1.000 1.000 1.000 
0.471 0.769 0.826 0.623 1.000 1.000 1.000 1.000 
0.505 0.759 0.838 0.623 1.000 1.000 1.000 1.000 
0.488 0.755 0.804 0.623 1.000 1.000 1.000 1.000 
0.485 0.759 0.788 0.642 1.000 1.000 1.000 1.000 
0.486 0.750 0.799 0.642 1.000 1.000 1.000 1.000 
0.479 0.755 0.849 0.623 1.000 1.000 1.000 1.000 
0.459 0.755 0.877 0.623 1.000 1.000 1.000 1.000 
0.491 0.759 0.887 0.623 1.000 1.000 1.000 1.000 
0.484 0.769 0.847 0.623 1.000 1.000 1.000 1.000 
0.467 0.764 0.830 0.623 1.000 1.000 1.000 1.000 
0.480 0.769 0.854 0.623 1.000 1.000 1.000 1.000 
0.491 0.769 0.888 0.623 1.000 1.000 1.000 1.000 
0.505 0.778 0.896 0.623 1.000 1.000 1.000 1.000 
0.489 0.759 0.847 0.642 0.923 0.944 0.944 0.944 
0.474 0.750 0.801 0.679 0.846 0.889 0.889 0.889 
0.463 0.764 0.807 0.660 0.923 0.944 0.944 0.944 
0.498 0.764 0.889 0.623 1.000 1.000 1.000 1.000 
0.466 0.759 0.894 0.623 1.000 1.000 1.000 1.000 
0.488 0.778 0.893 0.623 1.000 1.000 1.000 1.000 
0.471 0.764 0.817 0.623 1.000 1.000 1.000 1.000 
0.494 0.750 0.833 0.623 1.000 1.000 1.000 1.000 
0.470 0.759 0.835 0.623 1.000 1.000 1.000 1.000 
0.485 0.769 0.852 0.623 1.000 1.000 1.000 1.000 
0.472 0.774 0.834 0.642 1.000 1.000 1.000 1.000 
0.472 0.774 0.835 0.642 1.000 1.000 1.000 1.000 
6.725 0.321 1.997 0.585 0.846 0.833 0.833 0.833 
0.999 0.759 2.974 0.623 1.000 1.000 1.000 1.000 
1.492 0.774 3.104 0.623 1.000 1.000 1.000 1.000 
1.302 0.774 2.164 0.623 1.000 1.000 1.000 1.000 
0.800 0.774 0.943 0.623 1.000 1.000 1.000 1.000 
0.675 0.651 0.753 0.491 0.615 0.722 0.722 0.722 
0.693 0.514 0.792 0.623 1.000 1.000 1.000 1.000 
0.520 0.778 1.210 0.623 1.000 1.000 1.000 1.000 
0.666 0.778 1.426 0.623 1.000 1.000 1.000 1.000 
0.726 0.783 1.420 0.623 1.000 1.000 1.000 1.000 
0.721 0.783 1.240 0.623 1.000 1.000 1.000 1.000 
0.618 0.764 0.966 0.642 1.000 1.000 1.000 1.000 
0.537 0.745 0.765 0.717 0.923 0.889 0.889 0.889 
0.501 0.736 0.741 0.717 0.846 0.833 0.833 0.833 
0.498 0.750 0.786 0.660 0.923 0.944 0.944 0.944 
0.493 0.750 0.851 0.623 1.000 1.000 1.000 1.000 
0.498 0.778 0.863 0.623 1.000 1.000 1.000 1.000 
0.469 0.778 0.809 0.642 1.000 1.000 1.000 1.000 
0.531 0.745 0.808 0.642 1.000 1.000 1.000 1.000 
0.535 0.764 0.812 0.623 1.000 1.000 1.000 1.000 
0.512 0.741 0.843 0.623 1.000 1.000 1.000 1.000 
0.470 0.769 0.830 0.623 1.000 1.000 1.000 1.000 
0.504 0.755 0.837 0.623 1.000 1.000 1.000 1.000 
0.487 0.755 0.799 0.623 1.000 1.000 1.000 1.000 
0.487 0.764 0.789 0.642 1.000 1.000 1.000 1.000 
0.495 0.755 0.819 0.623 1.000 1.000 1.000 1.000 
0.476 0.755 0.872 0.623 1.000 1.000 1.000 1.000 
0.455 0.769 0.881 0.623 1.000 1.000 1.000 1.000 
0.490 0.764 0.876 0.623 1.000 1.000 1.000 1.000 
0.484 0.774 0.835 0.623 1.000 1.000 1.000 1.000 
0.470 0.759 0.840 0.623 1.000 1.000 1.000 1.000 
0.478 0.769 0.870 0.623 1.000 1.000 1.000 1.000 
0.487 0.778 0.886 0.623 1.000 1.000 1.000 1.000 
0.504 0.774 0.884 0.623 1.000 1.000 1.000 1.000 
0.492 0.759 0.848 0.642 0.923 0.944 0.944 0.944 
0.476 0.741 0.814 0.660 0.846 0.889 0.889 0.889 
0.461 0.764 0.823 0.623 1.000 1.000 1.000 1.000 
0.494 0.769 0.889 0.623 1.000 1.000 1.000 1.000 
0.468 0.759 0.887 0.623 1.000 1.000 1.000 1.000 
0.488 0.783 0.889 0.623 1.000 1.000 1.000 1.000 
0.472 0.750 0.821 0.623 1.000 1.000 1.000 1.000 
0.492 0.750 0.838 0.623 1.000 1.000 1.000 1.000 
0.468 0.769 0.834 0.623 1.000 1.000 1.000 1.000 
0.487 0.769 0.847 0.623 1.000 1.000 1.000 1.000 
0.474 0.764 0.832 0.642 1.000 1.000 1.000 1.000 
0.474 0.769 0.840 0.623 1.000 1.000 1.000 1.000 
0.483 0.755 0.880 0.623 1.000 1.000 1.000 1.000 
0.473 0.783 0.869 0.623 1.000 1.000 1.000 1.000 
0.469 0.764 0.847 0.642 0.923 0.944 0.944 0.944 
0.482 0.755 0.875 0.623 1.000 1.000 1.000 1.000 
0.468 0.778 0.855 0.623 1.000 1.000 1.000 1.000 
0.471 0.759 0.842 0.623 1.000 1.000 1.000 1.000 
0.474 0.759 0.875 0.623 1.000 1.000 1.000 1.000 
0.471 0.774 0.888 0.623 1.000 1.000 1.000 1.000 
0.491 0.759 0.886 0.623 1.000 1.000 1.000 1.000 
0.494 0.759 0.889 0.623 1.000 1.000 1.000 1.000 
0.475 0.778 0.897 0.623 1.000 1.000 1.000 1.000 
0.462 0.764 0.866 0.623 1.000 1.000 1.000 1.000 
0.475 0.788 0.846 0.642 1.000 1.000 1.000 1.000 
0.484 0.750 0.808 0.679 0.846 0.889 0.889 0.889 
0.470 0.774 0.833 0.660 0.923 0.944 0.944 0.944 
0.477 0.755 0.842 0.660 0.923 0.944 0.944 0.944 
0.463 0.764 0.812 0.660 0.923 0.944 0.944 0.944 
0.482 0.745 0.853 0.660 0.923 0.944 0.944 0.944 
0.488 0.759 0.853 0.660 0.923 0.944 0.944 0.944 
0.484 0.783 0.894 0.623 1.000 1.000 1.000 1.000 
0.457 0.778 0.862 0.660 0.923 0.944 0.944 0.944 
0.459 0.769 0.843 0.660 0.923 0.944 0.944 0.944 
0.467 0.764 0.898 0.642 1.000 1.000 1.000 1.000 
0.510 0.755 0.963 0.642 1.000 1.000 1.000 1.000 
0.500 0.755 0.928 0.642 1.000 1.000 1.000 1.000 
0.454 0.755 0.868 0.660 0.923 0.944 0.944 0.944 
0.489 0.764 0.885 0.642 1.000 1.000 1.000 1.000 
0.464 0.778 0.850 0.660 0.923 0.944 0.944 0.944 
0.497 0.759 0.891 0.642 1.000 1.000 1.000 1.000 
0.463 0.783 0.905 0.623 1.000 1.000 1.000 1.000 
0.468 0.783 0.889 0.660 0.923 0.944 0.944 0.944 
0.458 0.783 0.834 0.679 0.923 0.944 0.944 0.944 
0.475 0.774 0.844 0.679 0.923 0.944 0.944 0.944 
0.509 0.783 0.918 0.660 0.923 0.944 0.944 0.944 
0.491 0.778 0.880 0.679 0.923 0.944 0.944 0.944 
0.469 0.778 0.824 0.698 0.846 0.889 0.889 0.889 
0.457 0.774 0.837 0.679 0.923 0.944 0.944 0.944 
0.454 0.774 0.903 0.642 1.000 1.000 1.000 1.000 
0.437 0.778 0.922 0.642 1.000 1.000 1.000 1.000 
0.474 0.783 0.958 0.623 1.000 1.000 1.000 1.000 
0.448 0.788 0.862 0.679 0.923 0.944 0.944 0.944 
0.456 0.769 0.869 0.679 0.923 0.944 0.944 0.944 
0.505 0.778 0.955 0.642 1.000 1.000 1.000 1.000 
0.463 0.769 0.913 0.679 0.923 0.944 0.944 0.944 
0.467 0.769 0.846 0.679 0.923 0.944 0.944 0.944 
0.464 0.769 0.830 0.679 0.923 0.944 0.944 0.944 
0.471 0.755 0.968 0.660 1.000 1.000 1.000 1.000 
0.487 0.769 0.946 0.660 1.000 1.000 1.000 1.000 
0.466 0.778 0.858 0.679 0.923 0.944 0.944 0.944 
0.462 0.769 0.856 0.660 1.000 1.000 1.000 1.000 
0.465 0.769 0.945 0.660 1.000 1.000 1.000 1.000 
0.478 0.774 0.932 0.660 1.000 1.000 1.000 1.000 
0.472 0.778 0.852 0.679 0.923 0.944 0.944 0.944 
0.463 0.774 0.838 0.679 0.923 0.944 0.944 0.944 
0.438 0.792 0.888 0.660 1.000 1.000 1.000 1.000 
0.476 0.774 0.893 0.660 1.000 1.000 1.000 1.000 
0.503 0.778 0.829 0.698 0.923 0.889 0.889 0.889 
0.469 0.764 0.828 0.679 0.923 0.944 0.944 0.944 
0.457 0.778 0.880 0.660 1.000 1.000 1.000 1.000 
0.470 0.774 0.887 0.660 1.000 1.000 1.000 1.000 
0.474 0.759 0.832 0.660 1.000 1.000 1.000 1.000 
0.480 0.755 0.822 0.679 0.923 0.944 0.944 0.944 
0.489 0.783 0.850 0.660 1.000 1.000 1.000 1.000 
0.477 0.774 0.829 0.660 1.000 1.000 1.000 1.000 
0.446 0.792 0.840 0.660 1.000 1.000 1.000 1.000 
0.476 0.792 0.871 0.660 1.000 1.000 1.000 1.000 
0.483 0.778 0.892 0.660 1.000 1.000 1.000 1.000 
0.439 0.788 0.854 0.698 0.923 0.889 0.889 0.889 
0.448 0.797 0.850 0.698 0.923 0.889 0.889 0.889 
0.469 0.759 0.929 0.698 0.923 0.889 0.944 0.889 
0.486 0.778 0.946 0.679 0.923 0.944 0.944 0.944 
0.449 0.802 0.892 0.698 0.923 0.889 0.889 0.889 
0.470 0.778 0.879 0.698 0.923 0.889 0.889 0.889 
0.477 0.788 0.935 0.660 1.000 1.000 1.000 1.000 
0.465 0.792 0.940 0.679 0.923 0.944 0.944 0.944 
0.462 0.807 0.933 0.679 0.923 0.944 0.944 0.944 
0.475 0.783 0.893 0.679 0.923 0.889 0.944 0.889 
0.471 0.783 0.878 0.698 0.923 0.889 0.889 0.889 
0.467 0.769 0.952 0.660 1.000 1.000 1.000 1.000 
0.449 0.797 0.922 0.679 0.923 0.944 0.944 0.944 
0.466 0.778 0.874 0.698 0.923 0.889 0.889 0.889 
0.450 0.797 0.865 0.698 0.923 0.889 0.944 0.889 
0.447 0.788 0.893 0.679 1.000 0.944 0.944 0.944 
0.485 0.764 0.909 0.679 0.923 0.944 0.944 0.944 
0.491 0.788 0.892 0.679 0.923 0.944 0.944 0.944 
0.449 0.788 0.894 0.698 0.923 0.889 0.889 0.889 
0.487 0.792 0.948 0.679 1.000 0.944 0.944 0.944 
0.448 0.788 0.893 0.698 0.923 0.889 0.889 0.889 
0.476 0.764 0.908 0.679 0.923 0.889 0.944 0.889 
0.472 0.778 0.925 0.660 1.000 1.000 1.000 1.000 
0.488 0.788 0.955 0.679 0.923 0.944 0.944 0.944 
0.448 0.778 0.904 0.679 0.923 0.889 0.944 0.944 
0.495 0.769 0.896 0.698 0.923 0.889 0.889 0.889 
0.473 0.783 0.879 0.698 0.923 0.889 0.889 0.889 
0.465 0.788 0.848 0.698 0.923 0.889 0.889 0.889 
0.455 0.792 0.882 0.679 0.923 0.889 0.944 0.889 
0.446 0.807 0.920 0.660 1.000 0.944 1.000 0.944 
0.462 0.811 0.935 0.660 1.000 1.000 1.000 1.000 
0.500 0.783 0.925 0.660 1.000 0.944 1.000 0.944 
0.479 0.792 0.845 0.698 0.923 0.889 0.889 0.889 
0.449 0.788 0.852 0.698 0.923 0.889 0.889 0.889 
0.487 0.741 0.969 0.660 1.000 1.000 1.000 1.000 
0.471 0.774 0.967 0.660 1.000 1.000 1.000 1.000 
0.458 0.783 0.918 0.698 0.923 0.889 0.889 0.889 
0.454 0.792 0.906 0.698 0.923 0.889 0.889 0.889 
0.460 0.774 0.920 0.698 0.923 0.889 0.889 0.889 
0.450 0.788 0.931 0.679 1.000 0.944 0.944 0.944 
0.487 0.778 0.952 0.679 1.000 0.944 0.944 0.944 
0.485 0.759 0.896 0.698 0.923 0.889 0.889 0.889 
0.467 0.764 0.920 0.698 0.923 0.889 0.889 0.889 
0.463 0.792 0.942 0.679 0.923 0.889 0.944 0.889 
0.454 0.788 0.895 0.698 0.923 0.889 0.889 0.889 
0.515 0.755 0.972 0.679 1.000 0.944 0.944 0.944 
0.471 0.797 0.919 0.698 0.923 0.889 0.889 0.889 
0.440 0.797 0.854 0.698 0.923 0.889 0.889 0.889 
0.466 0.788 0.841 0.698 0.923 0.889 0.889 0.889 
0.525 0.774 0.931 0.698 0.923 0.889 0.889 0.889 
0.460 0.797 0.888 0.698 0.923 0.889 0.889 0.889 
0.447 0.797 0.854 0.698 0.923 0.889 0.889 0.889 
0.450 0.783 0.897 0.698 0.923 0.889 0.889 0.889 
0.499 0.783 1.006 0.679 0.923 0.889 0.944 0.889 
0.450 0.811 0.925 0.698 0.923 0.889 0.889 0.889 
0.462 0.802 0.873 0.698 0.923 0.889 0.889 0.889 
0.514 0.783 0.959 0.679 1.000 0.944 0.944 0.944 
0.477 0.788 0.886 0.698 0.923 0.889 0.889 0.889 
0.466 0.783 0.894 0.698 0.923 0.889 0.889 0.889 
0.432 0.811 0.877 0.698 0.923 0.889 0.889 0.889 
0.458 0.792 0.927 0.679 1.000 0.944 0.944 0.944 
0.448 0.778 0.912 0.679 1.000 0.944 0.944 0.944 
0.471 0.774 0.895 0.698 0.923 0.889 0.889 0.889 
0.457 0.788 0.925 0.698 0.923 0.889 0.889 0.889 
0.482 0.788 0.909 0.698 0.923 0.889 0.889 0.889 
0.462 0.811 0.878 0.679 1.000 0.944 0.944 0.944 
0.480 0.774 0.877 0.698 0.923 0.889 0.889 0.889 
0.455 0.774 0.896 0.698 0.923 0.889 0.889 0.889 
0.468 0.792 0.937 0.698 0.923 0.889 0.889 0.889 
0.460 0.778 0.893 0.698 0.923 0.889 0.889 0.889 
0.456 0.792 0.875 0.698 0.923 0.889 0.889 0.889 
0.485 0.774 0.921 0.698 0.923 0.889 0.889 0.889 
0.458 0.797 0.911 0.698 0.923 0.889 0.889 0.889 
0.458 0.778 0.901 0.698 0.923 0.889 0.889 0.889 
0.472 0.797 0.870 0.698 0.923 0.889 0.889 0.889 
0.501 0.769 0.931 0.698 0.923 0.889 0.889 0.889 
0.450 0.783 0.909 0.698 0.923 0.889 0.889 0.889 
0.458 0.783 0.859 0.698 0.923 0.889 0.889 0.889 
0.480 0.778 0.842 0.679 1.000 0.944 0.944 0.944 
0.495 0.759 0.900 0.698 0.923 0.889 0.889 0.889 
0.454 0.792 0.887 0.698 0.923 0.889 0.889 0.889 
0.452 0.792 0.873 0.698 0.923 0.889 0.889 0.889 
0.481 0.769 1.029 0.679 1.000 0.944 0.944 0.944 
0.464 0.783 0.984 0.679 1.000 0.944 0.944 0.944 
0.458 0.778 0.905 0.679 1.000 0.944 0.944 0.944 
0.482 0.764 0.896 0.698 0.923 0.889 0.889 0.889 
0.453 0.774 0.984 0.679 1.000 0.944 0.944 0.944 
0.453 0.797 0.951 0.679 1.000 0.944 0.944 0.944 
0.440 0.807 0.893 0.679 1.000 0.944 0.944 0.944 
0.461 0.774 0.909 0.679 1.000 0.944 0.944 0.944 
0.444 0.783 1.007 0.679 1.000 0.944 0.944 0.944 
0.490 0.802 0.986 0.679 1.000 0.944 0.944 0.944 
0.443 0.783 0.870 0.698 0.923 0.889 0.889 0.889 
0.467 0.778 0.949 0.698 0.923 0.889 0.889 0.889 
0.431 0.807 0.966 0.679 1.000 0.944 0.944 0.944 
0.436 0.792 0.926 0.679 1.000 0.944 0.944 0.944 
0.467 0.774 0.896 0.679 1.000 0.944 0.944 0.944 
0.464 0.802 0.917 0.698 0.923 0.889 0.889 0.889 
0.478 0.797 0.956 0.698 0.923 0.889 0.889 0.889 
0.448 0.802 0.877 0.698 0.923 0.889 0.889 0.889 
0.460 0.797 0.827 0.698 0.923 0.889 0.889 0.889 
0.485 0.788 0.910 0.698 0.923 0.889 0.889 0.889 
0.434 0.797 0.908 0.698 0.923 0.889 0.889 0.889 
0.460 0.788 0.926 0.698 0.923 0.889 0.889 0.889 
0.443 0.797 0.928 0.679 1.000 0.944 0.944 0.944 
0.518 0.778 0.975 0.679 1.000 0.944 0.944 0.944 
0.442 0.792 0.900 0.698 0.923 0.889 0.889 0.889 
0.451 0.792 0.911 0.698 0.923 0.889 0.889 0.889 
0.456 0.792 0.917 0.679 1.000 0.944 0.944 0.944 
0.517 0.783 1.016 0.679 1.000 0.944 0.944 0.944 
0.469 0.788 0.994 0.698 0.923 0.889 0.889 0.889 
0.438 0.802 0.912 0.698 0.923 0.889 0.889 0.889 
0.462 0.788 0.898 0.698 0.923 0.889 0.889 0.889 
0.491 0.759 0.965 0.679 1.000 0.944 0.944 0.944 
0.479 0.802 0.942 0.679 1.000 0.944 0.944 0.944 
0.471 0.783 0.862 0.698 0.923 0.889 0.889 0.889 
0.452 0.811 0.913 0.679 1.000 0.944 0.944 0.944 
0.450 0.778 0.906 0.679 1.000 0.944 0.944 0.944 
0.471 0.792 0.936 0.679 1.000 0.944 0.944 0.944 
0.468 0.788 0.912 0.698 0.923 0.889 0.889 0.889 
0.473 0.792 0.905 0.698 0.923 0.889 0.889 0.889 
0.452 0.778 0.863 0.698 0.923 0.889 0.889 0.889 
0.449 0.774 0.899 0.679 1.000 0.944 0.944 0.944 
0.463 0.769 0.958 0.679 1.000 0.944 0.944 0.944 
0.446 0.783 0.905 0.698 0.923 0.889 0.889 0.889 
0.485 0.788 0.952 0.679 1.000 0.944 0.944 0.944 
0.458 0.774 0.936 0.698 0.923 0.889 0.889 0.889 
0.442 0.778 0.924 0.698 0.923 0.889 0.889 0.889 
0.492 0.802 0.986 0.679 1.000 0.944 0.944 0.944 
0.472 0.788 0.916 0.679 1.000 0.944 0.944 0.944 
0.462 0.783 0.897 0.698 0.923 0.889 0.889 0.889 
0.454 0.783 0.892 0.698 0.923 0.889 0.889 0.889 
0.480 0.797 0.931 0.679 1.000 0.944 0.944 0.944 
0.447 0.792 0.894 0.698 0.923 0.889 0.889 0.889 
0.465 0.792 0.911 0.679 1.000 0.944 0.944 0.944 
0.452 0.764 0.882 0.679 1.000 0.944 0.944 0.944 
0.444 0.788 0.896 0.698 0.923 0.889 0.889 0.889 
0.438 0.783 0.913 0.698 0.923 0.889 0.889 0.889 
0.431 0.778 0.891 0.698 0.923 0.889 0.889 0.889 
0.468 0.788 0.892 0.698 0.923 0.889 0.889 0.889 
0.487 0.759 0.911 0.698 0.923 0.889 0.889 0.889 
0.421 0.783 0.888 0.698 0.923 0.889 0.889 0.889 
0.428 0.802 0.907 0.698 0.923 0.889 0.889 0.889 
0.458 0.807 0.910 0.679 1.000 0.944 0.944 0.944 
0.466 0.778 0.906 0.679 1.000 0.944 0.944 0.944 
0.448 0.797 0.911 0.698 0.923 0.889 0.889 0.889 
0.429 0.802 0.920 0.679 1.000 0.944 0.944 0.944 
0.458 0.759 0.976 0.679 1.000 0.944 0.944 0.944 
0.440 0.778 0.921 0.679 1.000 0.944 0.944 0.944 
0.445 0.816 0.912 0.679 1.000 0.944 0.944 0.944 
0.436 0.792 0.879 0.679 1.000 0.944 0.944 0.944 
0.466 0.759 0.910 0.679 1.000 0.944 0.944 0.944 
0.478 0.769 0.969 0.679 1.000 0.944 0.944 0.944 
0.429 0.802 0.936 0.679 1.000 0.944 0.944 0.944 
0.445 0.783 0.907 0.679 1.000 0.944 0.944 0.944 
0.485 0.769 0.936 0.679 1.000 0.944 0.944 0.944 
0.465 0.783 0.940 0.698 0.923 0.889 0.889 0.889 
0.445 0.792 0.904 0.698 0.923 0.889 0.889 0.889 
0.454 0.792 0.916 0.698 0.923 0.889 0.889 0.889 
0.440 0.783 0.941 0.679 1.000 0.944 0.944 0.944 
0.468 0.764 0.961 0.679 1.000 0.944 0.944 0.944 
0.440 0.774 0.919 0.698 0.923 0.889 0.889 0.889 
0.465 0.783 0.978 0.679 1.000 0.944 0.944 0.944 
0.496 0.774 1.000 0.679 1.000 0.944 0.944 0.944 
0.438 0.821 0.910 0.698 0.923 0.889 0.889 0.889 
0.459 0.788 0.895 0.698 0.923 0.889 0.889 0.889 
0.464 0.783 0.936 0.679 1.000 0.944 0.944 0.944 
0.436 0.792 0.939 0.679 1.000 0.944 0.944 0.944 
0.485 0.778 0.949 0.679 1.000 0.944 0.944 0.944 
0.444 0.769 0.880 0.698 0.923 0.889 0.889 0.889 
0.473 0.759 0.986 0.679 1.000 0.944 0.944 0.944 
0.453 0.811 0.958 0.698 0.923 0.889 0.889 0.889 
0.453 0.792 0.880 0.698 0.923 0.889 0.889 0.889 
0.462 0.764 0.948 0.698 0.923 0.889 0.889 0.889 
0.479 0.792 1.017 0.679 1.000 0.944 0.944 0.944 
0.438 0.816 0.891 0.698 0.923 0.889 0.889 0.889 
0.458 0.769 0.914 0.679 1.000 0.944 0.944 0.944 
0.463 0.788 0.953 0.679 1.000 0.944 0.944 0.944 
0.436 0.788 0.867 0.698 0.923 0.889 0.889 0.889 
0.445 0.788 0.925 0.679 1.000 0.944 0.944 0.944 
0.457 0.774 0.946 0.679 1.000 0.944 0.944 0.944 
0.475 0.783 0.901 0.698 0.923 0.889 0.889 0.889 
0.453 0.774 0.846 0.698 0.923 0.889 0.889 0.889 
0.476 0.741 1.048 0.679 1.000 0.944 0.944 0.944 
0.443 0.788 1.044 0.679 1.000 0.944 0.944 0.944 
0.483 0.788 0.991 0.679 1.000 0.944 0.944 0.944 
0.445 0.783 0.936 0.698 0.923 0.889 0.889 0.889 
0.450 0.769 1.009 0.698 0.923 0.889 0.889 0.889 
0.475 0.788 1.013 0.698 0.923 0.889 0.889 0.889 
0.493 0.792 0.954 0.698 0.923 0.889 0.889 0.889 
0.476 0.750 0.945 0.698 0.923 0.889 0.889 0.889 
0.460 0.788 0.939 0.698 0.923 0.889 0.889 0.889 
0.420 0.774 0.910 0.698 0.923 0.889 0.889 0.889 
0.480 0.778 1.008 0.679 1.000 0.944 0.944 0.944 
0.452 0.792 0.955 0.698 0.923 0.889 0.889 0.889 
0.461 0.788 0.903 0.698 0.923 0.889 0.889 0.889 
0.472 0.774 0.935 0.698 0.923 0.889 0.889 0.889 
0.486 0.764 0.991 0.698 0.923 0.889 0.889 0.889 
0.457 0.802 0.951 0.698 0.923 0.889 0.889 0.889 
0.442 0.792 0.879 0.698 0.923 0.889 0.889 0.889 
0.444 0.792 0.935 0.679 1.000 0.944 0.944 0.944 
0.433 0.792 1.005 0.679 1.000 0.944 0.944 0.944 
0.438 0.797 0.997 0.679 1.000 0.944 0.944 0.944 
0.443 0.802 0.906 0.698 0.923 0.889 0.889 0.889 
0.442 0.774 0.894 0.698 0.923 0.889 0.889 0.889 
0.449 0.792 0.954 0.679 1.000 0.944 0.944 0.944 
0.455 0.778 0.934 0.679 1.000 0.944 0.944 0.944 
0.470 0.802 0.923 0.698 0.923 0.889 0.889 0.889 
0.435 0.788 0.887 0.698 0.923 0.889 0.889 0.889 
0.446 0.792 0.931 0.679 1.000 0.944 0.944 0.944 
0.444 0.811 0.915 0.698 0.923 0.889 0.889 0.889 
0.437 0.788 0.925 0.698 0.923 0.889 0.889 0.889 
0.439 0.783 0.968 0.679 1.000 0.944 0.944 0.944 
0.448 0.797 0.977 0.679 1.000 0.944 0.944 0.944 
0.478 0.774 0.940 0.679 1.000 0.944 0.944 0.944 
0.439 0.811 0.866 0.698 0.923 0.889 0.889 0.889 
0.455 0.774 0.938 0.698 0.923 0.889 0.889 0.889 
0.424 0.788 0.929 0.679 1.000 0.944 0.944 0.944 
0.413 0.811 0.918 0.679 1.000 0.944 0.944 0.944 
0.438 0.792 0.941 0.679 1.000 0.944 0.944 0.944 
0.464 0.778 0.976 0.679 1.000 0.944 0.944 0.944 
0.447 0.792 0.915 0.679 1.000 0.944 0.944 0.944 
0.429 0.788 0.882 0.698 0.923 0.889 0.889 0.889 
0.445 0.769 0.939 0.698 0.923 0.889 0.889 0.889 
0.428 0.807 0.968 0.698 0.923 0.889 0.889 0.889 
0.460 0.792 0.993 0.679 1.000 0.944 0.944 0.944 
0.438 0.778 0.949 0.698 0.923 0.889 0.889 0.889 
0.440 0.788 1.021 0.679 1.000 0.944 0.944 0.944 
0.451 0.807 1.016 0.679 1.000 0.944 0.944 0.944 
0.443 0.792 0.910 0.698 0.923 0.889 0.889 0.889 
0.468 0.755 0.975 0.679 1.000 0.944 0.944 0.944 
0.486 0.792 0.966 0.698 0.923 0.889 0.889 0.889 
0.433 0.802 0.917 0.698 0.923 0.889 0.889 0.889 
0.446 0.802 0.917 0.698 0.923 0.889 0.889 0.889 
0.481 0.745 0.958 0.698 0.923 0.889 0.889 0.889 
0.450 0.802 0.900 0.698 0.923 0.889 0.889 0.889 
0.473 0.769 0.885 0.698 0.923 0.889 0.889 0.889 
0.437 0.783 0.854 0.698 0.923 0.889 0.889 0.889 
0.446 0.774 0.973 0.679 1.000 0.944 0.944 0.944 
0.433 0.797 0.923 0.698 0.923 0.889 0.889 0.889 
0.450 0.792 0.931 0.698 0.923 0.889 0.889 0.889 
0.474 0.764 0.914 0.698 0.923 0.889 0.889 0.889 
0.454 0.807 0.933 0.679 1.000 0.944 0.944 0.944 
0.454 0.788 0.885 0.698 0.923 0.889 0.889 0.889 
0.490 0.774 0.898 0.698 0.846 0.889 0.889 0.889 
0.446 0.769 0.922 0.679 1.000 0.944 0.944 0.944 
0.441 0.774 0.920 0.679 1.000 0.944 0.944 0.944 
0.467 0.783 1.023 0.679 1.000 0.944 0.944 0.944 
0.470 0.807 0.985 0.698 0.923 0.889 0.889 0.889 
0.424 0.783 0.899 0.698 0.923 0.889 0.889 0.889 
0.456 0.769 0.969 0.679 1.000 0.944 0.944 0.944 
0.455 0.759 1.053 0.679 1.000 0.944 0.944 0.944 
0.441 0.807 0.960 0.679 1.000 0.944 0.944 0.944 
0.467 0.774 0.933 0.698 0.923 0.889 0.889 0.889 
0.454 0.778 0.937 0.679 1.000 0.944 0.944 0.944 
0.426 0.811 0.992 0.679 1.000 0.944 0.944 0.944 
0.478 0.811 0.993 0.679 1.000 0.944 0.944 0.944 
0.447 0.792 0.895 0.698 0.923 0.889 0.889 0.889 
0.447 0.792 0.882 0.679 1.000 0.944 0.944 0.944 
0.447 0.816 0.968 0.679 1.000 0.944 0.944 0.944 
0.423 0.802 0.937 0.679 1.000 0.944 0.944 0.944 
0.441 0.802 0.931 0.679 1.000 0.944 0.944 0.944 
0.458 0.797 0.976 0.679 1.000 0.944 0.944 0.944 
0.442 0.802 0.915 0.698 0.923 0.889 0.889 0.889 
0.407 0.797 0.916 0.679 1.000 0.944 0.944 0.944 
0.486 0.788 0.995 0.679 1.000 0.944 0.944 0.944 
0.435 0.788 0.942 0.679 1.000 0.944 0.944 0.944 
0.414 0.802 0.895 0.698 0.923 0.889 0.889 0.889 
0.460 0.774 1.023 0.679 1.000 0.944 0.944 0.944 
0.437 0.807 1.046 0.679 1.000 0.944 0.944 0.944 
0.419 0.811 0.970 0.679 1.000 0.944 0.944 0.944 
0.447 0.774 1.009 0.679 1.000 0.944 0.944 0.944 
0.435 0.783 1.014 0.679 1.000 0.944 0.944 0.944 
0.422 0.816 0.982 0.698 0.923 0.889 0.889 0.889 
0.446 0.792 0.929 0.698 0.923 0.889 0.889 0.889 
0.428 0.788 0.942 0.679 1.000 0.944 0.944 0.944 
0.439 0.788 0.950 0.679 0.923 0.944 0.944 0.944 
0.444 0.783 0.903 0.698 0.846 0.833 0.833 0.833 
0.439 0.792 0.933 0.698 0.923 0.889 0.889 0.889 
0.458 0.816 0.932 0.698 0.923 0.889 0.889 0.889 
0.453 0.783 0.929 0.698 0.846 0.833 0.833 0.833 
0.443 0.792 0.904 0.698 0.846 0.833 0.833 0.833 
0.428 0.807 0.915 0.698 0.846 0.833 0.833 0.833 
0.433 0.788 0.915 0.698 0.846 0.833 0.833 0.833 
0.479 0.750 1.007 0.679 0.923 0.889 0.889 0.889 
0.448 0.783 0.995 0.679 0.923 0.944 0.944 0.944 
0.432 0.807 0.982 0.679 1.000 0.944 0.944 0.944 
0.462 0.792 1.001 0.698 0.923 0.889 0.889 0.889 
0.439 0.769 1.002 0.698 0.923 0.889 0.889 0.889 
0.416 0.816 0.990 0.698 0.923 0.889 0.889 0.889 
0.432 0.783 0.968 0.679 1.000 0.944 0.944 0.944 
0.500 0.750 1.013 0.698 0.923 0.889 0.944 0.889 
0.445 0.783 0.978 0.698 0.923 0.889 0.889 0.889 
0.426 0.778 0.977 0.679 1.000 0.944 0.944 0.944 
0.425 0.778 1.048 0.679 1.000 0.944 0.944 0.944 
0.431 0.802 1.068 0.679 1.000 0.944 0.944 0.944 
0.419 0.811 0.966 0.698 0.923 0.889 0.889 0.889 
0.440 0.811 0.948 0.679 1.000 0.944 0.944 0.944 
0.456 0.750 0.971 0.679 1.000 0.944 0.944 0.944 
0.471 0.811 1.035 0.679 1.000 0.944 0.944 0.944 
0.436 0.830 0.913 0.698 0.846 0.833 0.833 0.833 
0.459 0.778 0.916 0.660 1.000 0.944 0.944 0.944 
0.449 0.774 1.009 0.679 1.000 0.944 0.944 0.944 
0.457 0.792 0.945 0.679 1.000 0.944 0.944 0.944 
0.428 0.788 0.897 0.698 0.846 0.833 0.833 0.833 
0.426 0.783 0.892 0.698 0.846 0.889 0.889 0.889 
0.492 0.759 0.935 0.679 0.923 0.889 0.889 0.889 
0.452 0.783 0.930 0.698 0.846 0.833 0.833 0.833 
0.446 0.792 0.944 0.698 0.846 0.833 0.889 0.833 
0.462 0.778 1.039 0.679 1.000 0.944 0.944 0.944 
0.460 0.792 0.955 0.679 1.000 0.944 0.944 0.944 
0.445 0.792 0.900 0.698 0.846 0.833 0.889 0.889 
0.448 0.769 0.910 0.698 0.923 0.889 0.889 0.889 
0.453 0.783 0.866 0.679 1.000 0.944 0.944 0.944 
0.450 0.778 0.852 0.698 0.846 0.833 0.889 0.833 
0.460 0.783 0.941 0.698 0.923 0.889 0.889 0.889 
0.414 0.788 0.965 0.679 1.000 0.944 0.944 0.944 
0.419 0.797 0.976 0.679 1.000 0.944 0.944 0.944 
0.499 0.792 1.010 0.679 1.000 0.944 0.944 0.944 
0.464 0.783 1.012 0.698 0.923 0.889 0.889 0.889 
0.474 0.802 0.933 0.698 0.846 0.833 0.833 0.833 
0.453 0.783 0.906 0.679 0.923 0.889 0.889 0.889 
0.538 0.759 1.013 0.679 1.000 0.944 0.944 0.944 
0.431 0.816 0.921 0.679 1.000 0.944 0.944 0.944 
0.468 0.811 0.899 0.679 0.923 0.889 0.889 0.889 
0.459 0.769 0.925 0.679 0.923 0.889 0.889 0.889 
0.458 0.783 0.979 0.679 0.923 0.889 0.889 0.889 
0.441 0.788 0.912 0.679 0.923 0.889 0.889 0.889 
0.460 0.783 0.938 0.698 0.923 0.889 0.889 0.889 
0.434 0.807 0.965 0.679 1.000 0.944 0.944 0.944 
0.448 0.807 0.932 0.679 1.000 0.944 0.944 0.944 
0.466 0.788 0.902 0.698 0.846 0.833 0.833 0.833 
0.446 0.792 0.919 0.698 0.923 0.889 0.889 0.889 
0.468 0.797 0.956 0.679 1.000 0.944 0.944 0.944 
0.421 0.816 0.897 0.698 0.923 0.889 0.889 0.889 
0.518 0.759 1.017 0.698 0.923 0.889 0.889 0.889 
0.433 0.811 0.938 0.660 0.923 0.889 0.889 0.889 
0.424 0.802 0.904 0.679 0.923 0.889 0.889 0.889 
0.409 0.797 1.013 0.679 1.000 0.944 0.944 0.944 
0.446 0.788 1.049 0.679 1.000 0.944 0.944 0.944 
0.445 0.807 0.965 0.698 0.923 0.889 0.889 0.889 
0.407 0.788 0.975 0.679 1.000 0.944 0.944 0.944 
0.432 0.816 0.994 0.660 1.000 0.944 0.944 0.944 
0.460 0.797 0.900 0.679 0.923 0.889 0.889 0.889 
0.446 0.778 0.899 0.642 0.923 0.889 0.889 0.889 
0.436 0.783 0.935 0.698 0.923 0.889 0.889 0.889 
0.414 0.825 0.961 0.679 1.000 0.944 0.944 0.944 
0.484 0.792 1.064 0.679 1.000 0.944 0.944 0.944 
0.445 0.792 1.001 0.679 0.923 0.889 0.889 0.889 
0.422 0.797 0.992 0.698 0.846 0.833 0.833 0.833 
0.426 0.788 1.006 0.679 1.000 0.944 0.944 0.944 
0.446 0.797 0.941 0.679 0.923 0.889 0.889 0.889 
0.461 0.774 0.946 0.698 0.923 0.889 0.889 0.889 
0.448 0.792 0.940 0.698 0.923 0.889 0.889 0.889 
0.431 0.802 0.929 0.698 0.923 0.889 0.889 0.889 
0.430 0.778 0.897 0.698 0.923 0.889 0.889 0.889 
0.435 0.783 1.016 0.698 0.923 0.889 0.889 0.889 
0.435 0.807 0.993 0.698 0.923 0.889 0.889 0.889 
0.411 0.807 0.946 0.698 0.923 0.889 0.889 0.889 
0.419 0.816 0.922 0.698 0.923 0.889 0.889 0.889 
0.475 0.741 0.955 0.679 1.000 0.944 0.944 0.944 
0.441 0.802 0.952 0.698 0.923 0.889 0.889 0.889 
0.418 0.797 0.904 0.679 0.923 0.889 0.889 0.889 
0.413 0.802 0.890 0.679 0.923 0.889 0.889 0.889 
0.424 0.811 0.932 0.698 0.923 0.889 0.889 0.889 
0.456 0.811 0.972 0.679 1.000 0.944 0.944 0.944 
0.417 0.811 0.937 0.679 1.000 0.944 0.944 0.944 
0.405 0.792 0.957 0.679 1.000 0.944 0.944 0.944 
0.442 0.778 1.040 0.679 1.000 0.944 0.944 0.944 
0.425 0.807 0.967 0.698 0.923 0.889 0.889 0.889 
0.447 0.792 0.916 0.698 0.846 0.889 0.889 0.889 
0.430 0.811 0.957 0.679 1.000 0.944 0.944 0.944 
0.447 0.788 0.959 0.679 1.000 0.944 0.944 0.944 
0.440 0.783 0.952 0.679 1.000 0.944 0.944 0.944 
0.430 0.792 0.904 0.679 0.923 0.889 0.889 0.889 
0.428 0.783 0.914 0.679 0.923 0.889 0.889 0.889 
0.416 0.792 0.924 0.660 1.000 0.944 0.944 0.944 
0.448 0.797 0.964 0.679 1.000 0.944 0.944 0.944 
0.430 0.811 0.898 0.679 0.923 0.889 0.889 0.889 
0.431 0.788 0.910 0.679 1.000 0.944 0.944 0.944 
0.417 0.811 0.966 0.679 1.000 0.944 0.944 0.944 
0.451 0.797 0.912 0.698 0.923 0.889 0.889 0.889 
0.439 0.774 0.874 0.679 0.923 0.889 0.889 0.889 
0.424 0.802 0.900 0.679 1.000 0.944 0.944 0.944 
0.430 0.797 0.913 0.679 1.000 0.944 0.944 0.944 
0.410 0.802 0.910 0.679 0.923 0.889 0.889 0.889 
0.438 0.783 0.943 0.679 1.000 0.944 0.944 0.944 
0.422 0.807 0.921 0.679 1.000 0.944 0.944 0.944 
0.426 0.802 0.875 0.679 0.923 0.889 0.889 0.889 
0.439 0.783 0.933 0.698 0.923 0.889 0.889 0.889 
0.426 0.783 1.114 0.679 1.000 0.944 0.944 0.944 
0.410 0.816 1.013 0.679 1.000 0.944 0.944 0.944 
0.441 0.788 0.954 0.679 1.000 0.944 0.944 0.944 
0.445 0.802 0.985 0.679 1.000 0.944 0.944 0.944 
0.418 0.807 0.945 0.698 0.923 0.889 0.889 0.889 
0.467 0.816 0.944 0.698 0.923 0.889 0.889 0.889 
0.434 0.783 0.893 0.679 0.923 0.889 0.889 0.889 
0.445 0.774 1.100 0.679 1.000 0.944 0.944 0.944 
0.411 0.802 1.068 0.679 1.000 0.944 0.944 0.944 
0.435 0.797 0.988 0.679 1.000 0.944 0.944 0.944 
0.457 0.774 0.929 0.679 1.000 0.944 0.944 0.944 
0.491 0.755 1.000 0.679 1.000 0.944 0.944 0.944 
0.429 0.825 0.946 0.679 1.000 0.944 0.944 0.944 
0.430 0.816 0.902 0.698 0.923 0.889 0.944 0.889 
0.453 0.769 0.895 0.698 0.923 0.889 0.889 0.889 
0.426 0.792 1.077 0.679 1.000 0.944 0.944 0.944 
0.432 0.840 0.973 0.698 0.923 0.889 0.889 0.889 
0.460 0.769 0.893 0.679 0.923 0.889 0.889 0.889 
0.466 0.778 0.987 0.679 1.000 0.944 0.944 0.944 
0.450 0.811 0.902 0.698 0.923 0.889 0.889 0.889 
0.425 0.821 0.896 0.698 0.846 0.833 0.833 0.833 
0.417 0.797 0.973 0.660 1.000 0.944 0.944 0.944 
0.436 0.797 1.098 0.679 1.000 0.944 0.944 0.944 
0.474 0.788 0.994 0.660 1.000 0.944 0.944 0.944 
0.432 0.807 0.923 0.698 0.846 0.833 0.833 0.833 
0.433 0.802 0.938 0.698 0.923 0.889 0.889 0.889 
0.461 0.821 0.914 0.660 1.000 0.944 0.944 0.944 
0.438 0.783 0.890 0.679 0.923 0.889 0.889 0.889 
0.417 0.797 0.974 0.679 1.000 0.944 0.944 0.944 
0.448 0.825 0.970 0.698 0.923 0.889 0.889 0.889 
0.471 0.764 0.917 0.698 0.923 0.889 0.889 0.889 
0.429 0.816 0.958 0.679 0.923 0.889 0.889 0.889 
0.415 0.802 1.014 0.679 1.000 0.944 0.944 0.944 
0.435 0.802 0.947 0.679 1.000 0.944 0.944 0.944 
0.417 0.797 0.907 0.698 0.923 0.889 0.889 0.889 
0.487 0.783 1.034 0.679 1.000 0.944 0.944 0.944 
0.423 0.811 0.923 0.679 0.923 0.889 0.889 0.889 
0.435 0.811 0.882 0.679 0.923 0.889 0.889 0.889 
0.428 0.802 0.884 0.698 0.923 0.889 0.889 0.889 
0.433 0.778 1.072 0.679 1.000 0.944 0.944 0.944 
0.401 0.825 0.991 0.679 1.000 0.944 0.944 0.944 
0.419 0.788 0.908 0.698 0.923 0.889 0.889 0.889 
0.447 0.802 0.974 0.679 1.000 0.944 0.944 0.944 
0.409 0.830 0.933 0.679 1.000 0.944 0.944 0.944 
0.436 0.792 0.950 0.698 0.923 0.889 0.889 0.889 
0.391 0.811 0.953 0.679 1.000 0.944 0.944 0.944 
0.436 0.783 1.007 0.679 1.000 0.944 0.944 0.944 
0.422 0.811 0.974 0.679 1.000 0.944 0.944 0.944 
0.415 0.825 0.955 0.679 0.923 0.889 0.889 0.889 
0.431 0.807 0.928 0.679 0.923 0.889 0.889 0.889 
0.409 0.811 0.916 0.679 0.923 0.889 0.889 0.889 
0.413 0.802 0.947 0.698 0.923 0.889 0.889 0.889 
0.439 0.807 0.975 0.698 0.923 0.889 0.889 0.889 
0.392 0.816 0.957 0.679 1.000 0.944 0.944 0.944 
0.414 0.811 0.929 0.679 1.000 0.944 0.944 0.944 
0.416 0.821 0.940 0.698 0.923 0.889 0.889 0.889 
0.434 0.825 0.921 0.698 0.923 0.889 0.889 0.889 
0.431 0.802 0.889 0.698 0.923 0.889 0.889 0.889 
0.444 0.811 0.875 0.679 0.923 0.889 0.889 0.889 
0.427 0.774 0.881 0.679 0.923 0.889 0.889 0.889 
0.430 0.802 1.027 0.679 1.000 0.944 0.944 0.944 
0.406 0.835 0.923 0.698 0.923 0.889 0.944 0.889 
0.414 0.811 0.869 0.717 0.846 0.833 0.833 0.833 
0.432 0.783 1.000 0.698 0.923 0.889 0.889 0.889 
0.445 0.797 1.042 0.679 1.000 0.944 0.944 0.944 
0.419 0.821 0.867 0.698 0.923 0.889 0.889 0.889 
0.429 0.797 0.880 0.679 0.923 0.889 0.889 0.889 
0.410 0.821 1.056 0.679 1.000 0.944 0.944 0.944 
0.417 0.811 1.010 0.679 1.000 0.944 0.944 0.944 
0.425 0.830 0.884 0.698 0.923 0.889 0.889 0.889 
0.447 0.774 0.982 0.679 1.000 0.944 0.944 0.944 
0.425 0.811 0.995 0.679 1.000 0.944 0.944 0.944 
0.431 0.811 0.938 0.679 1.000 0.944 0.944 0.944 
0.436 0.816 0.898 0.698 0.923 0.889 0.889 0.889 
0.432 0.816 0.952 0.679 1.000 0.944 0.944 0.944 
0.413 0.802 0.923 0.679 0.923 0.889 0.889 0.889 
0.413 0.802 0.900 0.679 0.923 0.889 0.889 0.889 
0.414 0.802 0.905 0.698 0.923 0.889 0.889 0.889 
0.430 0.788 0.988 0.679 1.000 0.944 0.944 0.944 
0.383 0.816 1.068 0.679 1.000 0.944 0.944 0.944 
0.419 0.797 1.038 0.679 1.000 0.944 0.944 0.944 
0.425 0.792 0.970 0.679 1.000 0.944 0.944 0.944 
0.454 0.792 1.041 0.679 1.000 0.944 0.944 0.944 
0.424 0.797 0.908 0.698 0.923 0.889 0.889 0.889 
0.399 0.816 0.954 0.698 0.923 0.889 0.889 0.889 
0.412 0.807 0.972 0.679 1.000 0.944 0.944 0.944 
0.430 0.792 1.008 0.698 0.923 0.889 0.889 0.889 
0.407 0.816 0.986 0.698 0.923 0.889 0.889 0.889 
0.439 0.802 0.960 0.698 0.923 0.889 0.889 0.889 
0.416 0.811 0.920 0.698 0.923 0.889 0.889 0.889 
0.419 0.802 0.942 0.679 1.000 0.944 0.944 0.944 
0.411 0.821 0.925 0.679 1.000 0.944 0.944 0.944 
0.407 0.802 0.888 0.698 0.923 0.889 0.889 0.889 
0.451 0.774 1.005 0.679 1.000 0.944 0.944 0.944 
0.429 0.811 0.976 0.698 0.923 0.889 0.889 0.889 
0.391 0.807 0.925 0.698 0.923 0.889 0.889 0.889 
0.428 0.769 1.004 0.679 1.000 0.944 0.944 0.944 
0.433 0.830 1.024 0.679 1.000 0.944 0.944 0.944 
0.419 0.816 0.934 0.698 0.923 0.889 0.889 0.889 
0.410 0.816 0.942 0.679 0.923 0.889 0.889 0.889 
0.413 0.802 0.966 0.679 1.000 0.944 0.944 0.944 
0.427 0.811 0.926 0.679 0.923 0.889 0.889 0.889 
0.403 0.821 0.911 0.698 0.923 0.889 0.889 0.889 
0.412 0.816 0.930 0.698 0.923 0.889 0.889 0.889 
0.408 0.802 0.961 0.679 1.000 0.944 0.944 0.944 
0.419 0.821 0.939 0.698 0.923 0.889 0.889 0.889 
0.429 0.807 0.939 0.698 0.923 0.889 0.889 0.889 
0.407 0.807 1.028 0.679 1.000 0.944 0.944 0.944 
0.406 0.807 1.017 0.679 1.000 0.944 0.944 0.944 
0.402 0.802 1.024 0.679 1.000 0.944 0.944 0.944 
0.420 0.816 1.082 0.679 1.000 0.944 0.944 0.944 
0.401 0.840 1.023 0.679 1.000 0.944 0.944 0.944 
0.439 0.792 1.054 0.679 1.000 0.944 0.944 0.944 
0.423 0.802 0.979 0.679 0.923 0.889 0.889 0.889 
0.395 0.802 0.957 0.679 0.923 0.889 0.889 0.889 
0.420 0.807 0.981 0.679 1.000 0.944 0.944 0.944 
0.460 0.811 1.015 0.679 1.000 0.944 0.944 0.944 
0.408 0.835 0.984 0.698 0.923 0.833 0.833 0.833 
0.419 0.811 0.975 0.698 0.923 0.889 0.889 0.889 
0.436 0.788 0.991 0.698 0.923 0.889 0.889 0.889 
0.426 0.807 0.990 0.698 0.923 0.889 0.889 0.889 
0.429 0.797 0.987 0.698 0.923 0.889 0.889 0.889 
0.435 0.811 0.980 0.679 1.000 0.944 0.944 0.944 
0.410 0.811 0.914 0.679 1.000 0.889 0.889 0.889 
0.446 0.769 1.017 0.679 1.000 0.944 0.944 0.944 
0.400 0.840 1.027 0.698 0.923 0.889 0.889 0.889 
0.398 0.825 0.986 0.679 1.000 0.889 0.889 0.889 
0.451 0.792 0.935 0.698 0.923 0.833 0.889 0.833 
0.400 0.835 0.898 0.698 0.846 0.833 0.833 0.833 
0.432 0.807 0.955 0.698 0.923 0.889 0.889 0.889 
0.421 0.821 0.929 0.679 0.923 0.889 0.889 0.889 
0.439 0.797 0.925 0.679 0.923 0.889 0.889 0.889 
0.444 0.807 0.986 0.679 1.000 0.944 0.944 0.944 
0.410 0.830 0.948 0.698 0.923 0.889 0.889 0.889 
0.478 0.783 0.976 0.679 0.923 0.889 0.889 0.889 
0.430 0.811 0.913 0.698 0.923 0.833 0.833 0.833 
0.420 0.835 0.934 0.679 1.000 0.889 0.889 0.889 
0.416 0.802 0.942 0.679 0.923 0.889 0.889 0.889 
0.453 0.778 1.008 0.679 1.000 0.944 0.944 0.944 
0.415 0.816 0.947 0.679 0.923 0.889 0.889 0.889 
0.390 0.840 0.975 0.679 1.000 0.944 0.944 0.944 
0.417 0.825 1.081 0.679 1.000 0.944 0.944 0.944 
0.427 0.825 0.958 0.679 1.000 0.889 0.889 0.889 
0.455 0.788 0.998 0.698 0.923 0.889 0.889 0.889 
0.385 0.807 0.975 0.698 0.923 0.833 0.833 0.833 
0.401 0.825 0.967 0.660 1.000 0.944 0.944 0.944 
0.399 0.797 0.991 0.679 1.000 0.944 0.944 0.944 
0.430 0.807 1.021 0.679 1.000 0.944 0.944 0.944 
0.403 0.816 0.914 0.698 0.923 0.833 0.833 0.833 
0.402 0.816 0.885 0.679 1.000 0.889 0.889 0.889 
0.448 0.783 0.932 0.698 0.923 0.833 0.833 0.833 
0.394 0.840 0.906 0.698 0.923 0.889 0.889 0.889 
0.405 0.816 0.983 0.698 0.923 0.889 0.889 0.889 
0.421 0.816 0.965 0.698 0.923 0.889 0.889 0.889 
0.381 0.816 0.919 0.660 0.923 0.889 0.889 0.889 
0.420 0.811 0.929 0.679 0.923 0.889 0.889 0.889 
0.392 0.825 0.971 0.698 0.923 0.889 0.889 0.889 
0.419 0.811 0.949 0.679 0.923 0.889 0.889 0.889 
0.414 0.788 0.976 0.642 0.923 0.889 0.889 0.889 
0.412 0.802 0.982 0.679 0.923 0.889 0.889 0.889 
0.411 0.821 0.951 0.679 0.923 0.889 0.889 0.889 
0.412 0.797 0.973 0.698 0.923 0.889 0.889 0.889 
0.408 0.807 0.996 0.679 0.923 0.889 0.889 0.889 
0.410 0.825 0.997 0.679 0.923 0.889 0.889 0.889 
0.393 0.830 0.940 0.698 0.923 0.889 0.889 0.889 
0.387 0.811 1.045 0.679 1.000 0.944 0.944 0.944 
0.413 0.821 1.006 0.698 0.923 0.889 0.889 0.889 
0.389 0.858 1.041 0.698 0.923 0.889 0.889 0.889 
0.414 0.821 1.054 0.698 0.923 0.889 0.889 0.889 
0.414 0.811 0.975 0.698 0.923 0.889 0.889 0.889 
0.435 0.807 0.964 0.698 0.923 0.833 0.833 0.833 
0.406 0.807 1.011 0.698 0.923 0.889 0.889 0.889 
0.433 0.807 1.012 0.698 0.923 0.889 0.889 0.889 
0.417 0.802 0.910 0.698 0.923 0.833 0.833 0.833 
0.433 0.807 0.955 0.698 0.923 0.833 0.889 0.833 
0.422 0.807 1.010 0.679 1.000 0.889 0.889 0.889 
0.413 0.830 1.049 0.698 1.000 0.944 0.944 0.944 
0.410 0.811 1.038 0.679 1.000 0.944 0.944 0.944 
0.419 0.811 0.993 0.698 1.000 0.889 0.944 0.944 
0.449 0.792 1.008 0.698 0.923 0.889 0.889 0.833 
0.449 0.807 0.991 0.698 0.923 0.833 0.833 0.833 
0.426 0.821 1.097 0.679 1.000 0.944 0.944 0.944 
0.462 0.774 0.999 0.679 1.000 0.944 0.944 0.944 
0.416 0.830 0.945 0.698 0.923 0.833 0.833 0.833 
0.422 0.825 0.941 0.698 0.923 0.833 0.833 0.833 
0.389 0.821 1.089 0.679 1.000 0.944 0.944 0.944 
0.413 0.811 0.968 0.698 0.923 0.889 0.889 0.889 
0.405 0.821 0.978 0.679 1.000 0.944 0.944 0.944 
0.392 0.840 1.061 0.679 1.000 0.944 0.944 0.944 
0.409 0.825 0.991 0.679 1.000 0.944 0.944 0.944 
0.400 0.825 0.956 0.660 1.000 0.944 0.944 0.944 
0.411 0.830 0.992 0.660 1.000 0.944 0.944 0.944 
0.426 0.807 0.971 0.679 0.923 0.889 0.889 0.889 
0.411 0.821 0.935 0.679 0.923 0.889 0.889 0.889 
0.408 0.844 0.936 0.679 0.923 0.889 0.889 0.889 
0.402 0.830 0.935 0.698 0.923 0.889 0.889 0.833 
0.425 0.816 1.011 0.698 0.923 0.889 0.889 0.889 
0.426 0.811 0.950 0.698 0.923 0.833 0.833 0.833 
0.419 0.840 0.903 0.679 0.923 0.833 0.833 0.833 
0.423 0.788 1.022 0.698 0.923 0.889 0.889 0.889 
0.412 0.825 1.009 0.679 0.923 0.889 0.889 0.889 
0.403 0.840 0.974 0.698 0.923 0.833 0.833 0.833 
0.467 0.821 1.077 0.679 1.000 0.944 0.944 0.944 
0.441 0.788 0.981 0.698 0.923 0.889 0.889 0.889 
0.406 0.811 0.952 0.679 0.923 0.889 0.889 0.889 
0.449 0.797 1.013 0.642 0.923 0.889 0.889 0.889 
0.394 0.821 1.036 0.698 0.923 0.889 0.889 0.889 
0.458 0.811 1.071 0.679 1.000 0.944 0.944 0.944 
0.412 0.830 0.934 0.698 0.923 0.833 0.833 0.833 
0.446 0.821 0.989 0.698 0.923 0.889 0.889 0.889 
0.389 0.840 1.133 0.679 1.000 0.944 0.944 0.944 
0.404 0.830 1.006 0.698 0.923 0.889 0.889 0.889 
0.451 0.802 1.023 0.679 0.923 0.889 0.889 0.889 
0.407 0.830 1.018 0.679 0.923 0.889 0.889 0.889 
0.410 0.835 0.987 0.698 0.923 0.889 0.889 0.889 
0.441 0.811 0.991 0.679 0.923 0.889 0.889 0.889 
0.430 0.788 1.071 0.679 0.923 0.889 0.889 0.889 
0.409 0.811 1.072 0.679 0.923 0.889 0.889 0.889 
0.398 0.816 0.959 0.698 0.923 0.833 0.833 0.833 
0.418 0.830 0.960 0.679 0.923 0.889 0.889 0.889 
0.442 0.792 1.159 0.679 1.000 0.944 0.944 0.944 
0.449 0.821 1.123 0.679 1.000 0.944 0.944 0.944 
0.420 0.830 0.941 0.698 0.846 0.833 0.833 0.833 
0.465 0.802 1.036 0.660 1.000 0.944 0.944 0.944 
0.409 0.835 1.015 0.679 0.923 0.889 0.889 0.889 
0.410 0.830 0.984 0.679 0.923 0.889 0.889 0.889 
0.447 0.797 1.081 0.679 0.923 0.889 0.889 0.889 
0.423 0.821 1.082 0.660 1.000 0.944 0.944 0.944 
0.428 0.821 1.056 0.679 1.000 0.944 0.944 0.944 
0.397 0.830 1.052 0.660 1.000 0.944 0.944 0.944 
0.436 0.783 1.089 0.698 0.923 0.889 0.889 0.889 
0.421 0.807 1.026 0.679 0.923 0.889 0.889 0.889 
0.441 0.807 1.011 0.698 0.923 0.889 0.889 0.889 
0.402 0.807 1.032 0.660 1.000 0.944 0.944 0.944 
0.408 0.807 1.076 0.679 1.000 0.944 0.944 0.944 
0.401 0.825 1.023 0.679 0.923 0.889 0.889 0.889 
0.414 0.835 1.035 0.698 0.923 0.833 0.833 0.833 
0.410 0.840 1.091 0.698 1.000 0.889 0.889 0.889 
0.412 0.830 1.003 0.679 1.000 0.889 0.889 0.889 
0.419 0.792 1.000 0.679 1.000 0.944 0.944 0.944 
0.422 0.825 0.964 0.679 0.923 0.889 0.889 0.889 
0.394 0.825 0.996 0.679 1.000 0.944 0.944 0.944 
0.451 0.821 0.987 0.679 1.000 0.889 0.889 0.889 
0.418 0.816 0.951 0.679 0.923 0.833 0.889 0.833 
0.396 0.830 0.977 0.698 0.923 0.889 0.889 0.889 
0.389 0.825 1.020 0.679 1.000 0.944 0.944 0.889 
0.392 0.830 0.979 0.698 0.923 0.833 0.833 0.833 
0.410 0.825 1.017 0.679 0.923 0.889 0.889 0.889 
0.415 0.821 1.084 0.698 0.923 0.889 0.889 0.889 
0.388 0.825 1.022 0.698 0.923 0.889 0.889 0.889 
0.409 0.821 1.012 0.698 0.923 0.889 0.889 0.889 
0.404 0.821 1.001 0.698 0.923 0.833 0.833 0.833 
0.375 0.821 1.023 0.698 0.923 0.889 0.889 0.889 
0.391 0.821 1.005 0.698 0.923 0.889 0.889 0.889 
0.454 0.816 1.135 0.698 0.923 0.889 0.889 0.889 
0.425 0.816 1.089 0.698 0.923 0.833 0.833 0.833 
0.414 0.807 1.024 0.698 0.923 0.889 0.889 0.889 
0.381 0.835 0.992 0.717 0.923 0.889 0.889 0.889 
0.392 0.821 0.968 0.717 0.923 0.889 0.889 0.889 
0.389 0.825 0.996 0.698 0.923 0.889 0.889 0.889 
0.405 0.816 1.050 0.698 0.923 0.889 0.889 0.889 
0.395 0.830 1.021 0.698 0.923 0.889 0.889 0.889 
0.399 0.821 1.013 0.698 0.923 0.889 0.889 0.889 
0.409 0.849 0.986 0.679 1.000 0.944 0.944 0.944 
0.412 0.811 0.973 0.698 0.923 0.833 0.833 0.833 
0.417 0.807 1.071 0.679 1.000 0.944 0.944 0.889 
0.405 0.816 1.069 0.698 0.923 0.889 0.889 0.889 
0.373 0.811 0.991 0.698 0.923 0.833 0.833 0.833 
0.484 0.764 1.044 0.717 0.923 0.889 0.889 0.889 
0.397 0.825 1.000 0.660 0.846 0.778 0.778 0.778 
0.421 0.811 1.052 0.698 0.923 0.889 0.889 0.889 
0.363 0.844 1.152 0.679 1.000 0.944 0.944 0.944 
0.418 0.835 1.075 0.679 1.000 0.944 0.944 0.944 
0.470 0.797 1.078 0.698 0.923 0.889 0.889 0.889 
0.397 0.830 1.028 0.660 0.923 0.833 0.833 0.833 
0.389 0.835 1.023 0.698 0.923 0.833 0.833 0.833 
0.375 0.835 0.998 0.679 1.000 0.889 0.889 0.889 
0.453 0.807 1.032 0.679 1.000 0.944 0.944 0.944 
0.401 0.797 1.049 0.679 0.923 0.889 0.889 0.889 
0.381 0.844 1.074 0.698 0.923 0.889 0.889 0.833 
0.407 0.835 1.032 0.679 1.000 0.889 0.889 0.889 
0.425 0.807 1.038 0.698 0.923 0.833 0.833 0.833 
0.393 0.825 1.057 0.642 0.923 0.889 0.889 0.889 
0.430 0.825 1.060 0.698 0.923 0.889 0.889 0.889 
0.400 0.830 1.000 0.679 1.000 0.889 0.889 0.889 
0.405 0.816 0.983 0.679 1.000 0.889 0.889 0.889 
0.397 0.835 1.024 0.679 1.000 0.944 0.944 0.944 
0.449 0.840 1.115 0.679 1.000 0.944 0.944 0.944 
0.395 0.825 0.976 0.698 0.923 0.833 0.833 0.833 
0.416 0.821 0.991 0.698 0.923 0.833 0.833 0.833 
0.445 0.807 1.064 0.698 0.923 0.889 0.889 0.889 
0.399 0.825 1.087 0.679 1.000 0.944 0.944 0.944 
0.385 0.830 1.058 0.679 1.000 0.944 0.944 0.944 
0.400 0.830 1.053 0.698 0.923 0.889 0.889 0.889 
0.432 0.821 1.101 0.698 0.923 0.889 0.889 0.889 
0.408 0.830 1.111 0.642 0.923 0.833 0.833 0.833 
0.404 0.835 1.102 0.717 0.923 0.889 0.889 0.889 
0.377 0.840 1.106 0.679 1.000 0.944 0.944 0.944 
0.449 0.797 1.127 0.679 1.000 0.944 0.944 0.944 
0.385 0.825 1.093 0.717 0.923 0.889 0.889 0.889 
0.409 0.830 1.075 0.698 0.923 0.889 0.889 0.889 
0.382 0.844 1.022 0.698 0.923 0.889 0.889 0.889 
0.391 0.821 1.100 0.679 1.000 0.944 0.944 0.944 
0.384 0.825 1.091 0.679 1.000 0.944 0.944 0.944 
0.387 0.840 1.016 0.698 0.923 0.889 0.889 0.889 
0.393 0.816 1.023 0.717 0.923 0.889 0.889 0.889 
0.410 0.821 1.082 0.679 1.000 0.944 0.944 0.944 
0.430 0.825 1.039 0.679 0.923 0.889 0.889 0.889 
0.416 0.830 1.039 0.698 0.923 0.833 0.833 0.833 
0.396 0.835 1.039 0.679 1.000 0.889 0.889 0.889 
0.417 0.811 1.063 0.679 1.000 0.889 0.889 0.889 
0.402 0.821 0.980 0.698 0.923 0.833 0.833 0.833 
0.406 0.807 0.997 0.698 0.923 0.833 0.833 0.833 
0.419 0.816 1.061 0.679 1.000 0.889 0.889 0.889 
0.400 0.830 0.968 0.717 0.846 0.778 0.778 0.778 
0.385 0.825 0.964 0.679 0.846 0.778 0.778 0.778 
0.391 0.840 1.028 0.698 0.923 0.889 0.889 0.889 
0.410 0.830 1.050 0.679 1.000 0.889 0.889 0.889 
0.405 0.816 1.010 0.698 0.846 0.833 0.833 0.833 
0.380 0.835 1.015 0.660 0.846 0.833 0.833 0.833 
0.410 0.816 1.135 0.717 0.923 0.889 0.889 0.889 
0.396 0.816 1.077 0.679 1.000 0.889 0.889 0.889 
0.460 0.778 1.083 0.698 0.923 0.889 0.889 0.889 
0.411 0.816 1.039 0.679 0.923 0.889 0.889 0.889 
0.395 0.821 1.026 0.679 0.923 0.889 0.889 0.889 
0.416 0.816 1.047 0.698 0.923 0.889 0.889 0.889 
0.394 0.825 1.044 0.698 0.923 0.833 0.833 0.833 
0.384 0.840 1.001 0.717 0.846 0.833 0.833 0.833 
0.407 0.816 0.983 0.698 0.923 0.833 0.833 0.833 
0.419 0.807 1.007 0.698 0.923 0.833 0.833 0.833 
0.430 0.811 0.994 0.660 0.846 0.778 0.778 0.778 
0.365 0.844 0.950 0.698 0.846 0.778 0.778 0.778 
0.409 0.802 0.979 0.717 0.846 0.833 0.833 0.833 
0.399 0.835 1.005 0.698 0.923 0.889 0.889 0.889 
0.381 0.830 1.042 0.698 0.923 0.889 0.889 0.889 
0.418 0.811 1.072 0.698 0.923 0.833 0.833 0.833 
0.359 0.858 1.100 0.679 1.000 0.889 0.889 0.889 
0.414 0.811 1.037 0.679 1.000 0.889 0.889 0.889 
0.377 0.816 0.941 0.679 0.846 0.778 0.778 0.778 
0.405 0.807 0.985 0.698 0.923 0.889 0.889 0.833 
0.441 0.797 1.065 0.698 0.923 0.833 0.833 0.833 
0.401 0.844 0.990 0.717 0.846 0.778 0.778 0.778 
0.419 0.816 0.986 0.698 0.923 0.833 0.833 0.833 
0.422 0.802 1.061 0.698 0.923 0.889 0.889 0.889 
0.402 0.825 0.967 0.717 0.923 0.889 0.889 0.889 
0.385 0.840 0.917 0.698 0.846 0.778 0.778 0.778 
0.397 0.830 1.007 0.679 1.000 0.944 0.944 0.889 
0.487 0.788 1.180 0.679 1.000 0.944 0.944 0.944 
0.410 0.825 0.968 0.698 0.846 0.778 0.778 0.778 
0.386 0.830 0.944 0.660 0.846 0.778 0.778 0.778 
0.395 0.811 1.046 0.698 0.923 0.889 0.944 0.889 
0.389 0.821 0.990 0.679 0.923 0.889 0.889 0.889 
0.395 0.825 0.999 0.698 0.923 0.833 0.833 0.833 
0.383 0.825 1.041 0.698 0.923 0.889 0.889 0.889 
0.390 0.844 1.066 0.679 1.000 0.944 0.944 0.944 
0.410 0.830 0.967 0.698 0.846 0.778 0.778 0.778 
0.432 0.821 1.060 0.698 0.923 0.889 0.889 0.833 
0.402 0.830 1.167 0.679 1.000 0.944 0.944 0.944 
0.379 0.844 1.037 0.679 1.000 0.889 0.889 0.889 
0.435 0.802 0.992 0.698 0.923 0.889 0.889 0.889 
0.399 0.825 1.028 0.679 0.923 0.889 0.889 0.889 
0.383 0.844 1.103 0.679 1.000 0.944 0.944 0.944 
0.393 0.840 0.994 0.698 0.923 0.889 0.889 0.889 
0.420 0.802 1.025 0.660 1.000 0.944 0.944 0.944 
0.450 0.802 1.133 0.698 0.923 0.889 0.889 0.889 
0.405 0.807 1.035 0.679 1.000 0.944 0.944 0.944 
0.390 0.835 1.060 0.679 1.000 0.944 0.944 0.944 
0.419 0.802 1.151 0.679 1.000 0.944 0.944 0.944 
0.451 0.802 1.130 0.717 0.923 0.833 0.833 0.833 
0.397 0.849 1.001 0.660 0.846 0.778 0.778 0.778 
0.408 0.830 0.968 0.717 0.846 0.778 0.778 0.778 
0.372 0.821 1.077 0.679 1.000 0.944 0.944 0.944 
0.419 0.816 1.048 0.679 1.000 0.944 0.944 0.944 
0.411 0.811 0.935 0.717 0.846 0.833 0.833 0.833 
0.393 0.835 0.967 0.698 0.846 0.833 0.833 0.833 
0.382 0.844 1.006 0.660 1.000 0.944 0.944 0.944 
0.405 0.844 0.973 0.679 0.923 0.889 0.889 0.889 
0.405 0.825 0.971 0.698 0.923 0.889 0.889 0.889 
0.394 0.825 1.139 0.679 1.000 0.944 0.944 0.944 
0.414 0.825 1.138 0.679 1.000 0.944 0.944 0.944 
0.383 0.821 1.028 0.679 1.000 0.944 0.944 0.889 
0.410 0.835 1.068 0.660 1.000 0.944 0.944 0.944 
0.399 0.811 1.021 0.698 0.923 0.889 0.889 0.889 
0.362 0.854 0.927 0.698 0.923 0.833 0.833 0.833 
0.414 0.816 0.997 0.717 0.846 0.778 0.833 0.778 
0.396 0.835 1.023 0.717 0.846 0.778 0.833 0.778 
0.386 0.811 1.089 0.679 1.000 0.944 0.944 0.944 
0.387 0.835 1.032 0.679 1.000 0.889 0.889 0.889 
0.382 0.849 0.981 0.698 0.923 0.833 0.833 0.833 
0.397 0.830 1.080 0.698 0.923 0.833 0.833 0.833 
0.392 0.825 1.066 0.698 0.923 0.833 0.833 0.833 
0.389 0.849 1.030 0.698 0.923 0.833 0.833 0.833 
0.388 0.844 0.973 0.698 0.923 0.833 0.833 0.833 
0.403 0.830 1.003 0.717 0.846 0.778 0.778 0.778 
0.436 0.802 0.998 0.717 0.846 0.778 0.778 0.778 
0.373 0.854 1.014 0.698 0.923 0.833 0.889 0.889 
0.382 0.825 0.996 0.679 1.000 0.889 0.889 0.889 
0.387 0.844 0.920 0.698 0.923 0.833 0.833 0.833 
0.401 0.840 0.921 0.698 0.846 0.778 0.778 0.778 
0.383 0.854 0.973 0.698 0.923 0.833 0.833 0.833 
0.386 0.816 0.958 0.679 1.000 0.889 0.889 0.889 
0.461 0.792 1.010 0.717 0.846 0.833 0.833 0.833 
0.370 0.835 1.043 0.679 0.846 0.833 0.833 0.833 
0.364 0.835 1.047 0.698 0.923 0.889 0.889 0.889 
0.394 0.816 1.048 0.679 1.000 0.889 0.889 0.889 
0.405 0.807 1.091 0.679 1.000 0.889 0.944 0.889 
0.402 0.816 1.144 0.679 1.000 0.944 0.944 0.944 
0.366 0.858 1.097 0.679 1.000 0.944 0.944 0.944 
0.417 0.811 1.137 0.679 1.000 0.944 0.944 0.944 
0.414 0.797 1.141 0.679 1.000 0.889 0.889 0.889 
0.379 0.854 1.066 0.717 0.846 0.778 0.778 0.778 
0.390 0.830 1.032 0.717 0.846 0.778 0.778 0.778 
0.407 0.821 1.029 0.679 1.000 0.889 0.944 0.889 
0.391 0.835 1.080 0.679 1.000 0.944 0.944 0.944 
0.405 0.854 1.036 0.698 0.923 0.833 0.833 0.833 
0.364 0.854 0.955 0.717 0.846 0.778 0.778 0.778 
0.410 0.807 0.980 0.717 0.923 0.889 0.889 0.889 
0.456 0.797 1.061 0.717 0.846 0.778 0.833 0.778 
0.412 0.825 1.019 0.679 0.769 0.778 0.778 0.778 
0.402 0.840 1.057 0.679 1.000 0.889 0.889 0.889 
0.408 0.840 1.017 0.698 0.923 0.833 0.833 0.833 
0.387 0.825 0.935 0.698 0.846 0.778 0.778 0.778 
0.412 0.825 0.994 0.679 0.769 0.722 0.778 0.722 
0.417 0.816 1.061 0.679 0.923 0.889 0.889 0.889 
0.386 0.835 1.121 0.679 1.000 0.944 0.944 0.944 
0.381 0.830 0.964 0.717 0.923 0.889 0.889 0.889 
0.434 0.807 1.082 0.660 0.923 0.889 0.889 0.889 
0.387 0.835 1.130 0.679 0.923 0.889 0.889 0.889 
0.390 0.821 1.060 0.698 0.923 0.833 0.833 0.833 
0.436 0.807 1.005 0.717 0.846 0.778 0.778 0.778 
0.390 0.807 1.066 0.717 0.846 0.778 0.778 0.778 
0.388 0.858 1.103 0.698 0.923 0.833 0.889 0.833 
0.411 0.840 1.068 0.679 1.000 0.889 0.889 0.889 
0.376 0.825 1.028 0.679 1.000 0.889 0.889 0.889 
0.403 0.816 1.165 0.698 0.923 0.889 0.889 0.889 
0.370 0.849 1.117 0.698 0.923 0.889 0.889 0.889 
0.396 0.844 1.055 0.698 0.923 0.833 0.833 0.833 
0.417 0.807 0.970 0.698 0.923 0.833 0.833 0.833 
0.430 0.792 1.009 0.717 0.846 0.778 0.778 0.778 
0.395 0.830 1.055 0.679 0.923 0.833 0.833 0.833 
0.394 0.844 1.058 0.698 0.923 0.833 0.833 0.833 
0.362 0.830 1.033 0.679 1.000 0.889 0.889 0.889 
0.434 0.797 1.089 0.660 1.000 0.944 0.944 0.944 
0.371 0.825 1.030 0.698 0.846 0.833 0.889 0.833 
0.383 0.849 1.055 0.660 1.000 0.944 0.944 0.944 
0.392 0.825 1.003 0.698 0.923 0.889 0.889 0.889 
0.435 0.811 0.966 0.679 0.846 0.833 0.833 0.833 
0.399 0.830 1.054 0.679 0.923 0.889 0.889 0.889 
0.411 0.840 1.049 0.698 0.923 0.889 0.889 0.889 
0.389 0.835 0.955 0.717 0.846 0.778 0.778 0.778 
0.395 0.811 0.989 0.717 0.923 0.889 0.889 0.833 
0.432 0.825 1.172 0.698 0.923 0.889 0.944 0.889 
0.383 0.835 1.109 0.698 0.923 0.889 0.889 0.889 
0.364 0.840 0.977 0.698 0.846 0.778 0.778 0.778 
0.396 0.821 1.005 0.698 0.923 0.833 0.833 0.833 
0.424 0.816 1.051 0.698 1.000 0.889 0.944 0.944 
0.384 0.811 0.977 0.698 0.846 0.833 0.833 0.833 
0.413 0.816 0.984 0.698 0.846 0.833 0.833 0.833 
0.391 0.840 1.039 0.660 1.000 0.944 0.944 0.944 
0.407 0.807 0.973 0.679 0.923 0.833 0.833 0.833 
0.372 0.849 0.926 0.698 0.846 0.778 0.778 0.778 
0.365 0.849 0.949 0.717 0.846 0.778 0.778 0.778 
0.402 0.830 1.012 0.698 0.923 0.889 0.889 0.889 
0.394 0.840 0.986 0.698 0.923 0.833 0.889 0.833 
0.387 0.830 0.959 0.717 0.846 0.778 0.778 0.778 
0.375 0.844 0.962 0.717 0.846 0.778 0.778 0.778 
0.354 0.835 0.958 0.717 0.846 0.833 0.833 0.778 
0.406 0.821 1.018 0.717 0.846 0.778 0.833 0.778 
0.377 0.825 0.974 0.717 0.846 0.778 0.778 0.778 
0.377 0.835 1.008 0.717 0.846 0.833 0.833 0.833 
0.389 0.825 1.080 0.679 0.923 0.889 0.889 0.889 
0.419 0.802 1.131 0.679 0.923 0.889 0.889 0.889 
0.408 0.825 1.087 0.717 0.846 0.778 0.778 0.778 
0.366 0.858 1.042 0.717 0.846 0.778 0.778 0.778 
0.369 0.825 0.996 0.717 0.846 0.778 0.778 0.778 
0.369 0.825 1.061 0.698 0.923 0.889 0.889 0.889 
0.381 0.816 1.071 0.698 0.923 0.833 0.833 0.833 
0.356 0.825 1.057 0.698 0.923 0.889 0.889 0.889 
0.393 0.811 1.090 0.679 0.923 0.889 0.889 0.889 
0.366 0.854 1.035 0.660 0.923 0.889 0.889 0.889 
0.391 0.835 1.008 0.698 0.846 0.778 0.833 0.778 
0.397 0.825 1.070 0.679 1.000 0.889 0.889 0.889 
0.405 0.821 1.047 0.717 0.846 0.889 0.889 0.889 
0.384 0.821 1.049 0.698 0.923 0.889 0.889 0.889 
0.410 0.835 1.066 0.698 0.923 0.889 0.944 0.889 
0.385 0.816 0.995 0.717 0.846 0.778 0.833 0.778 
0.390 0.811 1.005 0.698 0.923 0.889 0.889 0.889 
0.380 0.816 1.089 0.679 0.923 0.889 0.889 0.889 
0.366 0.840 1.052 0.679 0.923 0.889 0.889 0.889 
0.372 0.854 1.008 0.698 0.923 0.833 0.833 0.833 
0.409 0.811 1.052 0.698 0.923 0.889 0.889 0.889 
0.376 0.835 1.001 0.698 0.846 0.778 0.778 0.778 
0.386 0.816 1.022 0.717 0.846 0.833 0.833 0.778 
0.396 0.816 0.998 0.717 0.846 0.778 0.778 0.778 
0.369 0.840 0.984 0.717 0.846 0.778 0.778 0.778 
0.383 0.835 1.013 0.698 0.846 0.833 0.833 0.833 
0.422 0.830 1.045 0.698 0.846 0.833 0.833 0.833 
