5.514 0.330 2.039 0.585 0.846 0.833 0.833 0.833 
0.842 0.792 3.201 0.623 1.000 1.000 1.000 1.000 
1.318 0.802 3.312 0.623 1.000 1.000 1.000 1.000 
1.129 0.802 2.321 0.623 1.000 1.000 1.000 1.000 
0.773 0.802 1.088 0.623 1.000 1.000 1.000 1.000 
0.630 0.788 0.596 0.660 0.846 0.889 0.889 0.889 
0.733 0.486 0.944 0.604 1.000 1.000 1.000 1.000 
0.400 0.835 1.485 0.604 1.000 1.000 1.000 1.000 
0.471 0.830 1.737 0.623 0.923 0.944 0.944 0.944 
0.538 0.821 1.725 0.623 0.923 0.944 0.944 0.944 
0.504 0.835 1.506 0.623 0.923 0.944 0.944 0.944 
0.426 0.844 1.197 0.679 0.846 0.833 0.833 0.833 
0.419 0.811 0.923 0.660 1.000 0.889 0.889 0.889 
0.470 0.802 0.779 0.660 1.000 0.889 0.889 0.889 
0.543 0.792 0.841 0.623 1.000 1.000 1.000 1.000 
0.468 0.830 0.943 0.604 1.000 1.000 1.000 1.000 
0.450 0.821 1.114 0.623 1.000 1.000 1.000 1.000 
0.396 0.844 1.192 0.679 0.846 0.833 0.833 0.833 
0.422 0.825 1.202 0.679 0.846 0.833 0.833 0.833 
0.411 0.877 1.133 0.642 0.923 0.944 0.944 0.944 
0.410 0.825 1.059 0.604 1.000 1.000 1.000 1.000 
0.433 0.816 1.027 0.604 1.000 1.000 1.000 1.000 
0.422 0.844 1.021 0.604 1.000 1.000 1.000 1.000 
0.414 0.825 1.022 0.604 1.000 1.000 1.000 1.000 
0.442 0.840 1.073 0.660 0.923 0.889 0.889 0.889 
0.427 0.849 1.073 0.660 0.923 0.889 0.889 0.889 
0.407 0.840 1.035 0.642 1.000 0.944 0.944 0.944 
0.409 0.835 1.039 0.660 0.923 0.889 0.889 0.889 
0.411 0.830 1.011 0.623 1.000 0.944 0.944 0.944 
0.403 0.849 0.989 0.642 1.000 0.944 0.944 0.944 
0.413 0.835 1.052 0.660 0.923 0.889 0.889 0.889 
0.419 0.854 1.066 0.660 0.923 0.889 0.889 0.889 
0.421 0.854 1.074 0.642 1.000 0.944 0.944 0.944 
0.427 0.840 1.066 0.642 0.923 0.944 0.944 0.944 
0.394 0.854 0.994 0.642 1.000 0.944 0.944 0.944 
0.417 0.854 1.035 0.660 0.923 0.889 0.889 0.889 
0.422 0.830 1.039 0.642 1.000 0.944 0.944 0.944 
0.393 0.840 1.095 0.660 0.923 0.889 0.889 0.889 
0.395 0.849 1.142 0.660 0.923 0.889 0.889 0.889 
0.420 0.821 1.168 0.679 0.846 0.833 0.833 0.833 
0.409 0.854 1.096 0.679 0.846 0.833 0.833 0.833 
0.418 0.849 1.032 0.642 1.000 0.944 0.944 0.944 
0.413 0.844 1.001 0.642 1.000 0.944 0.944 0.944 
0.393 0.868 0.987 0.642 1.000 0.944 0.944 0.944 
0.438 0.830 1.041 0.642 1.000 0.944 0.944 0.944 
5.514 0.330 2.039 0.585 0.846 0.833 0.833 0.833 
0.842 0.792 3.201 0.623 1.000 1.000 1.000 1.000 
1.318 0.802 3.312 0.623 1.000 1.000 1.000 1.000 
1.128 0.802 2.322 0.623 1.000 1.000 1.000 1.000 
0.773 0.802 1.088 0.623 1.000 1.000 1.000 1.000 
0.628 0.788 0.596 0.660 0.846 0.889 0.889 0.889 
0.731 0.486 0.946 0.604 1.000 1.000 1.000 1.000 
0.400 0.835 1.485 0.604 1.000 1.000 1.000 1.000 
0.471 0.830 1.735 0.623 0.923 0.944 0.944 0.944 
0.537 0.825 1.719 0.623 0.923 0.944 0.944 0.944 
0.503 0.830 1.492 0.623 0.923 0.944 0.944 0.944 
0.429 0.830 1.159 0.698 0.846 0.778 0.778 0.778 
0.419 0.811 0.923 0.660 1.000 0.889 0.889 0.889 
0.474 0.802 0.795 0.660 1.000 0.889 0.889 0.889 
0.548 0.783 0.886 0.623 1.000 1.000 1.000 1.000 
0.454 0.835 0.984 0.604 1.000 1.000 1.000 1.000 
0.445 0.821 1.140 0.623 1.000 1.000 1.000 1.000 
0.394 0.849 1.193 0.679 0.846 0.833 0.833 0.833 
0.422 0.825 1.186 0.679 0.846 0.833 0.833 0.833 
0.412 0.873 1.110 0.623 1.000 0.944 1.000 0.944 
0.411 0.821 1.038 0.604 1.000 1.000 1.000 1.000 
0.436 0.821 1.024 0.604 1.000 1.000 1.000 1.000 
0.422 0.849 1.021 0.604 1.000 1.000 1.000 1.000 
0.410 0.830 1.019 0.642 1.000 0.944 0.944 0.944 
0.439 0.835 1.073 0.679 0.846 0.833 0.833 0.833 
0.427 0.849 1.063 0.660 0.923 0.889 0.889 0.889 
0.407 0.844 1.015 0.604 1.000 1.000 1.000 1.000 
0.413 0.830 1.040 0.660 0.923 0.944 0.944 0.944 
0.411 0.835 1.014 0.642 1.000 0.944 0.944 0.944 
0.404 0.840 0.995 0.642 1.000 0.944 0.944 0.944 
0.409 0.835 1.049 0.660 0.923 0.889 0.889 0.889 
0.418 0.854 1.053 0.642 1.000 0.944 0.944 0.944 
0.422 0.849 1.072 0.642 1.000 0.944 0.944 0.944 
0.427 0.840 1.069 0.660 0.923 0.889 0.889 0.889 
0.394 0.854 1.003 0.642 1.000 0.944 0.944 0.944 
0.414 0.849 1.044 0.660 0.923 0.889 0.889 0.889 
0.420 0.830 1.043 0.642 1.000 0.944 0.944 0.944 
0.394 0.840 1.102 0.679 0.846 0.889 0.889 0.889 
0.395 0.849 1.145 0.660 0.923 0.889 0.889 0.889 
0.418 0.821 1.170 0.679 0.846 0.833 0.833 0.833 
0.410 0.858 1.098 0.679 0.846 0.833 0.833 0.833 
0.419 0.849 1.034 0.642 1.000 0.944 0.944 0.944 
0.411 0.854 1.002 0.642 1.000 0.944 0.944 0.944 
0.392 0.868 0.987 0.642 1.000 0.944 0.944 0.944 
0.438 0.835 1.037 0.642 1.000 0.944 0.944 0.944 
0.401 0.844 1.111 0.679 0.846 0.722 0.722 0.722 
0.396 0.844 1.082 0.679 0.846 0.778 0.833 0.833 
0.389 0.840 1.035 0.642 1.000 0.944 0.944 0.944 
0.412 0.844 1.081 0.698 0.846 0.778 0.778 0.778 
0.403 0.844 1.075 0.698 0.846 0.778 0.778 0.778 
0.406 0.830 1.113 0.698 0.846 0.778 0.778 0.778 
0.420 0.835 1.087 0.698 0.846 0.778 0.778 0.778 
0.392 0.830 1.073 0.660 1.000 0.889 0.889 0.889 
0.448 0.858 1.065 0.698 0.846 0.778 0.778 0.778 
0.412 0.844 1.101 0.698 0.846 0.778 0.778 0.778 
0.413 0.821 1.145 0.698 0.846 0.778 0.778 0.778 
0.407 0.849 1.081 0.642 1.000 0.944 0.944 0.944 
0.396 0.844 1.039 0.642 1.000 0.944 0.944 0.944 
0.393 0.858 1.094 0.698 0.846 0.778 0.778 0.778 
0.374 0.854 1.098 0.679 0.923 0.833 0.833 0.833 
0.388 0.844 1.085 0.623 1.000 0.944 1.000 0.944 
0.416 0.840 1.072 0.623 1.000 0.944 1.000 0.944 
0.414 0.840 1.151 0.679 0.846 0.778 0.778 0.778 
0.416 0.835 1.167 0.679 0.846 0.778 0.778 0.778 
0.401 0.863 1.175 0.698 0.846 0.722 0.722 0.722 
0.375 0.844 1.114 0.679 0.923 0.833 0.889 0.833 
0.421 0.825 1.128 0.679 0.923 0.833 0.833 0.833 
0.391 0.830 1.055 0.660 1.000 0.889 0.889 0.889 
0.393 0.811 1.125 0.717 0.846 0.778 0.778 0.778 
0.388 0.849 1.159 0.717 0.846 0.778 0.778 0.778 
0.406 0.835 1.177 0.717 0.846 0.778 0.778 0.778 
0.412 0.844 1.162 0.679 0.846 0.778 0.778 0.778 
0.392 0.844 1.089 0.717 0.846 0.778 0.778 0.778 
0.402 0.835 1.154 0.679 0.846 0.722 0.722 0.722 
0.387 0.821 1.195 0.679 0.846 0.778 0.778 0.778 
0.405 0.830 1.207 0.679 0.846 0.778 0.778 0.778 
0.421 0.835 1.223 0.679 0.846 0.778 0.778 0.778 
0.382 0.844 1.221 0.679 0.846 0.778 0.778 0.778 
0.410 0.835 1.248 0.679 0.846 0.778 0.778 0.778 
0.407 0.835 1.176 0.717 0.846 0.778 0.778 0.778 
0.381 0.840 1.084 0.679 1.000 0.889 0.889 0.889 
0.408 0.835 1.074 0.642 1.000 0.944 1.000 0.944 
0.409 0.825 1.128 0.698 0.846 0.778 0.778 0.778 
0.394 0.830 1.164 0.679 0.846 0.778 0.778 0.778 
0.377 0.840 1.190 0.679 0.846 0.778 0.778 0.778 
0.399 0.844 1.158 0.679 0.846 0.833 0.889 0.833 
0.398 0.830 1.164 0.698 0.846 0.778 0.778 0.778 
0.427 0.825 1.167 0.698 0.846 0.778 0.778 0.778 
0.379 0.858 1.113 0.717 0.846 0.778 0.778 0.778 
0.417 0.854 1.123 0.717 0.846 0.778 0.778 0.778 
0.392 0.858 1.150 0.660 0.846 0.778 0.778 0.778 
0.391 0.821 1.166 0.679 0.846 0.778 0.778 0.778 
0.382 0.849 1.142 0.717 0.846 0.778 0.778 0.778 
0.419 0.840 1.149 0.717 0.846 0.778 0.778 0.778 
0.415 0.844 1.169 0.660 0.846 0.778 0.778 0.778 
0.409 0.835 1.207 0.660 0.846 0.778 0.778 0.778 
0.384 0.830 1.173 0.698 0.846 0.778 0.778 0.778 
0.423 0.840 1.205 0.698 0.846 0.778 0.778 0.778 
0.406 0.821 1.115 0.717 0.846 0.778 0.778 0.778 
0.396 0.840 1.066 0.698 0.923 0.833 0.833 0.833 
0.387 0.840 1.061 0.679 1.000 0.889 0.889 0.889 
0.382 0.854 1.066 0.679 1.000 0.889 0.889 0.889 
0.384 0.821 1.048 0.717 0.846 0.778 0.778 0.778 
0.374 0.830 0.998 0.679 1.000 0.889 0.889 0.889 
0.396 0.849 1.097 0.698 0.846 0.778 0.778 0.778 
0.380 0.840 1.094 0.717 0.846 0.778 0.778 0.778 
0.393 0.835 1.110 0.698 0.846 0.778 0.778 0.778 
0.381 0.844 1.040 0.717 0.846 0.778 0.778 0.778 
0.402 0.835 1.067 0.717 0.846 0.778 0.778 0.778 
0.397 0.830 1.071 0.717 0.846 0.778 0.833 0.833 
0.396 0.835 1.119 0.698 0.846 0.778 0.778 0.778 
0.405 0.840 1.150 0.679 0.846 0.778 0.778 0.778 
0.384 0.835 1.084 0.698 0.923 0.833 0.833 0.833 
0.369 0.844 1.033 0.679 1.000 0.889 0.889 0.889 
0.404 0.835 1.137 0.679 0.846 0.778 0.778 0.778 
0.405 0.840 1.188 0.679 0.846 0.778 0.778 0.778 
0.373 0.849 1.140 0.698 0.846 0.778 0.778 0.778 
0.389 0.830 1.154 0.698 0.846 0.778 0.778 0.778 
0.405 0.835 1.167 0.679 0.846 0.778 0.778 0.778 
0.372 0.854 1.209 0.660 0.846 0.778 0.778 0.778 
0.386 0.835 1.165 0.717 0.846 0.778 0.778 0.778 
0.375 0.840 1.051 0.679 1.000 0.889 0.889 0.889 
0.414 0.844 1.114 0.698 0.846 0.778 0.778 0.778 
0.425 0.825 1.188 0.660 0.846 0.778 0.778 0.778 
0.373 0.840 1.207 0.660 0.846 0.778 0.778 0.778 
0.409 0.825 1.223 0.679 0.846 0.778 0.778 0.778 
0.399 0.840 1.087 0.717 0.846 0.778 0.778 0.778 
0.407 0.858 1.116 0.698 0.846 0.778 0.778 0.778 
0.368 0.844 1.191 0.698 0.846 0.778 0.778 0.778 
0.359 0.835 1.201 0.698 0.846 0.778 0.778 0.778 
0.368 0.835 1.197 0.698 0.846 0.778 0.778 0.778 
0.405 0.840 1.211 0.660 0.846 0.778 0.778 0.778 
0.372 0.849 1.135 0.698 0.846 0.778 0.778 0.778 
0.409 0.835 1.147 0.698 0.846 0.778 0.778 0.778 
0.376 0.844 1.031 0.717 0.846 0.778 0.778 0.778 
0.392 0.835 1.117 0.698 0.846 0.778 0.778 0.778 
0.389 0.844 1.111 0.698 0.846 0.778 0.778 0.778 
0.365 0.835 1.143 0.698 0.846 0.778 0.778 0.778 
0.372 0.840 1.173 0.698 0.846 0.778 0.778 0.778 
0.382 0.858 1.104 0.717 0.846 0.778 0.778 0.778 
0.357 0.840 1.073 0.717 0.846 0.778 0.778 0.778 
0.393 0.830 1.195 0.698 0.846 0.778 0.778 0.778 
0.397 0.830 1.151 0.698 0.846 0.778 0.778 0.778 
0.376 0.835 1.168 0.698 0.846 0.778 0.778 0.778 
0.384 0.835 1.110 0.698 0.846 0.778 0.778 0.778 
0.390 0.844 1.126 0.660 0.846 0.778 0.778 0.778 
0.397 0.825 1.175 0.660 0.846 0.778 0.778 0.778 
0.390 0.840 1.218 0.660 0.846 0.778 0.778 0.778 
0.387 0.830 1.252 0.660 0.846 0.778 0.778 0.778 
0.409 0.830 1.277 0.660 0.846 0.778 0.778 0.778 
0.375 0.840 1.143 0.679 0.846 0.778 0.778 0.778 
0.373 0.840 1.161 0.679 0.846 0.778 0.778 0.778 
0.404 0.854 1.220 0.660 0.846 0.778 0.778 0.778 
0.394 0.854 1.266 0.660 0.846 0.778 0.778 0.778 
0.391 0.844 1.230 0.660 0.846 0.778 0.778 0.778 
0.362 0.840 1.121 0.698 0.846 0.778 0.778 0.778 
0.392 0.835 1.060 0.717 0.846 0.778 0.778 0.778 
0.424 0.825 1.158 0.660 0.846 0.778 0.778 0.778 
0.399 0.830 1.163 0.660 0.846 0.778 0.778 0.778 
0.381 0.844 1.144 0.679 0.846 0.778 0.778 0.778 
0.414 0.844 1.139 0.660 0.846 0.778 0.778 0.778 
0.367 0.830 1.113 0.679 0.846 0.778 0.778 0.778 
0.357 0.821 1.101 0.717 0.846 0.778 0.778 0.778 
0.387 0.830 1.126 0.698 0.846 0.778 0.778 0.778 
0.399 0.821 1.160 0.660 0.846 0.778 0.778 0.778 
0.358 0.840 1.160 0.679 0.846 0.778 0.778 0.778 
0.365 0.849 1.145 0.717 0.846 0.778 0.778 0.778 
0.408 0.830 1.118 0.698 0.846 0.778 0.778 0.778 
0.387 0.835 1.048 0.717 0.846 0.778 0.778 0.778 
0.392 0.821 1.177 0.660 0.846 0.778 0.778 0.778 
0.390 0.844 1.125 0.679 0.846 0.833 0.833 0.833 
0.392 0.821 1.116 0.679 0.846 0.778 0.778 0.778 
0.411 0.825 1.120 0.660 0.846 0.778 0.778 0.778 
0.385 0.840 1.180 0.660 0.846 0.778 0.778 0.778 
0.410 0.830 1.256 0.660 0.846 0.778 0.778 0.778 
0.367 0.849 1.143 0.698 0.846 0.778 0.778 0.778 
0.408 0.821 1.041 0.698 0.846 0.833 0.833 0.833 
0.381 0.844 0.988 0.698 0.846 0.778 0.833 0.778 
0.374 0.830 1.045 0.679 0.846 0.833 0.833 0.833 
0.378 0.821 1.076 0.679 0.846 0.833 0.833 0.833 
0.399 0.830 1.136 0.660 0.846 0.778 0.778 0.778 
0.376 0.825 1.019 0.717 0.846 0.778 0.833 0.778 
0.406 0.835 1.090 0.679 0.846 0.778 0.778 0.778 
0.354 0.858 1.103 0.679 0.846 0.778 0.778 0.778 
0.399 0.854 1.160 0.679 0.846 0.778 0.778 0.778 
0.370 0.835 1.065 0.698 0.846 0.778 0.778 0.778 
0.394 0.844 1.032 0.698 0.846 0.778 0.778 0.778 
0.406 0.825 1.150 0.660 0.846 0.778 0.778 0.778 
0.370 0.844 1.096 0.698 0.846 0.833 0.833 0.833 
0.369 0.821 1.035 0.698 0.846 0.778 0.833 0.778 
0.390 0.835 1.136 0.660 0.846 0.778 0.778 0.778 
0.372 0.830 1.157 0.660 0.846 0.778 0.778 0.778 
0.372 0.844 1.164 0.698 0.846 0.778 0.778 0.778 
0.386 0.830 1.108 0.698 0.846 0.778 0.778 0.778 
0.385 0.816 1.158 0.660 0.846 0.778 0.778 0.778 
0.362 0.840 1.228 0.660 0.846 0.778 0.778 0.778 
0.365 0.830 1.247 0.660 0.846 0.778 0.778 0.778 
0.385 0.825 1.276 0.660 0.846 0.778 0.778 0.778 
0.373 0.840 1.228 0.679 0.846 0.778 0.778 0.778 
0.339 0.835 1.203 0.679 0.846 0.833 0.833 0.833 
0.369 0.849 1.257 0.679 0.846 0.833 0.833 0.833 
0.383 0.840 1.272 0.679 0.846 0.778 0.778 0.778 
0.386 0.830 1.256 0.660 0.846 0.778 0.778 0.778 
0.381 0.844 1.245 0.679 0.846 0.778 0.778 0.778 
0.402 0.821 1.242 0.679 0.846 0.778 0.778 0.778 
0.377 0.849 1.251 0.660 0.846 0.778 0.778 0.778 
0.389 0.830 1.185 0.679 0.846 0.778 0.833 0.778 
0.370 0.849 1.097 0.698 0.846 0.778 0.778 0.778 
0.390 0.821 1.145 0.660 0.846 0.778 0.778 0.778 
0.399 0.835 1.186 0.660 0.846 0.778 0.778 0.778 
0.372 0.844 1.094 0.698 0.846 0.833 0.833 0.833 
0.369 0.830 1.026 0.698 0.846 0.833 0.833 0.833 
0.376 0.816 1.031 0.698 0.846 0.778 0.833 0.778 
0.373 0.840 1.240 0.660 0.846 0.778 0.778 0.778 
0.405 0.835 1.191 0.679 0.846 0.833 0.833 0.833 
0.377 0.849 1.088 0.698 0.846 0.833 0.833 0.833 
0.408 0.825 1.108 0.679 0.846 0.833 0.833 0.833 
0.399 0.821 1.224 0.660 0.846 0.778 0.778 0.778 
0.351 0.844 1.191 0.660 0.846 0.778 0.833 0.778 
0.384 0.825 1.057 0.698 0.846 0.833 0.833 0.833 
0.385 0.830 1.002 0.717 0.846 0.778 0.778 0.778 
0.402 0.835 1.287 0.660 0.846 0.778 0.778 0.778 
0.396 0.840 1.285 0.679 0.846 0.833 0.833 0.833 
0.365 0.844 1.084 0.660 1.000 0.944 0.944 0.944 
0.395 0.844 1.000 0.717 0.846 0.778 0.778 0.778 
0.361 0.835 1.114 0.717 0.846 0.778 0.778 0.778 
0.382 0.844 1.187 0.717 0.846 0.778 0.778 0.778 
0.365 0.835 1.064 0.698 0.846 0.833 0.833 0.833 
0.377 0.840 0.983 0.698 0.846 0.778 0.833 0.833 
0.389 0.821 1.094 0.660 0.846 0.778 0.778 0.778 
0.411 0.825 1.220 0.660 0.846 0.778 0.778 0.778 
0.369 0.844 1.167 0.660 0.846 0.778 0.778 0.778 
0.362 0.844 1.157 0.660 0.846 0.778 0.778 0.778 
0.378 0.840 1.100 0.679 0.846 0.833 0.833 0.833 
0.357 0.840 1.087 0.679 0.846 0.833 0.833 0.833 
0.377 0.844 1.048 0.698 0.846 0.778 0.833 0.778 
0.392 0.840 1.054 0.679 0.846 0.778 0.833 0.778 
0.405 0.825 1.142 0.642 0.846 0.778 0.833 0.778 
0.360 0.840 1.140 0.679 0.846 0.833 0.833 0.833 
0.374 0.825 1.179 0.679 0.846 0.833 0.833 0.833 
0.357 0.835 1.127 0.679 0.846 0.778 0.833 0.833 
0.358 0.840 1.072 0.698 0.846 0.778 0.833 0.778 
0.378 0.849 1.177 0.698 0.846 0.778 0.778 0.778 
0.376 0.830 1.206 0.660 0.846 0.778 0.778 0.778 
0.358 0.844 1.110 0.679 0.846 0.778 0.833 0.778 
0.407 0.830 1.218 0.679 0.846 0.778 0.778 0.778 
0.395 0.840 1.133 0.698 0.846 0.778 0.778 0.778 
0.395 0.840 1.024 0.698 0.846 0.778 0.778 0.778 
0.363 0.844 0.963 0.717 0.846 0.778 0.778 0.778 
0.373 0.849 1.005 0.698 0.846 0.833 0.833 0.833 
0.396 0.835 1.056 0.679 0.846 0.778 0.833 0.778 
0.365 0.849 1.014 0.679 0.846 0.778 0.833 0.833 
0.375 0.821 1.145 0.660 0.846 0.778 0.778 0.778 
0.395 0.821 1.206 0.660 0.846 0.778 0.778 0.778 
0.383 0.816 1.174 0.679 0.846 0.778 0.778 0.778 
0.366 0.840 1.180 0.660 0.846 0.778 0.778 0.778 
0.362 0.849 1.242 0.660 0.846 0.778 0.778 0.778 
0.373 0.854 1.282 0.679 0.846 0.778 0.778 0.778 
0.362 0.840 1.298 0.660 0.846 0.778 0.833 0.778 
0.387 0.840 1.320 0.660 0.846 0.778 0.778 0.778 
0.380 0.849 1.234 0.642 0.846 0.778 0.833 0.778 
0.374 0.825 1.120 0.679 0.846 0.833 0.833 0.833 
0.344 0.849 1.025 0.698 0.846 0.833 0.833 0.833 
0.371 0.840 1.048 0.698 0.846 0.833 0.833 0.833 
0.377 0.825 1.147 0.660 0.846 0.778 0.778 0.778 
0.405 0.840 1.077 0.679 0.846 0.778 0.833 0.778 
0.392 0.844 1.077 0.698 0.846 0.778 0.778 0.778 
0.397 0.840 1.225 0.660 0.846 0.778 0.778 0.778 
0.366 0.821 1.233 0.660 0.846 0.778 0.778 0.778 
0.375 0.825 1.176 0.698 0.846 0.778 0.778 0.778 
0.406 0.830 1.150 0.660 0.846 0.778 0.778 0.778 
0.371 0.840 1.075 0.698 0.846 0.778 0.778 0.778 
0.369 0.840 1.065 0.717 0.846 0.778 0.778 0.778 
0.377 0.840 1.187 0.679 0.846 0.778 0.778 0.778 
0.363 0.840 1.145 0.679 0.846 0.778 0.833 0.778 
0.390 0.835 1.174 0.698 0.846 0.778 0.778 0.778 
0.359 0.844 1.107 0.698 0.846 0.833 0.833 0.833 
0.349 0.849 1.097 0.717 0.846 0.778 0.778 0.778 
0.384 0.840 1.138 0.679 0.846 0.778 0.778 0.778 
0.346 0.849 1.101 0.698 0.846 0.778 0.833 0.778 
0.358 0.849 1.205 0.698 0.846 0.778 0.778 0.778 
0.360 0.835 1.119 0.679 0.846 0.778 0.833 0.778 
0.369 0.835 1.146 0.679 0.846 0.778 0.778 0.778 
0.368 0.825 1.055 0.717 0.846 0.778 0.778 0.778 
0.375 0.825 1.062 0.698 0.846 0.778 0.778 0.778 
0.405 0.840 1.108 0.679 0.846 0.778 0.778 0.778 
0.404 0.821 1.172 0.660 0.846 0.778 0.778 0.778 
0.363 0.840 1.204 0.660 0.846 0.778 0.778 0.778 
0.402 0.825 1.240 0.660 0.846 0.778 0.778 0.778 
0.365 0.811 1.166 0.698 0.846 0.778 0.778 0.778 
0.392 0.840 1.218 0.660 0.846 0.778 0.778 0.778 
0.358 0.854 1.081 0.679 0.846 0.778 0.833 0.778 
0.359 0.835 1.067 0.698 0.846 0.778 0.833 0.833 
0.361 0.825 1.177 0.660 0.846 0.833 0.833 0.833 
0.406 0.835 1.227 0.660 0.846 0.778 0.778 0.778 
0.371 0.858 1.174 0.660 0.846 0.778 0.778 0.778 
0.361 0.830 1.155 0.698 0.846 0.778 0.778 0.778 
0.392 0.844 1.184 0.679 0.846 0.778 0.778 0.778 
0.394 0.840 1.214 0.660 0.846 0.778 0.778 0.778 
0.355 0.830 1.271 0.660 0.846 0.778 0.778 0.778 
0.390 0.811 1.281 0.660 0.846 0.778 0.778 0.778 
0.373 0.844 1.252 0.660 0.846 0.778 0.778 0.778 
0.363 0.825 1.270 0.660 0.846 0.778 0.778 0.778 
0.389 0.840 1.262 0.660 0.846 0.778 0.778 0.778 
0.409 0.811 1.256 0.660 0.846 0.778 0.778 0.778 
0.392 0.811 1.301 0.660 0.846 0.778 0.778 0.778 
0.362 0.825 1.249 0.660 0.846 0.778 0.778 0.778 
0.368 0.844 1.226 0.660 0.846 0.778 0.778 0.778 
0.380 0.830 1.242 0.660 0.846 0.778 0.778 0.778 
0.369 0.840 1.332 0.660 0.846 0.778 0.778 0.778 
0.367 0.825 1.337 0.660 0.846 0.778 0.778 0.778 
0.383 0.821 1.208 0.679 0.846 0.778 0.833 0.778 
0.353 0.835 1.109 0.698 0.846 0.778 0.778 0.778 
0.391 0.816 1.262 0.660 0.846 0.778 0.778 0.778 
0.394 0.825 1.314 0.660 0.846 0.778 0.778 0.778 
0.347 0.854 1.190 0.698 0.846 0.778 0.778 0.778 
0.339 0.835 1.091 0.717 0.846 0.778 0.778 0.778 
0.414 0.830 1.215 0.660 0.846 0.778 0.778 0.778 
0.368 0.844 1.258 0.660 0.846 0.778 0.778 0.778 
0.382 0.830 1.198 0.679 0.846 0.833 0.833 0.833 
0.349 0.840 1.052 0.698 0.846 0.833 0.833 0.833 
0.374 0.821 1.085 0.679 0.846 0.778 0.833 0.778 
0.375 0.821 1.129 0.679 0.846 0.778 0.833 0.778 
0.350 0.854 1.082 0.698 0.846 0.778 0.833 0.778 
0.344 0.840 1.162 0.660 0.846 0.778 0.778 0.778 
0.385 0.825 1.226 0.660 0.846 0.778 0.778 0.778 
0.349 0.840 1.121 0.698 0.846 0.778 0.778 0.778 
0.382 0.849 1.194 0.660 0.846 0.778 0.778 0.778 
0.393 0.825 1.271 0.660 0.846 0.778 0.778 0.778 
0.373 0.830 1.219 0.660 0.846 0.778 0.778 0.778 
0.352 0.825 1.221 0.698 0.846 0.778 0.778 0.778 
0.393 0.830 1.248 0.679 0.846 0.778 0.778 0.778 
0.354 0.849 1.211 0.698 0.846 0.778 0.778 0.778 
0.362 0.835 1.215 0.698 0.846 0.778 0.778 0.778 
0.360 0.844 1.144 0.698 0.846 0.778 0.778 0.778 
0.390 0.816 1.176 0.679 0.846 0.778 0.778 0.778 
0.374 0.821 1.265 0.679 0.846 0.778 0.833 0.778 
0.399 0.821 1.336 0.660 0.846 0.778 0.778 0.778 
0.347 0.844 1.218 0.698 0.846 0.778 0.778 0.778 
0.362 0.825 1.250 0.660 0.846 0.778 0.778 0.778 
0.381 0.840 1.293 0.660 0.846 0.778 0.833 0.778 
0.339 0.858 1.198 0.679 0.846 0.833 0.833 0.833 
0.364 0.840 1.257 0.642 0.846 0.778 0.833 0.778 
0.382 0.821 1.296 0.642 0.846 0.778 0.833 0.778 
0.383 0.840 1.272 0.679 0.846 0.778 0.833 0.778 
0.371 0.840 1.175 0.679 0.846 0.778 0.833 0.778 
0.374 0.849 1.259 0.660 0.846 0.778 0.778 0.778 
0.350 0.830 1.268 0.660 0.846 0.833 0.833 0.833 
0.370 0.825 1.243 0.679 0.846 0.833 0.833 0.833 
0.400 0.840 1.257 0.679 0.846 0.778 0.833 0.778 
0.370 0.835 1.206 0.679 0.846 0.778 0.833 0.778 
0.368 0.821 1.191 0.679 0.846 0.778 0.833 0.778 
0.394 0.825 1.193 0.698 0.846 0.778 0.778 0.778 
0.350 0.849 1.068 0.698 0.846 0.778 0.778 0.778 
0.374 0.825 1.095 0.698 0.846 0.778 0.778 0.778 
0.387 0.825 1.184 0.679 0.846 0.778 0.778 0.778 
0.368 0.854 1.103 0.698 0.846 0.778 0.778 0.778 
0.380 0.816 1.119 0.698 0.846 0.778 0.778 0.778 
0.376 0.854 1.118 0.698 0.846 0.778 0.778 0.778 
0.362 0.830 1.242 0.679 0.846 0.778 0.778 0.778 
0.352 0.854 1.242 0.698 0.846 0.778 0.778 0.778 
0.366 0.825 1.106 0.698 0.846 0.833 0.833 0.833 
0.393 0.830 1.121 0.698 0.846 0.778 0.778 0.778 
0.374 0.816 1.223 0.679 0.846 0.778 0.778 0.778 
0.357 0.840 1.131 0.698 0.846 0.778 0.833 0.778 
0.382 0.821 1.144 0.679 0.846 0.778 0.778 0.778 
0.372 0.844 1.297 0.660 0.846 0.778 0.778 0.778 
0.373 0.844 1.250 0.679 0.846 0.778 0.778 0.778 
0.368 0.840 1.271 0.660 0.846 0.778 0.778 0.778 
0.363 0.849 1.121 0.698 0.846 0.778 0.778 0.778 
0.368 0.830 1.097 0.698 0.846 0.778 0.778 0.778 
0.358 0.830 1.045 0.717 0.846 0.778 0.778 0.778 
0.357 0.840 1.003 0.717 0.846 0.778 0.778 0.778 
0.346 0.840 0.983 0.698 0.846 0.778 0.778 0.778 
0.373 0.835 0.992 0.717 0.846 0.778 0.778 0.778 
0.393 0.821 1.170 0.679 0.846 0.778 0.778 0.778 
0.368 0.844 1.158 0.679 0.846 0.778 0.778 0.778 
0.365 0.821 1.188 0.660 0.846 0.778 0.778 0.778 
0.381 0.830 1.237 0.679 0.846 0.778 0.778 0.778 
0.387 0.840 1.293 0.660 0.846 0.778 0.778 0.778 
0.393 0.830 1.300 0.660 0.846 0.778 0.778 0.778 
0.366 0.849 1.219 0.679 0.846 0.778 0.833 0.778 
0.364 0.844 1.100 0.660 1.000 0.944 0.944 0.944 
0.363 0.825 1.074 0.698 0.846 0.778 0.778 0.778 
0.392 0.835 1.258 0.679 0.846 0.778 0.778 0.778 
0.357 0.840 1.313 0.698 0.846 0.778 0.778 0.778 
0.378 0.844 1.299 0.660 0.846 0.778 0.778 0.778 
0.381 0.825 1.290 0.660 0.846 0.778 0.778 0.778 
0.391 0.811 1.223 0.698 0.846 0.778 0.778 0.778 
0.336 0.835 1.104 0.698 0.846 0.778 0.833 0.778 
0.369 0.825 1.075 0.717 0.846 0.778 0.833 0.778 
0.359 0.844 1.052 0.698 0.846 0.778 0.833 0.778 
0.368 0.835 1.071 0.698 0.846 0.833 0.833 0.833 
0.346 0.849 1.000 0.698 0.846 0.833 0.833 0.833 
0.390 0.816 0.971 0.679 0.923 0.889 0.889 0.889 
0.380 0.835 1.051 0.679 0.846 0.778 0.833 0.778 
0.382 0.835 1.177 0.679 0.846 0.778 0.833 0.778 
0.376 0.816 1.131 0.679 0.846 0.833 0.833 0.833 
0.368 0.844 1.118 0.679 0.846 0.833 0.833 0.833 
0.377 0.816 1.225 0.660 0.846 0.833 0.833 0.833 
0.358 0.835 1.184 0.660 0.846 0.833 0.833 0.833 
0.377 0.840 1.095 0.698 0.846 0.833 0.833 0.833 
0.379 0.825 1.136 0.660 0.846 0.833 0.833 0.833 
0.380 0.807 1.260 0.642 0.846 0.778 0.833 0.778 
0.366 0.835 1.166 0.679 0.846 0.833 0.833 0.833 
0.341 0.849 1.068 0.698 0.846 0.833 0.833 0.833 
0.374 0.844 1.257 0.660 0.846 0.778 0.833 0.778 
0.374 0.816 1.304 0.642 0.846 0.833 0.833 0.833 
0.357 0.840 1.133 0.679 0.846 0.833 0.833 0.833 
0.390 0.830 1.056 0.660 0.846 0.778 0.833 0.778 
0.413 0.844 1.232 0.660 0.846 0.778 0.778 0.778 
0.359 0.844 1.291 0.679 0.846 0.833 0.833 0.833 
0.354 0.854 1.203 0.679 0.846 0.833 0.833 0.833 
0.333 0.849 1.073 0.698 0.846 0.833 0.833 0.833 
0.396 0.854 1.221 0.660 0.846 0.833 0.833 0.833 
0.378 0.840 1.312 0.642 0.846 0.833 0.833 0.833 
0.368 0.821 1.117 0.698 0.846 0.833 0.833 0.833 
0.376 0.835 1.075 0.679 0.846 0.833 0.833 0.833 
0.380 0.849 1.251 0.660 0.846 0.778 0.778 0.778 
0.367 0.863 1.331 0.660 0.846 0.778 0.778 0.778 
0.365 0.830 1.170 0.679 0.846 0.833 0.833 0.833 
0.385 0.835 1.191 0.660 0.846 0.778 0.778 0.778 
0.373 0.811 1.217 0.679 0.846 0.833 0.833 0.833 
0.362 0.840 1.146 0.679 0.846 0.778 0.833 0.778 
0.344 0.844 1.023 0.717 0.846 0.778 0.778 0.778 
0.369 0.840 1.130 0.679 0.846 0.778 0.778 0.778 
0.398 0.825 1.279 0.660 0.846 0.778 0.778 0.778 
0.354 0.858 1.203 0.679 0.846 0.778 0.833 0.778 
0.361 0.844 1.060 0.679 0.923 0.889 0.944 0.889 
0.388 0.844 1.080 0.679 0.846 0.833 0.833 0.833 
0.375 0.840 1.418 0.660 0.846 0.722 0.722 0.722 
0.366 0.825 1.377 0.642 0.846 0.778 0.833 0.778 
0.349 0.835 1.168 0.679 0.846 0.833 0.833 0.833 
0.397 0.835 1.064 0.679 0.846 0.833 0.833 0.833 
0.426 0.840 1.367 0.660 0.846 0.722 0.722 0.722 
0.376 0.825 1.385 0.642 0.846 0.778 0.833 0.778 
0.382 0.830 1.372 0.642 0.846 0.833 0.833 0.833 
0.366 0.830 1.404 0.660 0.846 0.778 0.778 0.778 
0.382 0.849 1.482 0.660 0.846 0.778 0.778 0.778 
0.374 0.849 1.387 0.679 0.846 0.778 0.833 0.778 
0.405 0.816 1.286 0.679 0.846 0.833 0.833 0.833 
0.363 0.840 1.247 0.660 0.846 0.833 0.833 0.833 
0.363 0.830 1.453 0.642 0.846 0.833 0.833 0.833 
0.352 0.849 1.425 0.642 0.846 0.833 0.833 0.833 
0.354 0.854 1.222 0.679 0.846 0.778 0.833 0.778 
0.410 0.840 1.224 0.679 0.846 0.778 0.833 0.778 
0.353 0.840 1.191 0.679 0.846 0.833 0.833 0.833 
0.365 0.854 1.325 0.642 0.846 0.778 0.833 0.778 
0.375 0.854 1.261 0.660 0.846 0.778 0.833 0.778 
0.352 0.840 1.080 0.679 0.846 0.778 0.833 0.778 
0.396 0.844 1.185 0.679 0.846 0.778 0.778 0.778 
0.370 0.840 1.226 0.660 0.846 0.778 0.833 0.778 
0.357 0.835 1.224 0.679 0.846 0.833 0.833 0.833 
0.357 0.854 1.180 0.660 0.846 0.778 0.833 0.778 
0.396 0.844 1.401 0.660 0.846 0.778 0.833 0.778 
0.383 0.835 1.426 0.660 0.846 0.778 0.778 0.778 
0.391 0.825 1.396 0.660 0.846 0.778 0.778 0.778 
0.347 0.849 1.184 0.679 0.846 0.833 0.833 0.833 
0.404 0.830 1.237 0.679 0.846 0.833 0.833 0.833 
0.363 0.830 1.305 0.660 0.846 0.778 0.833 0.778 
0.376 0.858 1.259 0.698 0.846 0.778 0.833 0.778 
0.388 0.816 1.173 0.698 0.846 0.778 0.778 0.778 
0.355 0.868 1.044 0.698 0.846 0.778 0.833 0.778 
0.394 0.825 1.173 0.679 0.846 0.778 0.778 0.778 
0.355 0.840 1.267 0.660 0.846 0.722 0.722 0.722 
0.341 0.854 1.245 0.679 0.846 0.722 0.722 0.722 
0.361 0.844 1.176 0.679 0.846 0.778 0.833 0.778 
0.379 0.830 1.086 0.698 0.846 0.778 0.833 0.778 
0.358 0.844 1.053 0.698 0.846 0.778 0.778 0.778 
0.391 0.830 1.098 0.679 0.846 0.778 0.833 0.778 
0.358 0.844 0.951 0.698 0.846 0.833 0.833 0.833 
0.397 0.816 1.072 0.679 0.846 0.778 0.833 0.778 
0.395 0.835 1.244 0.660 0.846 0.778 0.778 0.778 
0.377 0.854 1.227 0.679 0.846 0.778 0.778 0.778 
0.352 0.821 1.098 0.698 0.846 0.833 0.833 0.833 
0.378 0.821 1.012 0.698 0.846 0.778 0.889 0.778 
0.386 0.830 1.167 0.679 0.846 0.778 0.778 0.778 
0.374 0.835 1.125 0.679 0.846 0.778 0.778 0.778 
0.383 0.849 1.137 0.679 0.846 0.778 0.778 0.778 
0.354 0.858 1.011 0.679 0.846 0.833 0.833 0.833 
0.384 0.849 1.130 0.679 0.846 0.778 0.778 0.778 
0.393 0.821 1.267 0.660 0.846 0.778 0.778 0.778 
0.342 0.858 1.276 0.679 0.846 0.778 0.778 0.778 
0.361 0.844 1.175 0.679 0.846 0.778 0.778 0.778 
0.394 0.844 1.178 0.660 0.846 0.778 0.833 0.778 
0.342 0.854 1.070 0.679 0.846 0.778 0.833 0.778 
0.369 0.835 1.087 0.698 0.846 0.778 0.833 0.778 
0.340 0.858 1.143 0.698 0.846 0.722 0.778 0.722 
0.328 0.858 1.147 0.698 0.846 0.778 0.778 0.778 
0.369 0.854 1.292 0.698 0.846 0.722 0.722 0.722 
0.362 0.840 1.203 0.679 0.846 0.778 0.778 0.778 
0.363 0.849 1.190 0.698 0.846 0.722 0.722 0.722 
0.369 0.835 1.236 0.679 0.846 0.778 0.778 0.778 
0.351 0.840 1.165 0.698 0.846 0.778 0.833 0.778 
0.364 0.825 1.089 0.717 0.846 0.778 0.833 0.778 
0.361 0.844 1.057 0.717 0.846 0.778 0.778 0.778 
0.336 0.849 1.057 0.717 0.846 0.778 0.778 0.778 
0.364 0.840 1.044 0.717 0.846 0.778 0.778 0.778 
0.353 0.835 0.982 0.717 0.846 0.778 0.778 0.778 
0.351 0.835 1.169 0.717 0.846 0.778 0.778 0.778 
0.341 0.863 1.151 0.717 0.846 0.778 0.778 0.778 
0.374 0.844 1.175 0.679 0.846 0.778 0.778 0.778 
0.359 0.840 1.179 0.698 0.846 0.722 0.722 0.722 
0.381 0.816 1.257 0.698 0.846 0.722 0.722 0.722 
0.347 0.854 1.090 0.717 0.846 0.722 0.778 0.722 
0.382 0.849 1.163 0.698 0.846 0.722 0.722 0.722 
0.358 0.849 1.325 0.660 0.846 0.722 0.722 0.722 
0.382 0.854 1.302 0.679 0.846 0.778 0.833 0.778 
0.335 0.844 1.145 0.679 0.846 0.778 0.833 0.778 
0.386 0.844 1.200 0.698 0.846 0.722 0.722 0.722 
0.375 0.830 1.122 0.698 0.846 0.778 0.778 0.778 
0.331 0.858 1.033 0.717 0.846 0.778 0.778 0.778 
0.363 0.840 1.055 0.679 0.846 0.778 0.778 0.778 
0.358 0.844 1.280 0.679 0.846 0.722 0.722 0.722 
0.339 0.830 1.356 0.679 0.846 0.833 0.833 0.833 
0.388 0.816 1.318 0.679 0.846 0.778 0.833 0.778 
0.362 0.835 1.327 0.679 0.846 0.722 0.722 0.722 
0.406 0.821 1.296 0.679 0.846 0.778 0.778 0.778 
0.385 0.868 1.230 0.717 0.846 0.778 0.778 0.778 
0.368 0.844 1.186 0.717 0.846 0.722 0.722 0.722 
0.340 0.873 1.234 0.698 0.846 0.722 0.722 0.722 
0.338 0.858 1.250 0.698 0.846 0.778 0.778 0.778 
0.398 0.830 1.327 0.698 0.846 0.778 0.778 0.778 
0.341 0.840 1.147 0.698 0.846 0.778 0.778 0.778 
0.354 0.858 1.312 0.698 0.846 0.722 0.722 0.722 
0.361 0.849 1.459 0.679 0.846 0.722 0.722 0.722 
0.351 0.863 1.246 0.698 0.846 0.778 0.778 0.778 
0.331 0.863 1.113 0.698 0.846 0.778 0.778 0.778 
0.369 0.868 1.245 0.717 0.846 0.778 0.778 0.778 
0.395 0.830 1.178 0.698 0.846 0.778 0.778 0.778 
0.339 0.858 0.992 0.717 0.846 0.778 0.778 0.778 
0.379 0.821 1.082 0.698 0.846 0.778 0.778 0.778 
0.363 0.858 1.302 0.679 0.846 0.722 0.722 0.722 
0.380 0.854 1.262 0.698 0.846 0.722 0.722 0.722 
0.332 0.849 1.119 0.717 0.846 0.722 0.778 0.722 
0.378 0.844 1.212 0.698 0.846 0.722 0.722 0.722 
0.408 0.854 1.287 0.679 0.846 0.722 0.722 0.722 
0.374 0.854 1.269 0.660 0.846 0.722 0.722 0.722 
0.358 0.844 1.258 0.717 0.846 0.722 0.722 0.722 
0.371 0.849 1.269 0.698 0.846 0.722 0.722 0.722 
0.355 0.854 1.192 0.698 0.846 0.722 0.722 0.722 
0.345 0.849 1.302 0.698 0.846 0.722 0.722 0.722 
0.355 0.849 1.274 0.698 0.846 0.778 0.778 0.778 
0.346 0.849 1.272 0.717 0.846 0.722 0.778 0.722 
0.366 0.835 1.338 0.679 0.846 0.722 0.722 0.722 
0.354 0.849 1.311 0.698 0.846 0.722 0.722 0.722 
0.360 0.835 1.273 0.698 0.846 0.778 0.778 0.778 
0.326 0.858 1.108 0.717 0.846 0.778 0.778 0.778 
0.350 0.858 1.224 0.698 0.846 0.778 0.778 0.778 
0.352 0.858 1.311 0.698 0.846 0.778 0.778 0.778 
0.328 0.854 1.176 0.698 0.846 0.778 0.778 0.778 
0.368 0.825 1.219 0.698 0.846 0.722 0.722 0.722 
0.343 0.854 1.181 0.698 0.846 0.722 0.722 0.722 
0.380 0.821 1.311 0.679 0.846 0.722 0.722 0.722 
0.349 0.854 1.232 0.698 0.846 0.722 0.722 0.722 
0.355 0.858 1.255 0.698 0.846 0.722 0.722 0.722 
0.345 0.854 1.308 0.698 0.846 0.722 0.722 0.722 
0.344 0.849 1.235 0.698 0.846 0.778 0.778 0.778 
0.320 0.858 1.143 0.717 0.846 0.722 0.722 0.778 
0.378 0.849 1.277 0.698 0.846 0.722 0.722 0.722 
0.347 0.863 1.189 0.698 0.846 0.722 0.722 0.722 
0.334 0.868 1.106 0.717 0.846 0.778 0.778 0.778 
0.340 0.835 1.200 0.698 0.846 0.722 0.722 0.722 
0.362 0.840 1.343 0.698 0.846 0.722 0.722 0.722 
0.387 0.840 1.214 0.698 0.846 0.778 0.778 0.778 
0.380 0.821 1.133 0.698 0.846 0.722 0.722 0.722 
0.348 0.863 1.281 0.679 0.846 0.778 0.833 0.778 
0.371 0.821 1.340 0.679 0.846 0.833 0.833 0.833 
0.368 0.840 1.150 0.679 0.846 0.778 0.833 0.778 
0.354 0.840 1.152 0.698 0.846 0.722 0.722 0.722 
0.338 0.858 1.180 0.679 0.846 0.778 0.833 0.778 
0.352 0.854 1.141 0.679 0.846 0.778 0.833 0.778 
0.349 0.858 1.248 0.679 0.846 0.722 0.722 0.722 
0.362 0.835 1.286 0.698 0.846 0.722 0.722 0.722 
0.349 0.844 1.135 0.698 0.846 0.778 0.778 0.778 
0.368 0.858 1.128 0.717 0.846 0.722 0.722 0.722 
0.372 0.849 1.264 0.679 0.846 0.722 0.722 0.722 
0.353 0.863 1.190 0.698 0.846 0.722 0.722 0.722 
0.337 0.849 1.035 0.717 0.846 0.778 0.778 0.778 
0.375 0.849 1.078 0.698 0.846 0.722 0.722 0.722 
0.383 0.849 1.240 0.679 0.846 0.722 0.722 0.722 
0.355 0.844 1.266 0.698 0.846 0.722 0.722 0.722 
0.373 0.825 1.271 0.698 0.846 0.722 0.722 0.722 
0.379 0.840 1.270 0.698 0.846 0.722 0.722 0.722 
0.345 0.849 1.355 0.679 0.846 0.722 0.722 0.722 
0.327 0.868 1.305 0.698 0.846 0.722 0.722 0.722 
0.357 0.854 1.312 0.679 0.846 0.722 0.722 0.722 
0.345 0.849 1.380 0.679 0.846 0.722 0.722 0.722 
0.339 0.863 1.426 0.679 0.846 0.722 0.722 0.722 
0.372 0.840 1.280 0.717 0.846 0.778 0.833 0.778 
0.351 0.849 1.232 0.698 0.846 0.722 0.722 0.722 
0.332 0.849 1.187 0.698 0.846 0.722 0.722 0.722 
0.351 0.849 1.279 0.698 0.846 0.722 0.722 0.722 
0.351 0.854 1.226 0.679 0.846 0.778 0.833 0.778 
0.392 0.816 1.234 0.698 0.846 0.722 0.722 0.722 
0.381 0.854 1.237 0.698 0.846 0.722 0.722 0.722 
0.336 0.854 1.222 0.698 0.846 0.778 0.778 0.778 
0.368 0.844 1.225 0.698 0.846 0.722 0.722 0.722 
0.349 0.858 1.203 0.698 0.846 0.722 0.722 0.722 
0.369 0.840 1.325 0.679 0.846 0.722 0.722 0.722 
0.340 0.849 1.345 0.698 0.846 0.722 0.722 0.722 
0.385 0.849 1.331 0.679 0.846 0.722 0.722 0.722 
0.355 0.835 1.425 0.698 0.846 0.722 0.722 0.722 
0.373 0.830 1.449 0.698 0.846 0.722 0.722 0.722 
0.321 0.849 1.237 0.679 0.846 0.722 0.778 0.722 
0.336 0.844 1.145 0.679 0.846 0.833 0.833 0.833 
0.360 0.830 1.324 0.698 0.846 0.722 0.722 0.722 
0.354 0.844 1.424 0.660 0.846 0.722 0.722 0.722 
0.324 0.868 1.257 0.698 0.846 0.722 0.722 0.722 
0.337 0.868 1.315 0.698 0.846 0.722 0.722 0.722 
0.356 0.873 1.394 0.660 0.846 0.722 0.722 0.722 
0.328 0.868 1.343 0.698 0.846 0.722 0.722 0.722 
0.328 0.854 1.333 0.698 0.846 0.722 0.722 0.722 
0.361 0.840 1.332 0.698 0.846 0.722 0.722 0.722 
0.398 0.825 1.398 0.679 0.846 0.722 0.722 0.722 
0.337 0.840 1.323 0.698 0.846 0.722 0.722 0.722 
0.332 0.868 1.187 0.717 0.846 0.722 0.722 0.722 
0.356 0.873 1.226 0.698 0.846 0.722 0.722 0.722 
0.347 0.840 1.398 0.698 0.846 0.722 0.722 0.722 
0.346 0.844 1.317 0.698 0.846 0.778 0.833 0.778 
0.349 0.849 1.289 0.698 0.846 0.722 0.722 0.722 
0.399 0.830 1.398 0.698 0.846 0.722 0.722 0.722 
0.384 0.830 1.331 0.698 0.846 0.722 0.722 0.722 
0.320 0.868 1.221 0.698 0.846 0.722 0.778 0.722 
0.334 0.858 1.073 0.698 0.846 0.778 0.833 0.778 
0.406 0.840 1.135 0.698 0.846 0.722 0.722 0.722 
0.371 0.835 1.250 0.698 0.846 0.722 0.722 0.722 
0.376 0.844 1.264 0.679 0.846 0.722 0.778 0.722 
0.328 0.858 1.228 0.698 0.846 0.722 0.722 0.722 
0.338 0.849 1.340 0.679 0.846 0.722 0.722 0.722 
0.359 0.868 1.317 0.698 0.846 0.722 0.722 0.722 
0.334 0.863 1.339 0.698 0.846 0.722 0.722 0.722 
0.374 0.830 1.332 0.698 0.846 0.722 0.778 0.722 
0.339 0.863 1.318 0.698 0.846 0.722 0.722 0.722 
0.356 0.849 1.345 0.698 0.846 0.722 0.722 0.722 
0.328 0.868 1.174 0.717 0.846 0.722 0.722 0.722 
0.380 0.821 1.262 0.698 0.846 0.722 0.722 0.722 
0.328 0.854 1.137 0.717 0.846 0.722 0.778 0.722 
0.376 0.821 1.082 0.698 0.846 0.833 0.833 0.833 
0.346 0.868 1.022 0.717 0.846 0.722 0.778 0.778 
0.330 0.858 1.205 0.679 0.846 0.722 0.778 0.722 
0.346 0.849 1.338 0.679 0.846 0.778 0.778 0.778 
0.361 0.830 1.273 0.679 0.846 0.722 0.778 0.722 
0.340 0.849 1.282 0.698 0.846 0.722 0.722 0.722 
0.378 0.868 1.390 0.679 0.846 0.722 0.722 0.722 
0.371 0.863 1.419 0.698 0.846 0.722 0.722 0.722 
0.311 0.854 1.257 0.679 0.846 0.833 0.833 0.833 
0.373 0.849 1.284 0.698 0.846 0.722 0.778 0.722 
0.368 0.835 1.370 0.679 0.846 0.722 0.722 0.722 
0.344 0.840 1.340 0.679 0.846 0.722 0.778 0.778 
0.342 0.840 1.357 0.679 0.846 0.722 0.778 0.722 
0.354 0.849 1.369 0.698 0.846 0.722 0.722 0.722 
0.346 0.849 1.259 0.679 0.846 0.722 0.778 0.722 
0.365 0.816 1.322 0.698 0.846 0.722 0.722 0.722 
0.360 0.863 1.307 0.698 0.846 0.722 0.722 0.722 
0.325 0.854 1.321 0.698 0.846 0.722 0.722 0.722 
0.367 0.844 1.244 0.698 0.846 0.722 0.722 0.722 
0.311 0.863 1.113 0.698 0.846 0.722 0.722 0.722 
0.336 0.858 1.310 0.679 0.846 0.722 0.722 0.722 
0.336 0.854 1.237 0.698 0.846 0.722 0.722 0.722 
0.328 0.854 1.117 0.698 0.846 0.722 0.722 0.722 
0.318 0.863 1.032 0.717 0.846 0.722 0.722 0.722 
0.368 0.835 1.079 0.698 0.846 0.722 0.778 0.722 
0.360 0.835 1.255 0.698 0.846 0.722 0.722 0.722 
0.361 0.825 1.366 0.698 0.846 0.722 0.722 0.722 
0.330 0.844 1.165 0.698 0.846 0.722 0.722 0.722 
0.345 0.840 1.230 0.660 0.846 0.722 0.722 0.722 
0.349 0.849 1.290 0.660 0.846 0.722 0.722 0.722 
0.359 0.873 1.356 0.698 0.846 0.722 0.722 0.722 
0.360 0.825 1.331 0.660 0.846 0.722 0.722 0.722 
0.355 0.849 1.304 0.660 0.846 0.722 0.722 0.722 
0.327 0.840 1.258 0.679 0.846 0.722 0.778 0.778 
0.364 0.830 1.166 0.679 0.846 0.778 0.778 0.778 
0.336 0.835 1.169 0.679 0.846 0.722 0.722 0.722 
0.324 0.863 1.272 0.679 0.846 0.722 0.722 0.722 
0.335 0.858 1.339 0.698 0.846 0.722 0.722 0.722 
0.314 0.863 1.379 0.698 0.846 0.722 0.722 0.722 
0.355 0.835 1.405 0.698 0.846 0.722 0.722 0.722 
0.335 0.863 1.364 0.698 0.846 0.722 0.722 0.722 
0.375 0.849 1.351 0.698 0.846 0.722 0.722 0.722 
0.358 0.821 1.207 0.698 0.846 0.722 0.722 0.722 
0.351 0.825 1.292 0.698 0.846 0.722 0.722 0.722 
0.351 0.835 1.220 0.698 0.846 0.722 0.722 0.722 
0.336 0.863 1.212 0.698 0.846 0.722 0.722 0.722 
0.370 0.854 1.278 0.660 0.846 0.722 0.722 0.722 
0.315 0.844 1.247 0.679 0.846 0.722 0.778 0.722 
0.329 0.840 1.295 0.698 0.846 0.722 0.722 0.722 
0.353 0.844 1.428 0.679 0.846 0.722 0.778 0.722 
0.344 0.840 1.300 0.698 0.846 0.722 0.722 0.722 
0.308 0.863 1.158 0.717 0.846 0.722 0.722 0.722 
0.350 0.849 1.223 0.698 0.846 0.722 0.722 0.722 
0.322 0.868 1.176 0.698 0.846 0.722 0.722 0.722 
0.354 0.840 1.273 0.698 0.846 0.722 0.722 0.722 
0.312 0.863 1.274 0.698 0.846 0.722 0.722 0.722 
0.333 0.858 1.307 0.679 0.846 0.722 0.778 0.722 
0.332 0.854 1.175 0.698 0.846 0.778 0.778 0.778 
0.357 0.825 1.137 0.698 0.846 0.778 0.778 0.778 
0.342 0.854 1.222 0.679 0.846 0.778 0.778 0.778 
0.341 0.825 1.304 0.679 0.846 0.778 0.778 0.778 
0.346 0.835 1.178 0.698 0.846 0.778 0.778 0.778 
0.309 0.863 1.009 0.698 0.923 0.833 0.833 0.833 
0.340 0.858 1.194 0.679 0.846 0.722 0.778 0.722 
0.352 0.858 1.239 0.679 0.846 0.778 0.778 0.778 
0.357 0.854 1.210 0.679 0.846 0.778 0.778 0.778 
0.355 0.835 1.123 0.679 0.846 0.778 0.778 0.778 
0.387 0.830 1.438 0.679 0.846 0.778 0.778 0.778 
0.347 0.849 1.258 0.679 0.846 0.778 0.778 0.778 
0.328 0.873 1.122 0.698 0.846 0.722 0.722 0.722 
0.323 0.825 1.035 0.679 0.846 0.778 0.778 0.778 
0.348 0.840 1.263 0.679 0.846 0.778 0.778 0.778 
0.304 0.844 1.259 0.679 0.846 0.722 0.778 0.722 
0.348 0.825 1.263 0.698 0.846 0.722 0.778 0.722 
0.323 0.849 1.141 0.698 0.846 0.722 0.778 0.722 
0.347 0.858 1.270 0.679 0.846 0.722 0.778 0.722 
0.331 0.830 1.372 0.660 0.846 0.722 0.722 0.722 
0.315 0.849 1.233 0.660 0.846 0.722 0.778 0.722 
0.358 0.840 1.248 0.717 0.846 0.778 0.778 0.778 
0.387 0.844 1.245 0.698 0.846 0.722 0.722 0.722 
0.329 0.858 1.153 0.679 0.846 0.722 0.722 0.722 
0.309 0.840 1.146 0.698 0.846 0.778 0.778 0.778 
0.337 0.868 1.108 0.717 0.846 0.722 0.778 0.722 
0.379 0.858 1.206 0.679 0.846 0.722 0.722 0.722 
0.334 0.858 1.307 0.679 0.846 0.722 0.722 0.722 
0.357 0.825 1.230 0.698 0.846 0.778 0.778 0.778 
0.377 0.821 1.140 0.660 0.846 0.722 0.778 0.722 
0.383 0.835 1.489 0.679 0.846 0.722 0.722 0.722 
0.361 0.858 1.399 0.679 0.846 0.722 0.722 0.722 
0.314 0.868 1.203 0.698 0.846 0.778 0.778 0.778 
0.378 0.840 1.325 0.660 0.846 0.722 0.778 0.778 
0.379 0.825 1.339 0.660 0.846 0.778 0.778 0.778 
0.331 0.840 1.264 0.679 0.846 0.722 0.778 0.722 
0.375 0.844 1.223 0.660 0.846 0.722 0.778 0.722 
0.349 0.877 1.306 0.660 0.846 0.722 0.778 0.722 
0.333 0.868 1.311 0.660 0.846 0.778 0.778 0.778 
0.377 0.844 1.288 0.660 0.846 0.722 0.778 0.722 
0.349 0.863 1.289 0.679 0.846 0.722 0.722 0.722 
0.338 0.849 1.427 0.679 0.846 0.722 0.722 0.722 
0.313 0.858 1.388 0.679 0.846 0.778 0.778 0.778 
0.345 0.840 1.349 0.660 0.846 0.722 0.778 0.722 
0.326 0.844 1.334 0.679 0.846 0.778 0.778 0.778 
0.336 0.835 1.356 0.679 0.846 0.778 0.778 0.778 
0.359 0.835 1.347 0.660 0.846 0.778 0.778 0.778 
0.333 0.868 1.178 0.679 0.846 0.778 0.778 0.778 
0.326 0.863 1.086 0.698 0.846 0.778 0.778 0.778 
0.327 0.858 1.161 0.679 0.846 0.778 0.778 0.778 
0.367 0.835 1.210 0.679 0.846 0.722 0.778 0.722 
0.348 0.840 1.212 0.679 0.846 0.722 0.722 0.722 
0.316 0.858 1.224 0.679 0.846 0.778 0.778 0.778 
0.313 0.849 1.187 0.698 0.846 0.778 0.778 0.778 
0.334 0.840 1.135 0.698 0.846 0.778 0.778 0.778 
0.338 0.821 1.039 0.698 0.846 0.778 0.778 0.778 
0.322 0.849 1.121 0.679 0.846 0.778 0.778 0.778 
0.345 0.816 1.219 0.679 0.846 0.778 0.778 0.778 
0.313 0.873 1.133 0.698 0.846 0.778 0.778 0.778 
0.327 0.844 1.032 0.698 0.923 0.833 0.833 0.833 
0.309 0.868 1.004 0.698 0.846 0.722 0.778 0.722 
0.361 0.835 1.229 0.660 0.846 0.722 0.778 0.722 
0.341 0.863 1.317 0.679 0.846 0.778 0.778 0.778 
0.336 0.849 1.330 0.679 0.846 0.778 0.778 0.778 
0.310 0.840 1.219 0.698 0.846 0.778 0.778 0.778 
0.339 0.825 1.282 0.679 0.846 0.778 0.778 0.778 
0.361 0.835 1.349 0.660 0.846 0.722 0.778 0.722 
0.351 0.868 1.328 0.698 0.846 0.722 0.722 0.722 
0.321 0.849 1.331 0.679 0.846 0.722 0.778 0.722 
0.310 0.854 1.236 0.679 0.846 0.778 0.778 0.778 
0.306 0.854 1.122 0.698 0.846 0.778 0.778 0.778 
0.357 0.854 1.201 0.679 0.846 0.778 0.778 0.778 
0.339 0.854 1.294 0.679 0.846 0.778 0.778 0.778 
0.320 0.858 1.217 0.698 0.846 0.778 0.778 0.778 
0.325 0.849 1.079 0.717 0.846 0.778 0.778 0.778 
0.351 0.863 1.096 0.679 0.846 0.778 0.778 0.778 
0.362 0.863 1.261 0.679 0.846 0.778 0.778 0.778 
0.333 0.873 1.240 0.679 0.846 0.778 0.778 0.778 
0.311 0.873 1.166 0.698 0.846 0.778 0.778 0.778 
0.344 0.854 1.268 0.679 0.846 0.778 0.778 0.778 
0.327 0.849 1.417 0.660 0.846 0.722 0.778 0.722 
0.331 0.868 1.400 0.679 0.846 0.778 0.778 0.778 
0.309 0.863 1.233 0.679 0.923 0.889 0.944 0.889 
0.367 0.849 1.257 0.698 0.846 0.778 0.778 0.778 
0.363 0.858 1.493 0.679 0.846 0.722 0.722 0.722 
0.320 0.863 1.331 0.660 0.846 0.722 0.778 0.722 
0.324 0.849 1.231 0.679 0.846 0.778 0.778 0.778 
0.348 0.858 1.187 0.679 0.846 0.778 0.778 0.778 
0.321 0.858 1.438 0.660 0.846 0.722 0.778 0.722 
0.318 0.863 1.431 0.660 0.846 0.778 0.778 0.778 
0.318 0.854 1.162 0.679 0.846 0.778 0.778 0.778 
0.356 0.844 1.507 0.660 0.846 0.778 0.778 0.778 
0.337 0.849 1.408 0.660 0.846 0.722 0.778 0.722 
0.351 0.840 1.303 0.679 0.846 0.722 0.722 0.722 
0.347 0.840 1.304 0.679 0.846 0.778 0.778 0.778 
0.350 0.830 1.391 0.679 0.846 0.778 0.778 0.778 
0.324 0.835 1.310 0.679 0.846 0.778 0.778 0.778 
0.304 0.877 1.233 0.660 0.846 0.722 0.778 0.722 
0.361 0.830 1.147 0.679 0.846 0.778 0.778 0.778 
0.320 0.868 0.962 0.698 0.923 0.833 0.833 0.833 
0.348 0.858 1.080 0.679 0.846 0.722 0.778 0.722 
0.323 0.858 1.288 0.679 0.846 0.722 0.722 0.722 
0.314 0.868 1.300 0.679 0.846 0.722 0.778 0.722 
0.317 0.854 1.261 0.679 0.846 0.722 0.778 0.778 
0.344 0.854 1.244 0.679 0.846 0.722 0.722 0.722 
0.360 0.849 1.284 0.679 0.846 0.722 0.722 0.722 
0.293 0.873 1.302 0.660 0.846 0.722 0.778 0.722 
0.362 0.849 1.353 0.660 0.846 0.778 0.778 0.778 
0.313 0.882 1.197 0.679 0.846 0.778 0.778 0.778 
0.364 0.835 1.227 0.660 0.846 0.778 0.778 0.778 
0.311 0.825 1.184 0.679 0.846 0.778 0.778 0.778 
0.325 0.854 1.217 0.679 0.846 0.778 0.778 0.778 
0.316 0.863 1.186 0.698 0.846 0.778 0.778 0.778 
0.340 0.844 1.306 0.679 0.846 0.778 0.778 0.778 
0.337 0.858 1.315 0.679 0.846 0.778 0.778 0.778 
0.344 0.858 1.166 0.679 0.846 0.778 0.778 0.778 
0.315 0.873 1.103 0.698 0.923 0.833 0.833 0.833 
0.333 0.854 1.209 0.679 0.846 0.778 0.778 0.778 
0.334 0.835 1.186 0.679 0.846 0.778 0.778 0.778 
0.335 0.835 1.174 0.679 0.846 0.778 0.778 0.778 
0.325 0.873 1.313 0.679 0.846 0.778 0.778 0.778 
0.311 0.868 1.244 0.679 0.846 0.778 0.778 0.778 
0.329 0.835 1.151 0.679 0.846 0.778 0.778 0.778 
0.381 0.844 1.165 0.679 0.846 0.778 0.778 0.778 
0.357 0.840 1.602 0.679 0.846 0.778 0.778 0.778 
0.375 0.849 1.513 0.679 0.846 0.778 0.778 0.778 
0.330 0.849 1.310 0.679 0.846 0.778 0.778 0.778 
0.334 0.868 1.283 0.679 0.846 0.778 0.778 0.778 
0.344 0.835 1.414 0.660 0.846 0.778 0.778 0.778 
0.304 0.863 1.307 0.660 0.846 0.778 0.778 0.778 
0.318 0.858 1.315 0.660 0.846 0.722 0.778 0.722 
0.371 0.816 1.345 0.660 0.846 0.778 0.778 0.778 
0.307 0.849 1.345 0.660 0.846 0.778 0.778 0.778 
0.330 0.830 1.407 0.679 0.846 0.778 0.778 0.778 
0.321 0.858 1.280 0.679 0.846 0.778 0.778 0.778 
0.337 0.858 1.332 0.679 0.846 0.778 0.778 0.778 
0.292 0.877 1.282 0.679 0.846 0.778 0.778 0.778 
0.294 0.854 1.283 0.698 0.846 0.778 0.778 0.778 
0.309 0.844 1.207 0.698 0.923 0.833 0.833 0.833 
0.308 0.854 1.102 0.698 0.846 0.778 0.833 0.778 
0.347 0.835 1.179 0.679 0.846 0.778 0.778 0.778 
0.350 0.844 1.236 0.679 0.846 0.778 0.778 0.778 
0.325 0.858 1.276 0.660 0.846 0.722 0.778 0.722 
0.321 0.858 1.328 0.660 0.846 0.778 0.778 0.778 
0.308 0.873 1.308 0.679 0.846 0.778 0.778 0.778 
0.357 0.830 1.287 0.679 0.846 0.778 0.778 0.778 
0.325 0.863 1.311 0.660 0.846 0.778 0.778 0.778 
0.314 0.868 1.509 0.679 0.846 0.778 0.778 0.778 
0.317 0.849 1.377 0.679 0.846 0.778 0.778 0.778 
0.311 0.858 1.138 0.679 0.846 0.778 0.778 0.778 
0.366 0.840 1.158 0.679 0.846 0.778 0.778 0.778 
0.332 0.844 1.181 0.698 0.846 0.778 0.778 0.778 
0.319 0.863 1.079 0.717 0.923 0.833 0.833 0.833 
0.324 0.873 1.001 0.698 0.923 0.833 0.833 0.833 
0.344 0.854 1.276 0.679 0.846 0.778 0.778 0.778 
0.348 0.844 1.246 0.679 0.846 0.778 0.778 0.778 
0.361 0.854 1.141 0.679 0.846 0.778 0.778 0.778 
0.366 0.835 1.262 0.660 0.846 0.722 0.778 0.778 
0.378 0.816 1.355 0.679 0.846 0.778 0.778 0.778 
0.319 0.854 1.283 0.679 0.846 0.722 0.778 0.722 
0.314 0.877 1.095 0.698 0.846 0.778 0.778 0.778 
0.383 0.840 1.419 0.698 0.846 0.778 0.778 0.778 
0.341 0.863 1.279 0.679 0.846 0.778 0.778 0.778 
0.312 0.849 1.252 0.660 0.846 0.722 0.778 0.778 
0.310 0.858 1.231 0.698 0.846 0.778 0.778 0.778 
0.374 0.863 1.285 0.698 0.846 0.778 0.778 0.778 
0.334 0.849 1.157 0.679 0.846 0.778 0.778 0.778 
0.320 0.868 1.278 0.660 0.846 0.722 0.778 0.778 
0.309 0.844 1.282 0.679 0.846 0.778 0.778 0.778 
0.359 0.821 1.339 0.679 0.846 0.778 0.778 0.778 
0.330 0.844 1.351 0.660 0.846 0.722 0.778 0.722 
0.347 0.840 1.330 0.679 0.846 0.778 0.778 0.778 
0.327 0.863 1.279 0.679 0.846 0.778 0.778 0.778 
0.345 0.844 1.204 0.679 0.846 0.778 0.778 0.778 
0.322 0.844 1.348 0.660 0.846 0.722 0.778 0.722 
0.328 0.854 1.413 0.660 0.846 0.778 0.778 0.778 
0.326 0.840 1.378 0.660 0.846 0.722 0.778 0.778 
0.327 0.854 1.129 0.679 0.846 0.778 0.778 0.778 
0.334 0.849 1.048 0.679 0.846 0.778 0.778 0.778 
0.324 0.844 1.095 0.679 0.846 0.778 0.778 0.778 
0.333 0.816 1.203 0.679 0.846 0.778 0.778 0.778 
0.293 0.873 1.121 0.679 0.846 0.778 0.778 0.778 
0.318 0.868 1.261 0.679 0.846 0.778 0.778 0.778 
0.320 0.887 1.242 0.679 0.846 0.778 0.778 0.778 
0.291 0.854 1.101 0.679 0.846 0.778 0.778 0.778 
0.359 0.835 1.157 0.660 0.846 0.778 0.778 0.778 
0.302 0.887 1.135 0.679 0.846 0.778 0.778 0.778 
0.331 0.840 1.354 0.679 0.846 0.778 0.778 0.778 
0.301 0.863 1.258 0.679 0.846 0.778 0.778 0.778 
0.307 0.873 1.092 0.679 0.846 0.778 0.778 0.778 
0.311 0.858 1.071 0.698 0.846 0.778 0.778 0.778 
0.291 0.858 1.121 0.698 0.846 0.778 0.778 0.778 
0.310 0.868 1.131 0.698 0.846 0.833 0.833 0.778 
0.358 0.835 1.178 0.679 0.846 0.778 0.778 0.778 
0.320 0.858 1.123 0.679 0.846 0.778 0.778 0.778 
0.310 0.863 1.105 0.698 0.846 0.778 0.778 0.778 
0.323 0.849 1.202 0.679 0.846 0.778 0.778 0.778 
0.327 0.868 1.284 0.679 0.846 0.778 0.778 0.778 
0.292 0.873 1.347 0.679 0.846 0.778 0.778 0.778 
0.345 0.858 1.393 0.679 0.846 0.778 0.778 0.778 
0.317 0.844 1.273 0.679 0.846 0.778 0.778 0.778 
0.319 0.863 1.304 0.679 0.846 0.778 0.778 0.778 
0.320 0.854 1.311 0.679 0.846 0.778 0.778 0.778 
0.316 0.849 1.207 0.698 0.846 0.778 0.778 0.778 
0.342 0.830 1.288 0.679 0.846 0.778 0.778 0.778 
0.329 0.849 1.181 0.679 0.846 0.778 0.778 0.778 
0.281 0.887 1.063 0.679 0.923 0.833 0.833 0.833 
0.336 0.849 1.446 0.698 0.846 0.778 0.778 0.778 
0.339 0.849 1.498 0.679 0.846 0.778 0.778 0.778 
0.333 0.840 1.318 0.679 0.846 0.778 0.778 0.778 
0.333 0.849 1.272 0.679 0.846 0.778 0.778 0.778 
0.361 0.830 1.648 0.679 0.846 0.778 0.778 0.778 
0.329 0.858 1.639 0.679 0.846 0.778 0.778 0.778 
0.307 0.873 1.469 0.679 0.846 0.778 0.778 0.778 
0.313 0.835 1.380 0.679 0.846 0.778 0.778 0.778 
0.343 0.858 1.450 0.660 0.846 0.778 0.778 0.778 
0.337 0.858 1.561 0.660 0.846 0.778 0.778 0.778 
0.345 0.844 1.491 0.660 0.846 0.778 0.778 0.778 
0.296 0.854 1.283 0.679 0.846 0.778 0.778 0.778 
0.319 0.858 1.341 0.679 0.846 0.778 0.778 0.778 
0.303 0.882 1.288 0.679 0.846 0.778 0.778 0.778 
0.315 0.854 1.232 0.698 0.846 0.778 0.778 0.778 
0.313 0.858 1.072 0.698 0.923 0.833 0.833 0.833 
0.340 0.854 1.114 0.679 0.846 0.778 0.778 0.778 
0.347 0.844 1.283 0.660 0.846 0.778 0.778 0.778 
0.318 0.873 1.239 0.679 0.846 0.778 0.778 0.778 
0.307 0.858 1.021 0.698 0.846 0.778 0.778 0.778 
0.338 0.854 1.462 0.679 0.846 0.778 0.778 0.778 
0.341 0.844 1.512 0.679 0.846 0.778 0.778 0.778 
0.350 0.849 1.447 0.679 0.846 0.722 0.778 0.722 
0.307 0.873 1.229 0.698 0.846 0.778 0.778 0.778 
0.333 0.844 1.290 0.698 0.846 0.778 0.778 0.778 
0.294 0.854 1.219 0.698 0.846 0.778 0.778 0.778 
0.337 0.830 1.239 0.660 0.846 0.722 0.778 0.722 
0.302 0.858 1.138 0.679 0.846 0.722 0.778 0.722 
0.362 0.844 1.283 0.698 0.846 0.778 0.778 0.778 
0.338 0.868 1.359 0.679 0.846 0.722 0.722 0.722 
0.327 0.844 1.353 0.660 0.846 0.778 0.778 0.778 
0.327 0.840 1.213 0.679 0.846 0.778 0.778 0.778 
0.312 0.849 1.039 0.679 0.923 0.833 0.833 0.833 
0.341 0.858 1.207 0.679 0.846 0.778 0.778 0.778 
0.355 0.854 1.435 0.679 0.846 0.722 0.778 0.722 
0.322 0.849 1.343 0.679 0.846 0.778 0.778 0.778 
0.306 0.858 1.162 0.698 0.846 0.778 0.778 0.778 
0.333 0.887 1.327 0.679 0.846 0.778 0.778 0.778 
0.324 0.840 1.516 0.679 0.846 0.778 0.778 0.778 
0.345 0.863 1.447 0.679 0.846 0.778 0.778 0.778 
0.332 0.854 1.347 0.679 0.846 0.722 0.778 0.722 
0.365 0.835 1.668 0.660 0.846 0.722 0.778 0.722 
0.339 0.868 1.757 0.679 0.846 0.722 0.722 0.722 
0.326 0.849 1.590 0.660 0.846 0.722 0.778 0.722 
0.335 0.844 1.453 0.679 0.846 0.778 0.778 0.778 
0.336 0.854 1.650 0.679 0.846 0.778 0.778 0.778 
0.382 0.821 1.646 0.660 0.846 0.778 0.778 0.778 
0.336 0.835 1.404 0.660 0.846 0.778 0.778 0.778 
0.305 0.858 1.303 0.698 0.846 0.778 0.778 0.778 
0.354 0.854 1.517 0.698 0.923 0.833 0.889 0.833 
0.322 0.863 1.450 0.679 0.846 0.778 0.778 0.778 
0.292 0.858 1.434 0.679 0.846 0.778 0.778 0.778 
0.323 0.830 1.352 0.698 0.846 0.778 0.778 0.778 
0.360 0.854 1.210 0.698 0.846 0.833 0.833 0.778 
0.331 0.858 1.253 0.679 0.846 0.778 0.778 0.778 
0.331 0.849 1.259 0.679 0.846 0.778 0.778 0.778 
0.311 0.821 1.310 0.679 0.846 0.778 0.778 0.778 
0.286 0.858 1.164 0.679 0.846 0.778 0.778 0.778 
0.340 0.863 1.238 0.679 0.846 0.778 0.778 0.778 
0.324 0.858 1.263 0.698 0.846 0.778 0.778 0.778 
0.326 0.854 1.177 0.679 0.923 0.833 0.833 0.833 
0.302 0.849 1.060 0.698 0.923 0.833 0.833 0.833 
0.339 0.816 1.129 0.679 0.846 0.778 0.778 0.778 
0.327 0.868 1.253 0.679 0.846 0.778 0.778 0.778 
0.278 0.892 1.225 0.679 0.846 0.778 0.778 0.778 
0.292 0.873 1.175 0.698 0.846 0.778 0.833 0.778 
0.320 0.858 1.239 0.679 0.846 0.778 0.778 0.778 
0.350 0.835 1.486 0.679 0.846 0.778 0.778 0.778 
0.288 0.868 1.407 0.679 0.846 0.778 0.778 0.778 
0.340 0.849 1.342 0.679 0.846 0.778 0.778 0.778 
0.356 0.854 1.354 0.679 0.846 0.778 0.778 0.778 
0.324 0.849 1.447 0.679 0.846 0.778 0.778 0.778 
0.294 0.858 1.441 0.679 0.846 0.778 0.778 0.778 
0.293 0.854 1.317 0.698 0.846 0.778 0.778 0.778 
0.329 0.854 1.321 0.679 0.846 0.778 0.778 0.778 
0.314 0.858 1.383 0.660 0.846 0.722 0.778 0.722 
0.326 0.835 1.326 0.679 0.846 0.778 0.778 0.778 
0.331 0.863 1.321 0.679 0.846 0.778 0.778 0.778 
0.315 0.844 1.413 0.679 0.846 0.778 0.778 0.778 
0.295 0.849 1.339 0.679 0.846 0.778 0.778 0.778 
0.282 0.868 1.269 0.698 0.846 0.778 0.778 0.778 
0.337 0.849 1.336 0.679 0.846 0.778 0.778 0.778 
0.302 0.863 1.418 0.679 0.846 0.778 0.778 0.778 
0.334 0.835 1.490 0.679 0.846 0.778 0.778 0.778 
0.314 0.858 1.425 0.679 0.846 0.722 0.778 0.778 
0.318 0.835 1.503 0.698 0.846 0.778 0.778 0.778 
0.339 0.858 1.487 0.679 0.846 0.722 0.778 0.778 
0.315 0.858 1.554 0.679 0.846 0.778 0.778 0.778 
0.317 0.840 1.535 0.679 0.846 0.778 0.778 0.778 
0.349 0.840 1.545 0.679 0.846 0.778 0.778 0.778 
0.340 0.868 1.559 0.679 0.846 0.778 0.778 0.778 
0.325 0.830 1.433 0.679 0.846 0.778 0.778 0.778 
0.334 0.868 1.360 0.679 0.846 0.778 0.778 0.778 
0.280 0.892 1.341 0.698 0.846 0.778 0.778 0.778 
0.320 0.849 1.294 0.679 0.846 0.778 0.778 0.778 
0.292 0.882 1.294 0.679 0.846 0.722 0.778 0.722 
0.356 0.844 1.325 0.679 0.846 0.778 0.778 0.778 
0.327 0.863 1.367 0.679 0.846 0.778 0.778 0.778 
