5.642 0.321 1.890 0.585 0.846 0.833 0.833 0.833 
1.057 0.759 2.919 0.623 1.000 1.000 1.000 1.000 
1.470 0.774 2.983 0.623 1.000 1.000 1.000 1.000 
1.218 0.774 2.004 0.623 1.000 1.000 1.000 1.000 
0.773 0.774 0.845 0.623 1.000 1.000 1.000 1.000 
0.837 0.660 0.632 0.642 0.692 0.778 0.778 0.778 
0.779 0.481 0.961 0.623 1.000 1.000 1.000 1.000 
0.532 0.788 1.293 0.623 1.000 1.000 1.000 1.000 
0.633 0.774 1.529 0.623 1.000 1.000 1.000 1.000 
0.661 0.778 1.522 0.623 1.000 1.000 1.000 1.000 
0.669 0.788 1.361 0.623 1.000 1.000 1.000 1.000 
0.576 0.783 1.080 0.642 1.000 1.000 1.000 1.000 
0.505 0.769 0.847 0.698 1.000 0.889 0.889 0.889 
0.480 0.802 0.747 0.679 1.000 0.944 0.889 0.889 
0.504 0.755 0.792 0.642 1.000 1.000 1.000 1.000 
0.453 0.778 0.856 0.623 1.000 1.000 1.000 1.000 
0.472 0.792 0.907 0.623 1.000 1.000 1.000 1.000 
0.478 0.783 0.877 0.623 1.000 1.000 1.000 1.000 
0.482 0.774 0.821 0.642 1.000 1.000 1.000 1.000 
0.506 0.792 0.808 0.642 1.000 1.000 1.000 1.000 
0.467 0.778 0.817 0.623 1.000 1.000 1.000 1.000 
0.501 0.792 0.856 0.623 1.000 1.000 1.000 1.000 
0.484 0.797 0.855 0.623 1.000 1.000 1.000 1.000 
0.451 0.788 0.828 0.642 1.000 1.000 1.000 1.000 
0.472 0.788 0.819 0.642 1.000 1.000 1.000 1.000 
0.476 0.778 0.815 0.642 1.000 1.000 1.000 1.000 
0.488 0.769 0.833 0.642 1.000 1.000 1.000 1.000 
0.437 0.788 0.822 0.642 1.000 1.000 1.000 1.000 
0.477 0.783 0.836 0.623 1.000 1.000 1.000 1.000 
0.468 0.792 0.830 0.623 1.000 1.000 1.000 1.000 
0.447 0.802 0.814 0.642 1.000 1.000 0.944 0.944 
0.445 0.783 0.842 0.642 1.000 1.000 1.000 1.000 
0.437 0.778 0.881 0.623 1.000 1.000 1.000 1.000 
0.448 0.788 0.888 0.623 1.000 1.000 1.000 1.000 
0.431 0.783 0.842 0.642 1.000 1.000 1.000 1.000 
0.457 0.802 0.825 0.642 1.000 1.000 1.000 1.000 
0.450 0.821 0.822 0.642 1.000 1.000 1.000 1.000 
0.431 0.802 0.880 0.623 1.000 1.000 1.000 1.000 
0.488 0.792 0.932 0.623 1.000 1.000 1.000 1.000 
0.452 0.792 0.867 0.623 1.000 1.000 1.000 1.000 
0.471 0.792 0.829 0.642 1.000 1.000 1.000 1.000 
0.458 0.778 0.810 0.642 1.000 1.000 1.000 1.000 
0.449 0.802 0.846 0.642 1.000 1.000 1.000 1.000 
0.435 0.802 0.843 0.642 1.000 1.000 1.000 1.000 
0.419 0.802 0.834 0.642 1.000 1.000 1.000 1.000 
0.450 0.788 0.859 0.642 1.000 1.000 1.000 1.000 
5.642 0.321 1.889 0.585 0.846 0.833 0.833 0.833 
1.057 0.759 2.920 0.623 1.000 1.000 1.000 1.000 
1.469 0.774 2.982 0.623 1.000 1.000 1.000 1.000 
1.218 0.774 2.003 0.623 1.000 1.000 1.000 1.000 
0.773 0.774 0.844 0.623 1.000 1.000 1.000 1.000 
0.837 0.660 0.632 0.642 0.692 0.778 0.778 0.778 
0.778 0.481 0.961 0.623 1.000 1.000 1.000 1.000 
0.532 0.788 1.292 0.623 1.000 1.000 1.000 1.000 
0.632 0.774 1.527 0.623 1.000 1.000 1.000 1.000 
0.658 0.778 1.517 0.623 1.000 1.000 1.000 1.000 
0.667 0.783 1.352 0.623 1.000 1.000 1.000 1.000 
0.571 0.792 1.069 0.642 1.000 1.000 1.000 1.000 
0.498 0.769 0.836 0.698 1.000 0.889 0.889 0.889 
0.479 0.797 0.756 0.679 1.000 0.889 0.944 0.889 
0.505 0.755 0.805 0.642 1.000 1.000 1.000 1.000 
0.447 0.783 0.863 0.623 1.000 1.000 1.000 1.000 
0.471 0.788 0.903 0.623 1.000 1.000 1.000 1.000 
0.478 0.783 0.867 0.642 1.000 1.000 1.000 1.000 
0.481 0.764 0.811 0.642 1.000 1.000 1.000 1.000 
0.503 0.792 0.803 0.642 1.000 1.000 1.000 1.000 
0.463 0.788 0.813 0.623 1.000 1.000 1.000 1.000 
0.496 0.792 0.848 0.623 1.000 1.000 1.000 1.000 
0.479 0.797 0.841 0.623 1.000 1.000 1.000 1.000 
0.450 0.797 0.812 0.642 1.000 1.000 1.000 1.000 
0.469 0.783 0.810 0.642 1.000 1.000 1.000 1.000 
0.477 0.783 0.828 0.642 1.000 1.000 1.000 1.000 
0.485 0.774 0.855 0.623 1.000 1.000 1.000 1.000 
0.431 0.783 0.834 0.623 1.000 1.000 1.000 1.000 
0.475 0.788 0.837 0.623 1.000 1.000 1.000 1.000 
0.468 0.792 0.832 0.623 1.000 1.000 1.000 1.000 
0.447 0.788 0.822 0.642 1.000 1.000 1.000 1.000 
0.441 0.788 0.849 0.642 1.000 1.000 1.000 1.000 
0.435 0.778 0.875 0.623 1.000 1.000 1.000 1.000 
0.449 0.778 0.872 0.623 1.000 1.000 1.000 1.000 
0.432 0.788 0.832 0.642 1.000 1.000 1.000 1.000 
0.458 0.807 0.832 0.642 1.000 1.000 1.000 1.000 
0.448 0.825 0.832 0.642 1.000 1.000 1.000 1.000 
0.428 0.807 0.880 0.623 1.000 1.000 1.000 1.000 
0.486 0.788 0.921 0.623 1.000 1.000 1.000 1.000 
0.451 0.788 0.859 0.623 1.000 1.000 1.000 1.000 
0.472 0.792 0.832 0.642 1.000 1.000 1.000 1.000 
0.456 0.783 0.817 0.642 1.000 1.000 1.000 1.000 
0.448 0.816 0.848 0.642 1.000 1.000 1.000 1.000 
0.435 0.811 0.840 0.642 1.000 1.000 1.000 1.000 
0.419 0.797 0.834 0.642 1.000 1.000 1.000 1.000 
0.451 0.783 0.865 0.642 1.000 1.000 1.000 1.000 
0.474 0.792 0.848 0.642 1.000 1.000 1.000 1.000 
0.461 0.788 0.842 0.642 1.000 1.000 1.000 1.000 
0.437 0.792 0.835 0.642 1.000 1.000 1.000 1.000 
0.463 0.783 0.840 0.642 1.000 1.000 1.000 1.000 
0.437 0.783 0.832 0.642 1.000 0.944 1.000 0.944 
0.446 0.783 0.835 0.660 1.000 0.944 0.944 0.944 
0.441 0.792 0.820 0.660 1.000 0.944 0.944 0.944 
0.450 0.807 0.820 0.660 1.000 0.944 0.944 0.944 
0.434 0.788 0.828 0.642 1.000 0.944 1.000 0.944 
0.463 0.783 0.854 0.642 1.000 1.000 1.000 1.000 
0.449 0.807 0.852 0.642 1.000 1.000 1.000 1.000 
0.430 0.802 0.848 0.642 1.000 1.000 1.000 1.000 
0.463 0.802 0.851 0.642 1.000 1.000 1.000 1.000 
0.461 0.797 0.823 0.679 1.000 0.889 0.889 0.889 
0.427 0.807 0.827 0.660 1.000 0.944 0.944 0.944 
0.431 0.807 0.865 0.642 1.000 1.000 1.000 1.000 
0.465 0.778 0.850 0.642 1.000 1.000 1.000 1.000 
0.451 0.802 0.826 0.698 1.000 0.889 0.889 0.889 
0.435 0.802 0.864 0.642 1.000 0.944 1.000 0.944 
0.449 0.797 0.878 0.642 1.000 1.000 1.000 1.000 
0.481 0.788 0.858 0.679 1.000 0.944 0.944 0.944 
0.431 0.807 0.812 0.698 1.000 0.889 0.889 0.889 
0.424 0.774 0.836 0.679 1.000 0.889 0.944 0.889 
0.443 0.778 0.867 0.679 1.000 0.944 0.944 0.944 
0.426 0.788 0.856 0.679 1.000 0.889 0.944 0.944 
0.452 0.792 0.842 0.698 1.000 0.889 0.889 0.889 
0.443 0.816 0.817 0.698 1.000 0.889 0.889 0.889 
0.427 0.778 0.826 0.698 1.000 0.889 0.889 0.889 
0.430 0.788 0.847 0.698 1.000 0.889 0.889 0.889 
0.425 0.792 0.885 0.698 1.000 0.889 0.889 0.889 
0.459 0.792 0.884 0.698 1.000 0.889 0.889 0.889 
0.433 0.792 0.824 0.698 1.000 0.889 0.889 0.889 
0.439 0.778 0.808 0.698 1.000 0.889 0.889 0.889 
0.456 0.774 0.838 0.698 1.000 0.889 0.889 0.889 
0.424 0.802 0.816 0.698 1.000 0.889 0.889 0.889 
0.444 0.792 0.821 0.698 1.000 0.889 0.889 0.889 
0.455 0.788 0.811 0.698 1.000 0.889 0.889 0.889 
0.438 0.778 0.801 0.698 1.000 0.889 0.889 0.889 
0.437 0.792 0.823 0.698 1.000 0.889 0.889 0.889 
0.446 0.778 0.816 0.698 1.000 0.889 0.889 0.889 
0.444 0.797 0.789 0.698 1.000 0.889 0.889 0.889 
0.427 0.783 0.772 0.698 1.000 0.889 0.889 0.889 
0.433 0.783 0.834 0.698 1.000 0.889 0.889 0.889 
0.440 0.802 0.831 0.698 1.000 0.889 0.889 0.889 
0.427 0.792 0.789 0.698 1.000 0.889 0.889 0.889 
0.444 0.797 0.799 0.698 1.000 0.889 0.889 0.889 
0.469 0.778 0.859 0.698 1.000 0.889 0.889 0.889 
0.424 0.797 0.821 0.698 1.000 0.889 0.889 0.889 
0.443 0.802 0.780 0.698 1.000 0.889 0.889 0.889 
0.430 0.783 0.801 0.698 1.000 0.889 0.889 0.889 
0.432 0.792 0.875 0.698 1.000 0.889 0.889 0.889 
0.450 0.811 0.865 0.698 1.000 0.889 0.889 0.889 
0.408 0.797 0.815 0.698 1.000 0.889 0.889 0.889 
0.443 0.802 0.816 0.698 1.000 0.889 0.889 0.889 
0.431 0.797 0.847 0.698 1.000 0.889 0.889 0.889 
0.394 0.811 0.850 0.698 1.000 0.889 0.889 0.889 
0.411 0.816 0.843 0.698 1.000 0.889 0.889 0.889 
0.439 0.792 0.835 0.698 1.000 0.889 0.889 0.889 
0.443 0.816 0.904 0.698 1.000 0.889 0.889 0.889 
0.457 0.797 0.893 0.698 1.000 0.889 0.889 0.889 
0.413 0.797 0.818 0.698 1.000 0.889 0.889 0.889 
0.449 0.783 0.815 0.698 1.000 0.889 0.889 0.889 
0.441 0.807 0.823 0.698 1.000 0.889 0.889 0.889 
0.427 0.802 0.826 0.698 1.000 0.889 0.889 0.889 
0.432 0.797 0.826 0.698 1.000 0.889 0.889 0.889 
0.417 0.783 0.839 0.698 1.000 0.889 0.889 0.889 
0.432 0.811 0.849 0.698 1.000 0.889 0.889 0.889 
0.437 0.816 0.848 0.698 1.000 0.889 0.889 0.889 
0.450 0.797 0.802 0.698 1.000 0.889 0.889 0.889 
0.440 0.792 0.803 0.698 1.000 0.889 0.889 0.889 
0.427 0.816 0.848 0.698 1.000 0.889 0.889 0.889 
0.406 0.802 0.842 0.698 1.000 0.889 0.889 0.889 
0.414 0.816 0.828 0.698 1.000 0.889 0.889 0.889 
0.445 0.807 0.864 0.698 1.000 0.889 0.889 0.889 
0.418 0.802 0.845 0.698 1.000 0.889 0.889 0.889 
0.462 0.792 0.842 0.698 1.000 0.889 0.889 0.889 
0.446 0.807 0.787 0.698 1.000 0.889 0.889 0.889 
0.415 0.807 0.783 0.698 1.000 0.889 0.889 0.889 
0.430 0.811 0.857 0.698 1.000 0.889 0.889 0.889 
0.468 0.811 0.860 0.698 1.000 0.889 0.889 0.889 
0.434 0.807 0.799 0.698 1.000 0.889 0.889 0.889 
0.406 0.811 0.797 0.698 1.000 0.889 0.889 0.889 
0.419 0.797 0.852 0.698 1.000 0.889 0.889 0.889 
0.460 0.797 0.866 0.698 1.000 0.889 0.889 0.889 
0.452 0.792 0.808 0.698 1.000 0.889 0.889 0.889 
0.414 0.802 0.770 0.698 1.000 0.889 0.889 0.889 
0.407 0.807 0.782 0.698 1.000 0.889 0.889 0.889 
0.424 0.811 0.826 0.698 1.000 0.889 0.889 0.889 
0.425 0.807 0.834 0.698 1.000 0.889 0.889 0.889 
0.426 0.802 0.827 0.698 1.000 0.889 0.889 0.889 
0.431 0.778 0.820 0.698 1.000 0.889 0.889 0.889 
0.400 0.797 0.794 0.698 1.000 0.889 0.889 0.889 
0.434 0.792 0.862 0.698 1.000 0.889 0.889 0.889 
0.431 0.788 0.840 0.698 1.000 0.889 0.889 0.889 
0.417 0.807 0.790 0.698 1.000 0.889 0.889 0.889 
0.440 0.792 0.776 0.698 1.000 0.889 0.889 0.889 
0.424 0.802 0.782 0.698 1.000 0.889 0.889 0.889 
0.416 0.797 0.792 0.698 1.000 0.889 0.889 0.889 
0.399 0.811 0.805 0.698 1.000 0.889 0.889 0.889 
0.426 0.783 0.824 0.698 1.000 0.889 0.889 0.889 
0.435 0.792 0.814 0.698 1.000 0.889 0.889 0.889 
0.413 0.811 0.814 0.698 1.000 0.889 0.889 0.889 
0.422 0.811 0.858 0.698 1.000 0.889 0.889 0.889 
0.390 0.807 0.837 0.698 1.000 0.889 0.889 0.889 
0.419 0.792 0.824 0.698 1.000 0.889 0.889 0.889 
0.413 0.821 0.801 0.698 1.000 0.889 0.889 0.889 
0.418 0.802 0.824 0.698 1.000 0.889 0.889 0.889 
0.418 0.807 0.816 0.698 1.000 0.889 0.889 0.889 
0.408 0.802 0.785 0.698 1.000 0.889 0.889 0.889 
0.429 0.792 0.809 0.698 1.000 0.889 0.889 0.889 
0.417 0.802 0.805 0.698 1.000 0.889 0.889 0.889 
0.408 0.802 0.783 0.698 1.000 0.889 0.889 0.889 
0.402 0.788 0.837 0.698 1.000 0.889 0.889 0.889 
0.430 0.807 0.882 0.698 1.000 0.889 0.889 0.889 
0.406 0.807 0.784 0.698 1.000 0.889 0.889 0.889 
0.440 0.797 0.830 0.698 1.000 0.889 0.889 0.889 
0.432 0.797 0.845 0.698 1.000 0.889 0.889 0.889 
0.397 0.802 0.797 0.698 1.000 0.889 0.889 0.889 
0.432 0.811 0.791 0.698 1.000 0.889 0.889 0.889 
0.438 0.797 0.808 0.698 1.000 0.889 0.889 0.889 
0.415 0.802 0.854 0.698 1.000 0.889 0.889 0.889 
0.404 0.816 0.835 0.698 1.000 0.889 0.889 0.889 
0.388 0.816 0.799 0.698 1.000 0.889 0.889 0.889 
0.408 0.802 0.833 0.698 1.000 0.889 0.889 0.889 
0.423 0.807 0.860 0.698 1.000 0.889 0.889 0.889 
0.397 0.797 0.843 0.698 1.000 0.889 0.889 0.889 
0.406 0.783 0.864 0.698 1.000 0.889 0.889 0.889 
0.450 0.788 0.851 0.698 1.000 0.889 0.889 0.889 
0.406 0.802 0.782 0.698 1.000 0.889 0.889 0.889 
0.424 0.797 0.796 0.698 1.000 0.889 0.889 0.889 
0.426 0.797 0.820 0.698 1.000 0.889 0.889 0.889 
0.420 0.811 0.810 0.698 1.000 0.889 0.889 0.889 
0.409 0.821 0.811 0.698 1.000 0.889 0.889 0.889 
0.412 0.788 0.816 0.698 1.000 0.889 0.889 0.889 
0.430 0.811 0.846 0.698 1.000 0.889 0.889 0.889 
0.403 0.811 0.820 0.698 1.000 0.889 0.889 0.889 
0.390 0.816 0.821 0.698 1.000 0.889 0.889 0.889 
0.403 0.811 0.855 0.698 1.000 0.889 0.889 0.889 
0.447 0.774 0.881 0.698 1.000 0.889 0.889 0.889 
0.415 0.802 0.823 0.698 1.000 0.889 0.889 0.889 
0.427 0.811 0.802 0.698 1.000 0.889 0.889 0.889 
0.403 0.821 0.791 0.698 1.000 0.889 0.889 0.889 
0.437 0.802 0.879 0.698 1.000 0.889 0.889 0.889 
0.414 0.802 0.825 0.698 1.000 0.889 0.889 0.889 
0.397 0.816 0.783 0.698 1.000 0.889 0.889 0.889 
0.429 0.807 0.842 0.698 1.000 0.889 0.889 0.889 
0.413 0.802 0.855 0.698 1.000 0.889 0.889 0.889 
0.427 0.821 0.814 0.698 1.000 0.889 0.889 0.889 
0.399 0.788 0.802 0.698 1.000 0.889 0.889 0.889 
0.404 0.802 0.894 0.698 1.000 0.889 0.889 0.889 
0.395 0.792 0.905 0.698 1.000 0.889 0.889 0.889 
0.408 0.802 0.823 0.698 1.000 0.889 0.889 0.889 
0.419 0.807 0.807 0.698 1.000 0.889 0.889 0.889 
0.413 0.797 0.854 0.698 1.000 0.889 0.889 0.889 
0.457 0.797 0.849 0.698 1.000 0.889 0.889 0.889 
0.410 0.788 0.732 0.679 1.000 0.889 0.889 0.889 
0.406 0.797 0.814 0.698 1.000 0.889 0.889 0.889 
0.411 0.807 0.904 0.698 1.000 0.889 0.889 0.889 
0.426 0.797 0.850 0.698 1.000 0.889 0.889 0.889 
0.394 0.807 0.787 0.698 1.000 0.889 0.889 0.889 
0.415 0.788 0.849 0.698 1.000 0.889 0.889 0.889 
0.409 0.811 0.833 0.698 1.000 0.889 0.889 0.889 
0.395 0.811 0.793 0.698 1.000 0.889 0.889 0.889 
0.434 0.802 0.810 0.698 1.000 0.889 0.889 0.889 
0.394 0.788 0.809 0.698 1.000 0.889 0.889 0.889 
0.413 0.802 0.840 0.698 1.000 0.889 0.889 0.889 
0.400 0.821 0.803 0.698 1.000 0.889 0.889 0.889 
0.430 0.797 0.813 0.698 1.000 0.889 0.889 0.889 
0.422 0.807 0.834 0.698 1.000 0.889 0.889 0.889 
0.394 0.802 0.821 0.698 1.000 0.889 0.889 0.889 
0.423 0.811 0.812 0.698 1.000 0.889 0.889 0.889 
0.397 0.797 0.810 0.698 1.000 0.889 0.889 0.889 
0.425 0.797 0.887 0.698 1.000 0.889 0.889 0.889 
0.414 0.802 0.822 0.698 1.000 0.889 0.889 0.889 
0.426 0.816 0.807 0.698 1.000 0.889 0.889 0.889 
0.390 0.807 0.829 0.698 1.000 0.889 0.889 0.889 
0.432 0.792 0.871 0.698 1.000 0.889 0.889 0.889 
0.399 0.788 0.834 0.698 1.000 0.889 0.889 0.889 
0.402 0.807 0.789 0.698 1.000 0.889 0.889 0.889 
0.401 0.811 0.809 0.698 1.000 0.889 0.889 0.889 
0.403 0.807 0.884 0.698 1.000 0.889 0.889 0.889 
0.393 0.807 0.872 0.698 1.000 0.889 0.889 0.889 
0.408 0.816 0.832 0.698 1.000 0.889 0.889 0.889 
0.429 0.788 0.822 0.698 1.000 0.889 0.889 0.889 
0.423 0.797 0.794 0.698 1.000 0.889 0.889 0.889 
0.398 0.807 0.760 0.698 1.000 0.889 0.889 0.889 
0.388 0.825 0.793 0.698 1.000 0.889 0.889 0.889 
0.395 0.816 0.842 0.698 1.000 0.889 0.889 0.889 
0.384 0.811 0.835 0.698 1.000 0.889 0.889 0.889 
0.408 0.792 0.833 0.698 1.000 0.889 0.889 0.889 
0.430 0.811 0.837 0.698 1.000 0.889 0.889 0.889 
0.388 0.807 0.808 0.698 1.000 0.889 0.889 0.889 
0.405 0.792 0.827 0.698 1.000 0.889 0.889 0.889 
0.388 0.797 0.837 0.698 1.000 0.889 0.889 0.889 
0.419 0.816 0.807 0.698 1.000 0.889 0.889 0.889 
0.390 0.811 0.797 0.698 1.000 0.889 0.889 0.889 
0.395 0.807 0.842 0.698 1.000 0.889 0.889 0.889 
0.428 0.792 0.831 0.698 1.000 0.889 0.889 0.889 
0.411 0.816 0.762 0.698 1.000 0.889 0.889 0.889 
0.395 0.807 0.794 0.698 1.000 0.889 0.889 0.889 
0.393 0.807 0.836 0.698 1.000 0.889 0.889 0.889 
0.389 0.811 0.808 0.698 1.000 0.889 0.889 0.889 
0.388 0.807 0.829 0.698 1.000 0.889 0.889 0.889 
0.430 0.797 0.866 0.698 1.000 0.889 0.889 0.889 
0.398 0.802 0.793 0.698 1.000 0.889 0.889 0.889 
0.384 0.802 0.802 0.698 1.000 0.889 0.889 0.889 
0.411 0.797 0.847 0.698 1.000 0.889 0.889 0.889 
0.390 0.816 0.833 0.698 1.000 0.889 0.889 0.889 
0.410 0.811 0.852 0.698 1.000 0.889 0.889 0.889 
0.411 0.807 0.836 0.698 1.000 0.889 0.889 0.889 
0.386 0.816 0.796 0.698 1.000 0.889 0.889 0.889 
0.376 0.825 0.829 0.698 1.000 0.889 0.889 0.889 
0.469 0.788 0.873 0.698 1.000 0.889 0.889 0.889 
0.385 0.825 0.780 0.698 1.000 0.889 0.889 0.889 
0.398 0.821 0.827 0.698 1.000 0.889 0.889 0.889 
0.398 0.821 0.820 0.698 1.000 0.889 0.889 0.889 
0.393 0.802 0.830 0.698 1.000 0.889 0.889 0.889 
0.400 0.821 0.810 0.679 1.000 0.889 0.889 0.889 
0.397 0.821 0.854 0.698 1.000 0.889 0.889 0.889 
0.382 0.816 0.881 0.698 1.000 0.889 0.889 0.889 
0.384 0.825 0.855 0.698 1.000 0.889 0.889 0.889 
0.388 0.802 0.849 0.698 1.000 0.889 0.889 0.889 
0.387 0.811 0.852 0.698 1.000 0.889 0.889 0.889 
0.410 0.802 0.844 0.698 1.000 0.889 0.889 0.889 
0.380 0.811 0.824 0.698 1.000 0.889 0.889 0.889 
0.415 0.802 0.824 0.698 1.000 0.889 0.889 0.889 
0.394 0.807 0.796 0.698 1.000 0.889 0.889 0.889 
0.410 0.802 0.818 0.698 1.000 0.889 0.889 0.889 
0.407 0.807 0.781 0.698 1.000 0.889 0.889 0.889 
0.404 0.816 0.784 0.698 1.000 0.889 0.889 0.889 
0.389 0.811 0.825 0.698 1.000 0.889 0.889 0.889 
0.391 0.797 0.832 0.698 1.000 0.889 0.889 0.889 
0.390 0.816 0.787 0.698 1.000 0.889 0.889 0.889 
0.388 0.797 0.827 0.698 1.000 0.889 0.889 0.889 
0.419 0.816 0.874 0.698 1.000 0.889 0.889 0.889 
0.377 0.816 0.806 0.698 1.000 0.889 0.889 0.889 
0.412 0.811 0.812 0.698 1.000 0.889 0.889 0.889 
0.387 0.830 0.805 0.698 1.000 0.889 0.889 0.889 
0.398 0.821 0.814 0.698 1.000 0.889 0.889 0.889 
0.386 0.825 0.766 0.698 1.000 0.889 0.889 0.889 
0.391 0.816 0.860 0.698 1.000 0.889 0.889 0.889 
0.379 0.835 0.887 0.698 1.000 0.889 0.889 0.889 
0.388 0.816 0.861 0.698 1.000 0.889 0.889 0.889 
0.461 0.788 0.916 0.698 1.000 0.889 0.889 0.889 
0.368 0.825 0.826 0.698 1.000 0.889 0.889 0.889 
0.426 0.821 0.836 0.698 1.000 0.889 0.889 0.889 
0.387 0.811 0.785 0.698 1.000 0.889 0.889 0.889 
0.416 0.788 0.902 0.698 1.000 0.889 0.889 0.889 
0.432 0.802 0.827 0.698 1.000 0.889 0.889 0.889 
0.410 0.816 0.751 0.679 1.000 0.889 0.889 0.889 
0.391 0.811 0.803 0.679 1.000 0.889 0.889 0.889 
0.369 0.821 0.869 0.698 1.000 0.889 0.889 0.889 
0.384 0.816 0.847 0.698 1.000 0.889 0.889 0.889 
0.371 0.816 0.821 0.698 1.000 0.889 0.889 0.889 
0.385 0.807 0.884 0.698 1.000 0.889 0.889 0.889 
0.390 0.816 0.874 0.698 1.000 0.889 0.889 0.889 
0.389 0.821 0.835 0.698 1.000 0.889 0.889 0.889 
0.411 0.807 0.879 0.698 1.000 0.889 0.889 0.889 
0.384 0.802 0.868 0.698 1.000 0.889 0.889 0.889 
0.379 0.811 0.839 0.698 1.000 0.889 0.889 0.889 
0.370 0.830 0.821 0.698 1.000 0.889 0.889 0.889 
0.428 0.811 0.903 0.698 1.000 0.889 0.889 0.889 
0.390 0.825 0.762 0.698 1.000 0.889 0.889 0.889 
0.387 0.830 0.750 0.679 1.000 0.889 0.889 0.889 
0.362 0.825 0.829 0.698 1.000 0.889 0.889 0.889 
0.419 0.802 0.847 0.698 1.000 0.889 0.889 0.889 
0.379 0.830 0.746 0.717 0.923 0.778 0.833 0.833 
0.398 0.830 0.835 0.698 1.000 0.889 0.889 0.889 
0.415 0.797 0.918 0.698 1.000 0.889 0.889 0.889 
0.383 0.816 0.857 0.698 1.000 0.889 0.889 0.889 
0.390 0.816 0.813 0.698 1.000 0.889 0.889 0.889 
0.399 0.816 0.817 0.698 1.000 0.889 0.889 0.889 
0.383 0.825 0.849 0.698 1.000 0.889 0.889 0.889 
0.387 0.821 0.869 0.698 1.000 0.889 0.889 0.889 
0.370 0.821 0.884 0.698 1.000 0.889 0.889 0.889 
0.392 0.825 0.873 0.698 1.000 0.889 0.889 0.889 
0.373 0.825 0.839 0.698 1.000 0.889 0.889 0.889 
0.356 0.825 0.858 0.698 1.000 0.889 0.889 0.889 
0.368 0.825 0.885 0.698 1.000 0.889 0.889 0.889 
0.389 0.825 0.950 0.679 1.000 0.889 0.944 0.889 
0.390 0.821 0.886 0.698 1.000 0.889 0.889 0.889 
0.382 0.825 0.857 0.698 1.000 0.889 0.889 0.889 
0.395 0.830 0.820 0.698 1.000 0.889 0.889 0.889 
0.403 0.811 0.847 0.698 1.000 0.889 0.889 0.889 
0.371 0.821 0.856 0.698 1.000 0.889 0.889 0.889 
0.410 0.821 0.834 0.698 0.923 0.889 0.889 0.889 
0.386 0.835 0.770 0.755 0.846 0.722 0.778 0.667 
0.396 0.830 0.832 0.679 1.000 0.889 0.889 0.889 
0.383 0.825 0.797 0.698 1.000 0.889 0.889 0.889 
0.377 0.844 0.767 0.698 1.000 0.889 0.889 0.889 
0.395 0.816 0.809 0.698 1.000 0.889 0.889 0.889 
0.396 0.807 0.856 0.698 1.000 0.889 0.889 0.889 
0.387 0.797 0.780 0.698 1.000 0.889 0.889 0.889 
0.378 0.835 0.857 0.698 1.000 0.889 0.889 0.889 
0.408 0.844 0.900 0.679 1.000 0.944 0.944 0.944 
0.418 0.830 0.814 0.698 1.000 0.889 0.889 0.889 
0.423 0.811 0.725 0.698 1.000 0.889 0.889 0.889 
0.390 0.835 0.708 0.698 1.000 0.889 0.889 0.889 
0.381 0.840 0.770 0.698 1.000 0.889 0.889 0.889 
0.382 0.825 0.777 0.698 1.000 0.889 0.889 0.889 
0.402 0.825 0.781 0.717 0.923 0.889 0.889 0.889 
0.386 0.840 0.838 0.717 0.923 0.889 0.889 0.889 
0.404 0.825 0.866 0.698 1.000 0.889 0.889 0.889 
0.399 0.840 0.763 0.717 0.923 0.889 0.889 0.889 
0.382 0.835 0.810 0.698 1.000 0.889 0.889 0.889 
0.383 0.816 0.911 0.698 1.000 0.889 0.889 0.889 
0.368 0.825 0.866 0.698 1.000 0.889 0.889 0.889 
0.368 0.849 0.789 0.698 1.000 0.889 0.889 0.889 
0.360 0.821 0.838 0.698 1.000 0.889 0.889 0.889 
0.380 0.821 0.822 0.698 1.000 0.889 0.889 0.889 
0.372 0.811 0.760 0.698 0.923 0.833 0.889 0.833 
0.406 0.825 0.798 0.717 0.923 0.889 0.889 0.889 
0.369 0.835 0.786 0.717 0.923 0.889 0.889 0.889 
0.382 0.825 0.842 0.679 1.000 0.889 0.889 0.889 
0.378 0.821 0.880 0.698 1.000 0.889 0.889 0.889 
0.371 0.840 0.826 0.698 0.923 0.889 0.889 0.833 
0.393 0.835 0.839 0.679 1.000 0.889 0.889 0.889 
0.374 0.844 0.853 0.698 1.000 0.889 0.889 0.889 
0.383 0.825 0.901 0.698 1.000 0.889 0.889 0.889 
0.385 0.821 0.800 0.698 1.000 0.889 0.889 0.889 
0.371 0.840 0.728 0.679 1.000 0.889 0.889 0.889 
0.359 0.844 0.854 0.698 1.000 0.889 0.889 0.889 
0.407 0.821 0.912 0.698 1.000 0.889 0.889 0.889 
0.374 0.821 0.782 0.698 0.923 0.833 0.833 0.833 
0.371 0.844 0.776 0.698 0.923 0.889 0.889 0.889 
0.368 0.844 0.823 0.698 1.000 0.889 0.889 0.889 
0.413 0.821 0.833 0.698 1.000 0.889 0.889 0.889 
0.383 0.821 0.722 0.679 1.000 0.889 0.889 0.889 
0.379 0.854 0.782 0.698 1.000 0.889 0.889 0.889 
0.407 0.821 0.865 0.698 1.000 0.889 0.889 0.889 
0.398 0.797 0.757 0.698 0.923 0.889 0.889 0.889 
0.391 0.825 0.721 0.736 0.846 0.778 0.833 0.778 
0.386 0.830 0.798 0.698 0.923 0.833 0.833 0.833 
0.376 0.835 0.860 0.698 1.000 0.889 0.889 0.889 
0.378 0.840 0.795 0.698 1.000 0.889 0.889 0.889 
0.385 0.835 0.835 0.698 1.000 0.889 0.889 0.889 
0.367 0.835 0.834 0.679 1.000 0.889 0.944 0.889 
0.382 0.840 0.817 0.679 1.000 0.889 0.889 0.889 
0.380 0.849 0.792 0.698 1.000 0.889 0.889 0.889 
0.407 0.797 0.871 0.679 1.000 0.889 0.944 0.889 
0.381 0.821 0.792 0.698 1.000 0.889 0.889 0.889 
0.372 0.821 0.790 0.679 1.000 0.889 0.889 0.889 
0.361 0.835 0.856 0.698 1.000 0.889 0.889 0.889 
0.393 0.830 0.865 0.698 1.000 0.889 0.889 0.889 
0.354 0.849 0.762 0.679 1.000 0.889 0.889 0.889 
0.380 0.821 0.757 0.679 1.000 0.889 0.889 0.889 
0.365 0.844 0.759 0.698 1.000 0.889 0.889 0.889 
0.365 0.825 0.776 0.698 1.000 0.889 0.889 0.889 
0.363 0.849 0.830 0.679 1.000 0.889 0.944 0.944 
0.342 0.840 0.872 0.679 1.000 0.944 0.944 0.944 
0.401 0.825 0.876 0.679 1.000 0.889 0.944 0.889 
0.373 0.849 0.786 0.698 1.000 0.889 0.889 0.889 
0.395 0.816 0.769 0.698 1.000 0.889 0.889 0.889 
0.383 0.844 0.706 0.698 1.000 0.889 0.889 0.889 
0.384 0.840 0.707 0.698 1.000 0.889 0.889 0.889 
0.372 0.840 0.748 0.679 1.000 0.889 0.944 0.889 
0.368 0.821 0.759 0.698 1.000 0.889 0.889 0.889 
0.359 0.840 0.789 0.698 1.000 0.889 0.889 0.889 
0.374 0.816 0.862 0.698 1.000 0.889 0.889 0.889 
0.373 0.816 0.825 0.698 1.000 0.889 0.889 0.889 
0.374 0.854 0.744 0.698 1.000 0.889 0.889 0.889 
0.424 0.830 0.786 0.698 1.000 0.889 0.889 0.889 
0.361 0.825 0.719 0.698 0.923 0.833 0.833 0.833 
0.363 0.830 0.788 0.717 0.923 0.889 0.889 0.889 
0.380 0.858 0.763 0.717 0.923 0.833 0.833 0.833 
0.396 0.825 0.780 0.717 0.923 0.889 0.889 0.889 
0.397 0.807 0.738 0.698 0.923 0.833 0.833 0.833 
0.375 0.858 0.700 0.736 0.846 0.778 0.778 0.778 
0.392 0.835 0.756 0.698 0.923 0.833 0.833 0.833 
0.382 0.816 0.762 0.698 1.000 0.889 0.889 0.889 
0.358 0.830 0.766 0.698 1.000 0.889 0.889 0.889 
0.395 0.840 0.829 0.698 1.000 0.889 0.944 0.889 
0.374 0.825 0.801 0.698 1.000 0.889 0.889 0.889 
0.386 0.830 0.854 0.698 1.000 0.889 0.889 0.889 
0.413 0.844 0.832 0.679 1.000 0.889 0.944 0.889 
0.379 0.835 0.747 0.698 0.923 0.889 0.889 0.889 
0.371 0.835 0.819 0.698 1.000 0.889 0.889 0.889 
0.368 0.821 0.814 0.698 1.000 0.889 0.889 0.889 
0.375 0.835 0.774 0.717 0.923 0.889 0.889 0.889 
0.385 0.825 0.750 0.698 0.923 0.833 0.833 0.833 
0.384 0.807 0.776 0.717 0.923 0.889 0.889 0.889 
0.416 0.807 0.785 0.698 0.923 0.833 0.833 0.833 
0.381 0.844 0.744 0.736 0.846 0.778 0.778 0.778 
0.396 0.835 0.781 0.698 0.923 0.833 0.833 0.833 
0.363 0.835 0.727 0.717 0.923 0.833 0.833 0.778 
0.377 0.811 0.787 0.717 0.923 0.833 0.889 0.833 
0.424 0.825 0.865 0.698 0.923 0.833 0.889 0.833 
0.429 0.835 0.737 0.717 0.923 0.778 0.778 0.778 
0.383 0.825 0.685 0.698 0.923 0.833 0.833 0.833 
0.397 0.854 0.829 0.679 1.000 0.944 0.944 0.944 
0.398 0.816 0.853 0.679 1.000 0.944 0.944 0.944 
0.403 0.807 0.727 0.717 0.923 0.889 0.889 0.889 
0.394 0.840 0.751 0.698 1.000 0.889 0.889 0.889 
0.415 0.830 0.804 0.698 1.000 0.889 0.889 0.889 
0.393 0.830 0.714 0.698 1.000 0.889 0.889 0.889 
0.394 0.821 0.724 0.679 1.000 0.889 0.944 0.889 
0.390 0.811 0.789 0.679 1.000 0.944 0.944 0.944 
0.362 0.816 0.798 0.698 1.000 0.889 0.889 0.889 
0.363 0.821 0.788 0.717 0.923 0.833 0.833 0.833 
0.389 0.849 0.778 0.717 0.923 0.833 0.889 0.833 
0.358 0.849 0.837 0.698 1.000 0.889 0.889 0.889 
0.379 0.840 0.842 0.698 1.000 0.889 0.889 0.889 
0.374 0.821 0.795 0.717 0.923 0.833 0.833 0.833 
0.392 0.821 0.782 0.717 0.923 0.833 0.833 0.833 
0.362 0.821 0.728 0.736 0.846 0.722 0.778 0.778 
0.396 0.835 0.778 0.717 0.923 0.889 0.889 0.889 
0.393 0.821 0.730 0.717 0.923 0.889 0.889 0.889 
0.354 0.825 0.687 0.736 0.846 0.833 0.833 0.833 
0.364 0.835 0.793 0.717 0.923 0.833 0.889 0.833 
0.363 0.854 0.805 0.717 0.923 0.833 0.889 0.833 
0.368 0.821 0.763 0.717 0.923 0.889 0.889 0.889 
0.359 0.835 0.750 0.717 0.923 0.833 0.833 0.833 
0.370 0.825 0.895 0.679 1.000 0.944 0.944 0.944 
0.360 0.821 0.814 0.698 1.000 0.889 0.889 0.889 
0.381 0.830 0.712 0.736 0.846 0.722 0.722 0.722 
0.376 0.849 0.723 0.717 0.846 0.778 0.833 0.778 
0.376 0.844 0.759 0.698 0.923 0.889 0.889 0.889 
0.354 0.835 0.760 0.698 1.000 0.889 0.889 0.889 
0.372 0.830 0.768 0.698 1.000 0.889 0.889 0.889 
0.377 0.825 0.764 0.698 1.000 0.889 0.889 0.889 
0.381 0.830 0.764 0.698 0.923 0.889 0.889 0.889 
0.391 0.840 0.714 0.698 0.923 0.833 0.833 0.833 
0.356 0.825 0.663 0.736 0.846 0.778 0.833 0.833 
0.363 0.835 0.763 0.698 0.923 0.889 0.889 0.889 
0.364 0.835 0.787 0.717 0.923 0.889 0.889 0.889 
0.421 0.821 0.721 0.717 0.923 0.833 0.833 0.833 
0.364 0.844 0.641 0.736 0.846 0.722 0.778 0.722 
0.379 0.825 0.748 0.717 0.923 0.833 0.833 0.833 
0.389 0.830 0.757 0.717 0.923 0.833 0.833 0.833 
0.359 0.854 0.703 0.736 0.923 0.833 0.833 0.833 
0.372 0.835 0.741 0.717 0.923 0.833 0.833 0.833 
0.385 0.830 0.760 0.736 0.923 0.833 0.833 0.833 
0.369 0.849 0.744 0.717 0.923 0.833 0.889 0.833 
0.368 0.849 0.753 0.698 1.000 0.889 0.889 0.889 
0.354 0.858 0.789 0.698 1.000 0.889 0.889 0.889 
0.385 0.830 0.846 0.698 1.000 0.889 0.889 0.889 
0.378 0.816 0.760 0.736 0.923 0.833 0.833 0.833 
0.362 0.849 0.698 0.717 0.923 0.778 0.778 0.778 
0.394 0.844 0.728 0.717 0.923 0.778 0.778 0.778 
0.395 0.844 0.693 0.717 0.923 0.833 0.833 0.833 
0.358 0.830 0.663 0.717 0.923 0.833 0.833 0.833 
0.395 0.821 0.749 0.698 1.000 0.889 0.889 0.889 
0.348 0.844 0.713 0.717 0.923 0.889 0.889 0.889 
0.355 0.854 0.754 0.698 1.000 0.889 0.889 0.889 
0.375 0.844 0.743 0.698 0.923 0.889 0.889 0.889 
0.363 0.844 0.680 0.717 0.923 0.833 0.833 0.778 
0.354 0.840 0.757 0.698 1.000 0.889 0.889 0.889 
0.366 0.825 0.832 0.698 1.000 0.889 0.889 0.889 
0.354 0.854 0.752 0.679 1.000 0.889 0.889 0.889 
0.351 0.858 0.805 0.698 1.000 0.889 0.889 0.889 
0.369 0.825 0.791 0.698 1.000 0.889 0.889 0.889 
0.387 0.825 0.714 0.736 0.923 0.833 0.833 0.833 
0.357 0.854 0.655 0.717 0.923 0.778 0.778 0.778 
0.361 0.816 0.820 0.698 1.000 0.889 0.889 0.889 
0.386 0.835 0.793 0.698 1.000 0.889 0.889 0.889 
0.380 0.840 0.675 0.717 0.923 0.778 0.778 0.778 
0.365 0.830 0.721 0.717 0.923 0.778 0.778 0.778 
0.379 0.825 0.801 0.736 0.923 0.833 0.833 0.833 
0.354 0.835 0.683 0.717 0.923 0.778 0.778 0.778 
0.361 0.844 0.682 0.717 0.923 0.778 0.778 0.778 
0.360 0.830 0.712 0.736 0.923 0.778 0.778 0.778 
0.375 0.807 0.845 0.698 1.000 0.889 0.944 0.889 
0.373 0.830 0.787 0.736 0.923 0.889 0.889 0.889 
0.347 0.844 0.723 0.717 0.923 0.778 0.778 0.778 
0.349 0.854 0.835 0.717 1.000 0.889 0.889 0.889 
0.389 0.840 0.794 0.736 0.923 0.778 0.833 0.778 
0.348 0.844 0.682 0.717 0.923 0.778 0.778 0.778 
0.347 0.830 0.749 0.717 1.000 0.889 0.889 0.889 
0.395 0.835 0.830 0.698 1.000 0.889 0.944 0.889 
0.398 0.816 0.726 0.717 0.923 0.778 0.833 0.778 
0.350 0.854 0.647 0.717 0.923 0.778 0.778 0.778 
0.353 0.844 0.749 0.698 1.000 0.889 0.889 0.889 
0.388 0.816 0.841 0.698 1.000 0.889 0.889 0.889 
0.351 0.825 0.699 0.717 0.923 0.778 0.778 0.778 
0.380 0.849 0.661 0.717 0.923 0.778 0.778 0.778 
0.369 0.840 0.679 0.717 0.923 0.778 0.778 0.778 
0.351 0.835 0.722 0.736 0.923 0.889 0.889 0.889 
0.360 0.835 0.705 0.717 0.923 0.778 0.778 0.778 
0.371 0.830 0.756 0.736 0.923 0.778 0.778 0.778 
0.349 0.844 0.773 0.736 0.923 0.778 0.778 0.778 
0.347 0.849 0.778 0.736 0.923 0.889 0.889 0.833 
0.352 0.849 0.754 0.698 1.000 0.889 0.889 0.889 
0.352 0.840 0.729 0.736 0.923 0.833 0.833 0.833 
0.371 0.835 0.687 0.736 0.923 0.778 0.778 0.778 
0.344 0.854 0.687 0.717 0.923 0.778 0.778 0.778 
0.360 0.863 0.755 0.736 0.923 0.833 0.833 0.833 
0.396 0.835 0.775 0.717 1.000 0.889 0.889 0.889 
0.389 0.825 0.669 0.717 0.923 0.778 0.778 0.778 
0.393 0.816 0.696 0.717 0.923 0.778 0.778 0.778 
0.357 0.844 0.725 0.717 0.923 0.778 0.778 0.778 
0.366 0.844 0.681 0.717 0.923 0.778 0.778 0.778 
0.364 0.840 0.650 0.717 0.923 0.778 0.778 0.778 
0.375 0.835 0.730 0.736 0.923 0.778 0.778 0.778 
0.371 0.840 0.722 0.736 0.923 0.778 0.778 0.778 
0.363 0.844 0.689 0.717 0.923 0.778 0.778 0.778 
0.373 0.830 0.733 0.717 0.923 0.778 0.778 0.778 
0.355 0.849 0.770 0.717 0.923 0.778 0.778 0.778 
0.359 0.854 0.756 0.717 0.923 0.778 0.778 0.778 
0.367 0.854 0.620 0.698 0.923 0.778 0.778 0.778 
0.369 0.840 0.660 0.717 0.923 0.778 0.778 0.778 
0.386 0.830 0.712 0.736 0.923 0.778 0.778 0.778 
0.354 0.849 0.640 0.717 0.923 0.778 0.778 0.778 
0.367 0.840 0.670 0.717 0.923 0.778 0.778 0.778 
0.378 0.844 0.705 0.717 0.923 0.778 0.778 0.778 
0.350 0.849 0.701 0.717 0.923 0.778 0.778 0.778 
0.333 0.849 0.763 0.736 0.846 0.778 0.778 0.778 
0.338 0.840 0.811 0.717 0.923 0.833 0.833 0.833 
0.369 0.840 0.750 0.717 0.923 0.778 0.833 0.778 
0.356 0.844 0.721 0.717 0.923 0.778 0.778 0.778 
0.353 0.868 0.809 0.698 1.000 0.833 0.889 0.833 
0.325 0.863 0.801 0.698 0.923 0.833 0.889 0.889 
0.326 0.844 0.823 0.698 1.000 0.833 0.889 0.833 
0.371 0.840 0.753 0.717 0.923 0.778 0.778 0.778 
0.345 0.844 0.722 0.717 0.923 0.778 0.778 0.778 
0.361 0.825 0.762 0.717 0.923 0.778 0.778 0.778 
0.375 0.830 0.733 0.717 0.923 0.778 0.778 0.778 
0.355 0.844 0.716 0.717 0.923 0.778 0.778 0.778 
0.376 0.830 0.858 0.679 1.000 0.944 0.944 0.944 
0.380 0.835 0.757 0.717 0.923 0.778 0.778 0.778 
0.360 0.849 0.644 0.717 0.923 0.778 0.778 0.778 
0.373 0.825 0.743 0.717 0.923 0.833 0.889 0.833 
0.385 0.821 0.693 0.717 0.923 0.778 0.833 0.778 
0.372 0.816 0.598 0.717 0.923 0.778 0.778 0.778 
0.365 0.840 0.674 0.717 0.923 0.778 0.778 0.778 
0.404 0.807 0.810 0.717 1.000 0.889 0.889 0.889 
0.355 0.858 0.741 0.717 1.000 0.833 0.833 0.833 
0.356 0.844 0.736 0.717 1.000 0.889 0.889 0.889 
0.355 0.835 0.804 0.698 1.000 0.889 0.889 0.889 
0.347 0.844 0.830 0.698 1.000 0.889 0.889 0.889 
0.358 0.849 0.729 0.736 0.923 0.889 0.889 0.889 
0.341 0.863 0.738 0.698 1.000 0.889 0.889 0.889 
0.365 0.849 0.849 0.698 1.000 0.889 0.889 0.889 
0.349 0.858 0.824 0.698 1.000 0.889 0.944 0.889 
0.366 0.840 0.730 0.717 0.923 0.778 0.778 0.778 
0.384 0.825 0.647 0.717 0.923 0.778 0.778 0.778 
0.353 0.854 0.665 0.717 0.923 0.778 0.778 0.778 
0.381 0.840 0.771 0.698 1.000 0.833 0.833 0.833 
0.368 0.849 0.691 0.717 0.923 0.778 0.778 0.778 
0.359 0.849 0.688 0.736 0.923 0.833 0.833 0.833 
0.367 0.849 0.668 0.736 0.923 0.778 0.778 0.778 
0.340 0.858 0.692 0.736 0.923 0.778 0.778 0.778 
0.341 0.854 0.815 0.717 1.000 0.833 0.889 0.833 
0.345 0.849 0.831 0.717 1.000 0.833 0.833 0.833 
0.367 0.844 0.740 0.736 0.923 0.778 0.778 0.778 
0.349 0.835 0.697 0.717 0.923 0.778 0.778 0.778 
0.382 0.825 0.644 0.717 0.923 0.778 0.778 0.778 
0.341 0.854 0.617 0.698 0.923 0.778 0.778 0.778 
0.346 0.830 0.707 0.717 0.923 0.778 0.778 0.778 
0.351 0.840 0.724 0.717 0.923 0.778 0.778 0.778 
0.343 0.854 0.672 0.698 0.923 0.778 0.778 0.778 
0.336 0.844 0.753 0.736 0.923 0.778 0.833 0.778 
0.371 0.844 0.808 0.736 0.923 0.778 0.778 0.778 
0.334 0.858 0.640 0.717 0.846 0.778 0.778 0.778 
0.340 0.849 0.680 0.698 0.923 0.778 0.778 0.778 
0.367 0.844 0.751 0.698 0.923 0.778 0.778 0.778 
0.371 0.854 0.639 0.717 0.846 0.722 0.722 0.722 
0.367 0.840 0.651 0.698 0.923 0.778 0.778 0.778 
0.344 0.854 0.695 0.736 0.923 0.778 0.778 0.778 
0.383 0.835 0.733 0.698 0.923 0.833 0.889 0.889 
0.345 0.868 0.674 0.717 0.846 0.778 0.778 0.778 
0.364 0.840 0.817 0.717 0.923 0.833 0.889 0.833 
0.362 0.854 0.749 0.717 0.923 0.778 0.778 0.778 
0.360 0.868 0.671 0.717 0.846 0.778 0.778 0.778 
0.387 0.844 0.600 0.717 0.846 0.778 0.778 0.778 
0.364 0.854 0.557 0.717 0.846 0.667 0.722 0.722 
0.349 0.863 0.570 0.698 0.846 0.722 0.722 0.722 
0.373 0.858 0.632 0.717 0.846 0.722 0.722 0.722 
0.353 0.835 0.667 0.717 0.846 0.722 0.722 0.722 
0.340 0.854 0.766 0.717 0.846 0.778 0.778 0.778 
0.328 0.863 0.719 0.698 0.846 0.778 0.778 0.778 
0.389 0.849 0.708 0.698 0.923 0.778 0.778 0.778 
0.357 0.858 0.614 0.679 0.923 0.778 0.778 0.778 
0.375 0.825 0.682 0.717 0.923 0.778 0.778 0.778 
0.373 0.840 0.676 0.698 0.923 0.778 0.778 0.778 
0.349 0.854 0.656 0.717 0.846 0.722 0.722 0.722 
0.356 0.840 0.700 0.698 0.923 0.778 0.778 0.778 
0.351 0.844 0.715 0.736 0.923 0.778 0.778 0.778 
0.366 0.835 0.726 0.736 0.923 0.778 0.833 0.778 
0.366 0.844 0.700 0.717 0.923 0.778 0.778 0.778 
0.360 0.849 0.649 0.698 0.923 0.778 0.778 0.778 
0.344 0.863 0.625 0.679 0.923 0.778 0.778 0.778 
0.357 0.840 0.643 0.698 0.923 0.778 0.778 0.778 
0.361 0.840 0.675 0.698 0.923 0.778 0.778 0.778 
0.339 0.844 0.647 0.717 0.846 0.722 0.778 0.722 
0.355 0.854 0.684 0.698 0.923 0.778 0.778 0.778 
0.360 0.835 0.622 0.698 0.923 0.778 0.778 0.778 
0.338 0.840 0.709 0.717 0.923 0.778 0.778 0.778 
0.348 0.854 0.781 0.679 1.000 0.833 0.889 0.833 
0.349 0.854 0.721 0.736 0.846 0.778 0.778 0.778 
0.364 0.854 0.689 0.717 0.923 0.778 0.833 0.778 
0.348 0.868 0.681 0.717 0.923 0.778 0.778 0.778 
0.366 0.840 0.658 0.698 0.923 0.778 0.778 0.778 
0.349 0.858 0.654 0.698 0.923 0.778 0.778 0.778 
0.332 0.854 0.687 0.698 0.923 0.778 0.778 0.778 
0.343 0.863 0.671 0.717 0.923 0.778 0.778 0.778 
0.367 0.825 0.723 0.717 0.923 0.778 0.889 0.778 
0.336 0.854 0.677 0.698 0.846 0.778 0.778 0.778 
0.344 0.840 0.676 0.717 0.846 0.722 0.778 0.778 
0.336 0.863 0.670 0.698 0.923 0.778 0.778 0.778 
0.337 0.840 0.705 0.717 0.923 0.778 0.778 0.778 
0.347 0.844 0.751 0.698 0.923 0.778 0.833 0.778 
0.358 0.825 0.773 0.698 0.923 0.889 0.889 0.889 
0.353 0.854 0.627 0.717 0.846 0.778 0.778 0.778 
0.357 0.840 0.702 0.679 0.923 0.778 0.833 0.778 
0.339 0.863 0.684 0.679 0.923 0.778 0.833 0.778 
0.357 0.844 0.647 0.698 0.846 0.778 0.778 0.778 
0.342 0.854 0.623 0.698 0.923 0.778 0.778 0.778 
0.350 0.863 0.760 0.698 0.923 0.778 0.833 0.778 
0.356 0.849 0.725 0.717 0.923 0.778 0.778 0.778 
0.333 0.849 0.749 0.717 0.923 0.778 0.833 0.778 
0.341 0.858 0.823 0.717 0.923 0.833 0.889 0.833 
0.323 0.863 0.753 0.717 0.923 0.778 0.833 0.778 
0.343 0.849 0.812 0.679 1.000 0.833 0.889 0.833 
0.356 0.825 0.814 0.717 1.000 0.833 0.889 0.833 
0.346 0.863 0.745 0.698 1.000 0.833 0.833 0.833 
0.357 0.854 0.699 0.717 0.846 0.722 0.722 0.722 
0.337 0.858 0.698 0.717 0.846 0.722 0.722 0.722 
0.336 0.863 0.669 0.717 0.846 0.722 0.722 0.722 
0.360 0.844 0.686 0.717 0.923 0.778 0.889 0.778 
0.343 0.844 0.682 0.717 0.923 0.778 0.833 0.778 
0.331 0.854 0.687 0.717 0.923 0.778 0.833 0.778 
0.328 0.863 0.660 0.717 0.923 0.778 0.778 0.778 
0.343 0.849 0.711 0.717 0.923 0.778 0.778 0.778 
0.379 0.840 0.689 0.717 0.923 0.778 0.833 0.778 
0.343 0.858 0.655 0.698 0.923 0.778 0.778 0.778 
0.345 0.844 0.679 0.698 0.923 0.778 0.778 0.778 
0.323 0.858 0.690 0.698 0.923 0.778 0.778 0.778 
0.354 0.849 0.634 0.698 0.846 0.778 0.778 0.778 
0.378 0.844 0.663 0.698 0.923 0.778 0.778 0.778 
0.337 0.863 0.749 0.698 0.923 0.833 0.889 0.833 
0.343 0.849 0.676 0.698 0.923 0.778 0.778 0.778 
0.361 0.844 0.674 0.698 0.923 0.778 0.778 0.778 
0.338 0.863 0.617 0.679 0.923 0.778 0.778 0.778 
0.356 0.858 0.614 0.698 0.923 0.778 0.778 0.778 
0.332 0.849 0.640 0.698 0.923 0.778 0.778 0.778 
0.339 0.868 0.694 0.717 0.923 0.778 0.778 0.778 
0.355 0.863 0.714 0.698 0.923 0.778 0.778 0.778 
0.328 0.868 0.627 0.698 0.846 0.722 0.778 0.722 
0.338 0.863 0.662 0.698 0.923 0.778 0.778 0.778 
0.326 0.854 0.743 0.698 0.923 0.778 0.833 0.778 
0.364 0.835 0.699 0.698 0.923 0.778 0.778 0.778 
0.366 0.858 0.637 0.698 0.846 0.778 0.778 0.778 
0.370 0.830 0.651 0.698 0.923 0.778 0.778 0.778 
0.330 0.854 0.603 0.698 0.923 0.778 0.778 0.778 
0.358 0.858 0.651 0.698 0.923 0.778 0.778 0.778 
0.330 0.858 0.672 0.717 0.846 0.722 0.778 0.778 
0.366 0.868 0.701 0.698 0.846 0.778 0.778 0.778 
0.343 0.858 0.696 0.698 0.923 0.778 0.778 0.778 
0.337 0.863 0.715 0.698 0.923 0.778 0.778 0.778 
0.342 0.854 0.687 0.698 0.846 0.722 0.778 0.722 
0.356 0.849 0.616 0.698 0.846 0.722 0.778 0.722 
0.338 0.858 0.652 0.698 0.846 0.722 0.778 0.722 
0.330 0.863 0.665 0.717 0.846 0.722 0.778 0.722 
0.366 0.858 0.695 0.679 0.923 0.778 0.833 0.778 
0.333 0.868 0.723 0.679 0.923 0.778 0.833 0.778 
0.330 0.868 0.683 0.698 0.923 0.778 0.778 0.778 
0.333 0.868 0.783 0.698 0.923 0.778 0.833 0.778 
0.374 0.844 0.716 0.679 0.923 0.778 0.833 0.778 
0.354 0.844 0.683 0.679 0.923 0.778 0.833 0.778 
0.330 0.854 0.907 0.698 1.000 0.889 0.889 0.889 
0.383 0.835 0.742 0.717 0.923 0.778 0.889 0.778 
0.354 0.844 0.573 0.736 0.692 0.667 0.722 0.667 
0.343 0.854 0.675 0.698 0.923 0.778 0.833 0.778 
0.327 0.849 0.758 0.698 0.923 0.833 0.889 0.833 
0.396 0.816 0.716 0.679 0.923 0.778 0.833 0.778 
0.335 0.858 0.625 0.717 0.846 0.722 0.722 0.722 
0.327 0.854 0.734 0.679 0.923 0.833 0.833 0.833 
0.351 0.863 0.742 0.717 0.923 0.833 0.889 0.833 
0.335 0.849 0.663 0.698 0.923 0.889 0.889 0.889 
0.357 0.858 0.674 0.698 0.923 0.833 0.833 0.833 
0.372 0.849 0.679 0.698 0.923 0.833 0.833 0.833 
0.349 0.858 0.625 0.698 0.923 0.778 0.778 0.778 
0.344 0.863 0.556 0.698 0.923 0.778 0.778 0.778 
0.359 0.835 0.687 0.717 0.923 0.833 0.833 0.833 
0.375 0.844 0.716 0.698 0.923 0.778 0.833 0.833 
0.326 0.840 0.612 0.698 0.846 0.722 0.778 0.778 
0.340 0.854 0.629 0.698 0.923 0.778 0.778 0.778 
0.382 0.854 0.684 0.717 0.923 0.778 0.833 0.778 
0.364 0.854 0.618 0.698 0.923 0.778 0.778 0.778 
0.331 0.840 0.555 0.698 0.923 0.722 0.722 0.722 
0.344 0.844 0.659 0.698 0.923 0.778 0.778 0.778 
0.348 0.873 0.651 0.679 0.923 0.778 0.833 0.778 
0.338 0.849 0.624 0.717 0.846 0.778 0.778 0.778 
0.371 0.825 0.690 0.698 0.923 0.778 0.833 0.778 
0.355 0.840 0.653 0.736 0.846 0.722 0.833 0.722 
0.355 0.849 0.640 0.717 0.846 0.722 0.722 0.722 
0.336 0.844 0.787 0.679 1.000 0.833 0.889 0.833 
0.363 0.840 0.782 0.698 1.000 0.833 0.889 0.833 
0.333 0.844 0.668 0.717 0.846 0.778 0.778 0.778 
0.322 0.854 0.756 0.717 0.923 0.778 0.833 0.778 
0.351 0.858 0.792 0.698 0.923 0.833 0.889 0.833 
0.331 0.844 0.752 0.717 0.923 0.833 0.889 0.889 
0.337 0.849 0.667 0.679 0.923 0.778 0.833 0.778 
0.331 0.840 0.671 0.698 0.923 0.778 0.778 0.778 
0.341 0.868 0.677 0.698 0.923 0.778 0.778 0.778 
0.324 0.873 0.607 0.717 0.846 0.778 0.778 0.778 
0.338 0.863 0.711 0.698 0.923 0.833 0.833 0.833 
0.319 0.858 0.715 0.698 0.923 0.778 0.833 0.778 
0.321 0.849 0.730 0.698 0.846 0.722 0.833 0.722 
0.351 0.844 0.670 0.717 0.846 0.722 0.722 0.722 
0.340 0.844 0.645 0.698 0.846 0.778 0.778 0.778 
0.337 0.844 0.740 0.717 0.923 0.889 0.889 0.889 
0.353 0.849 0.705 0.679 0.923 0.778 0.833 0.778 
0.309 0.854 0.582 0.698 0.846 0.722 0.778 0.778 
0.335 0.863 0.652 0.698 0.923 0.778 0.778 0.778 
0.314 0.858 0.741 0.679 0.923 0.778 0.833 0.778 
0.335 0.849 0.804 0.679 0.923 0.833 0.889 0.833 
0.342 0.849 0.694 0.717 0.846 0.722 0.722 0.722 
0.326 0.849 0.693 0.717 0.846 0.722 0.722 0.722 
0.348 0.868 0.749 0.698 0.923 0.778 0.833 0.778 
0.327 0.844 0.611 0.717 0.846 0.778 0.778 0.778 
0.356 0.844 0.677 0.698 0.923 0.778 0.778 0.778 
0.358 0.854 0.650 0.698 0.846 0.722 0.722 0.722 
0.336 0.858 0.554 0.698 0.846 0.722 0.722 0.722 
0.333 0.854 0.595 0.679 0.923 0.778 0.778 0.778 
0.324 0.868 0.634 0.679 0.923 0.778 0.833 0.778 
0.346 0.835 0.723 0.679 0.923 0.778 0.833 0.778 
0.344 0.868 0.870 0.660 1.000 0.889 0.889 0.889 
0.316 0.868 0.658 0.717 0.846 0.778 0.778 0.778 
0.331 0.868 0.646 0.698 0.923 0.778 0.778 0.778 
0.347 0.854 0.705 0.698 0.923 0.778 0.833 0.778 
0.322 0.844 0.633 0.698 0.923 0.778 0.778 0.778 
0.330 0.868 0.710 0.698 0.846 0.722 0.833 0.722 
0.318 0.858 0.706 0.698 0.846 0.778 0.833 0.833 
0.322 0.854 0.675 0.679 0.923 0.833 0.833 0.833 
0.341 0.863 0.651 0.679 0.923 0.778 0.833 0.778 
0.329 0.849 0.628 0.679 0.923 0.778 0.778 0.778 
0.339 0.858 0.678 0.679 0.923 0.778 0.833 0.778 
0.325 0.844 0.681 0.698 0.923 0.778 0.778 0.778 
0.344 0.840 0.609 0.717 0.846 0.722 0.722 0.722 
0.341 0.854 0.608 0.698 0.923 0.778 0.778 0.778 
0.349 0.844 0.656 0.717 0.846 0.722 0.722 0.722 
0.333 0.844 0.617 0.717 0.846 0.667 0.667 0.667 
0.328 0.868 0.574 0.698 0.923 0.722 0.722 0.722 
0.350 0.844 0.660 0.698 0.923 0.778 0.778 0.778 
0.336 0.863 0.655 0.717 0.846 0.722 0.778 0.778 
0.320 0.854 0.667 0.717 0.846 0.722 0.722 0.722 
0.341 0.854 0.660 0.698 0.846 0.722 0.722 0.722 
0.366 0.849 0.594 0.736 0.769 0.722 0.722 0.722 
0.359 0.844 0.634 0.717 0.846 0.722 0.778 0.778 
0.323 0.830 0.800 0.698 0.923 0.778 0.833 0.778 
0.309 0.844 0.702 0.717 0.846 0.722 0.778 0.778 
0.328 0.873 0.665 0.717 0.846 0.722 0.778 0.722 
0.307 0.858 0.640 0.679 0.846 0.778 0.833 0.778 
0.324 0.868 0.696 0.679 0.923 0.833 0.833 0.833 
0.358 0.830 0.600 0.698 0.846 0.778 0.778 0.778 
0.351 0.854 0.545 0.717 0.846 0.667 0.667 0.667 
0.326 0.844 0.623 0.698 0.846 0.722 0.778 0.722 
0.309 0.868 0.658 0.717 0.846 0.778 0.778 0.778 
0.312 0.849 0.632 0.679 0.846 0.778 0.778 0.778 
0.347 0.844 0.663 0.698 0.923 0.778 0.778 0.778 
0.334 0.849 0.670 0.698 0.769 0.722 0.722 0.722 
0.320 0.849 0.675 0.717 0.846 0.722 0.722 0.722 
0.309 0.844 0.666 0.717 0.846 0.722 0.722 0.722 
0.358 0.849 0.618 0.698 0.846 0.722 0.778 0.778 
0.346 0.840 0.587 0.717 0.769 0.722 0.722 0.722 
0.347 0.844 0.638 0.717 0.846 0.778 0.778 0.778 
0.338 0.840 0.613 0.698 0.846 0.722 0.778 0.778 
0.319 0.854 0.633 0.717 0.846 0.722 0.778 0.778 
0.332 0.854 0.642 0.679 0.923 0.778 0.833 0.778 
0.325 0.868 0.690 0.679 0.923 0.778 0.833 0.778 
0.331 0.844 0.662 0.717 0.846 0.778 0.778 0.778 
0.328 0.849 0.711 0.698 0.846 0.778 0.778 0.778 
0.320 0.854 0.678 0.679 0.923 0.778 0.833 0.778 
0.360 0.849 0.716 0.698 0.846 0.778 0.889 0.833 
0.333 0.858 0.632 0.717 0.846 0.722 0.722 0.722 
0.316 0.858 0.635 0.717 0.846 0.667 0.722 0.722 
0.322 0.854 0.686 0.679 0.923 0.778 0.833 0.778 
0.290 0.877 0.718 0.679 0.923 0.833 0.833 0.833 
0.322 0.854 0.773 0.679 0.923 0.833 0.889 0.833 
0.335 0.863 0.731 0.679 0.923 0.833 0.833 0.833 
0.328 0.844 0.616 0.717 0.846 0.722 0.722 0.722 
0.321 0.854 0.564 0.717 0.846 0.722 0.722 0.722 
0.341 0.840 0.655 0.717 0.846 0.722 0.778 0.778 
0.316 0.863 0.671 0.698 0.846 0.722 0.833 0.778 
0.345 0.854 0.592 0.698 0.846 0.722 0.778 0.722 
0.327 0.863 0.601 0.679 0.923 0.778 0.833 0.778 
0.314 0.858 0.664 0.679 0.923 0.778 0.833 0.778 
0.311 0.849 0.643 0.698 0.923 0.722 0.722 0.722 
0.317 0.854 0.649 0.698 0.923 0.778 0.778 0.778 
0.316 0.849 0.692 0.698 0.923 0.889 0.889 0.833 
0.330 0.868 0.651 0.698 0.923 0.778 0.833 0.778 
0.347 0.849 0.623 0.698 0.846 0.722 0.833 0.778 
0.324 0.849 0.611 0.698 0.846 0.778 0.833 0.778 
0.338 0.849 0.605 0.679 0.923 0.778 0.833 0.778 
0.306 0.873 0.581 0.717 0.846 0.667 0.722 0.667 
0.328 0.849 0.610 0.679 0.923 0.778 0.833 0.778 
0.336 0.863 0.621 0.679 0.846 0.778 0.833 0.778 
0.336 0.877 0.564 0.717 0.769 0.667 0.667 0.667 
0.312 0.868 0.596 0.717 0.846 0.667 0.722 0.722 
0.311 0.835 0.650 0.660 0.846 0.778 0.833 0.778 
0.358 0.821 0.590 0.698 0.846 0.722 0.778 0.722 
0.340 0.849 0.583 0.698 0.846 0.722 0.722 0.722 
0.337 0.877 0.770 0.660 1.000 0.889 0.889 0.889 
0.308 0.849 0.639 0.717 0.846 0.722 0.722 0.722 
0.329 0.844 0.540 0.698 0.846 0.722 0.722 0.722 
0.315 0.858 0.656 0.679 0.923 0.778 0.833 0.778 
0.327 0.849 0.696 0.679 0.923 0.833 0.833 0.833 
0.318 0.858 0.580 0.717 0.769 0.611 0.667 0.667 
0.332 0.830 0.633 0.679 0.923 0.778 0.833 0.778 
0.363 0.844 0.790 0.698 1.000 0.889 0.889 0.889 
0.322 0.844 0.585 0.698 0.846 0.722 0.722 0.722 
0.321 0.858 0.628 0.736 0.769 0.667 0.667 0.667 
0.313 0.854 0.825 0.660 1.000 0.889 0.889 0.889 
0.327 0.844 0.778 0.679 0.923 0.889 0.889 0.889 
0.322 0.844 0.626 0.717 0.846 0.722 0.778 0.778 
0.311 0.863 0.727 0.679 1.000 0.889 0.889 0.889 
0.329 0.849 0.785 0.660 1.000 0.889 0.889 0.889 
0.327 0.849 0.653 0.717 0.846 0.778 0.833 0.778 
0.327 0.863 0.576 0.717 0.846 0.722 0.722 0.722 
0.322 0.849 0.699 0.679 0.923 0.833 0.833 0.833 
0.348 0.830 0.658 0.698 0.923 0.833 0.833 0.833 
0.315 0.854 0.521 0.736 0.769 0.667 0.667 0.667 
0.326 0.844 0.630 0.679 0.923 0.778 0.833 0.778 
0.305 0.849 0.696 0.679 0.923 0.833 0.833 0.833 
0.310 0.854 0.580 0.698 0.923 0.722 0.722 0.722 
0.320 0.854 0.566 0.698 0.923 0.722 0.722 0.722 
0.324 0.863 0.735 0.698 1.000 0.889 0.889 0.889 
0.325 0.868 0.762 0.698 0.846 0.889 0.889 0.833 
0.327 0.858 0.623 0.736 0.769 0.667 0.667 0.722 
0.340 0.858 0.678 0.717 0.846 0.722 0.833 0.778 
0.312 0.873 0.736 0.679 0.846 0.833 0.833 0.833 
0.322 0.882 0.629 0.736 0.846 0.667 0.667 0.667 
0.306 0.858 0.619 0.717 0.846 0.667 0.667 0.667 
0.329 0.849 0.710 0.698 0.923 0.778 0.778 0.778 
0.304 0.854 0.725 0.679 0.846 0.778 0.833 0.778 
0.327 0.840 0.724 0.698 0.846 0.722 0.833 0.722 
0.332 0.858 0.669 0.717 0.846 0.722 0.778 0.722 
0.320 0.877 0.678 0.679 0.846 0.833 0.889 0.833 
0.317 0.854 0.635 0.717 0.846 0.722 0.722 0.722 
0.325 0.854 0.636 0.717 0.769 0.722 0.722 0.722 
0.330 0.854 0.695 0.717 0.846 0.722 0.778 0.778 
0.327 0.849 0.652 0.698 0.846 0.722 0.722 0.722 
0.312 0.863 0.564 0.736 0.769 0.722 0.667 0.722 
0.336 0.858 0.600 0.717 0.769 0.722 0.722 0.722 
0.307 0.858 0.725 0.717 0.846 0.722 0.778 0.778 
0.309 0.854 0.761 0.717 0.846 0.778 0.778 0.778 
0.333 0.849 0.724 0.698 0.769 0.722 0.778 0.722 
0.311 0.868 0.702 0.698 0.846 0.833 0.833 0.833 
0.324 0.863 0.696 0.679 0.923 0.778 0.833 0.833 
0.313 0.849 0.621 0.717 0.846 0.722 0.722 0.722 
0.309 0.863 0.650 0.736 0.769 0.722 0.722 0.722 
0.346 0.854 0.713 0.698 0.846 0.722 0.778 0.722 
0.306 0.863 0.691 0.717 0.846 0.722 0.722 0.722 
0.326 0.887 0.630 0.736 0.846 0.667 0.722 0.722 
0.319 0.873 0.570 0.736 0.769 0.667 0.667 0.667 
0.321 0.863 0.644 0.717 0.846 0.667 0.667 0.667 
0.313 0.863 0.646 0.717 0.846 0.722 0.778 0.722 
0.314 0.877 0.593 0.736 0.846 0.667 0.722 0.722 
0.307 0.863 0.619 0.717 0.846 0.722 0.722 0.722 
0.356 0.844 0.646 0.717 0.923 0.722 0.778 0.722 
0.319 0.873 0.574 0.736 0.846 0.667 0.667 0.667 
0.314 0.882 0.590 0.717 0.846 0.667 0.722 0.722 
0.300 0.873 0.623 0.698 0.923 0.722 0.722 0.722 
0.317 0.863 0.615 0.698 0.923 0.722 0.778 0.722 
0.303 0.863 0.673 0.679 0.923 0.833 0.833 0.833 
0.327 0.858 0.678 0.679 0.923 0.778 0.833 0.778 
0.333 0.858 0.649 0.717 0.769 0.722 0.722 0.722 
0.340 0.858 0.524 0.736 0.769 0.667 0.667 0.667 
0.329 0.873 0.592 0.698 0.692 0.722 0.778 0.722 
0.314 0.844 0.653 0.717 0.846 0.722 0.778 0.778 
0.346 0.849 0.640 0.717 0.769 0.667 0.667 0.667 
0.324 0.858 0.529 0.736 0.769 0.556 0.611 0.611 
0.312 0.854 0.550 0.717 0.769 0.722 0.833 0.778 
0.321 0.858 0.607 0.698 0.923 0.722 0.778 0.722 
0.354 0.858 0.704 0.717 0.846 0.667 0.722 0.667 
0.304 0.873 0.594 0.717 0.769 0.667 0.667 0.667 
0.320 0.877 0.638 0.736 0.846 0.667 0.667 0.667 
0.312 0.873 0.568 0.717 0.846 0.667 0.667 0.667 
0.310 0.849 0.602 0.736 0.769 0.611 0.611 0.611 
0.294 0.873 0.693 0.698 0.846 0.722 0.833 0.722 
0.304 0.873 0.647 0.698 0.846 0.722 0.778 0.722 
0.322 0.858 0.612 0.717 0.846 0.667 0.722 0.667 
0.294 0.863 0.760 0.679 0.923 0.778 0.889 0.778 
0.315 0.854 0.711 0.717 0.846 0.722 0.833 0.778 
0.338 0.873 0.637 0.736 0.846 0.722 0.722 0.722 
0.299 0.849 0.607 0.755 0.692 0.611 0.611 0.611 
0.308 0.868 0.621 0.717 0.846 0.667 0.722 0.667 
0.310 0.858 0.570 0.717 0.846 0.722 0.722 0.722 
0.310 0.854 0.565 0.736 0.769 0.722 0.778 0.722 
0.321 0.849 0.693 0.679 0.846 0.778 0.833 0.778 
0.316 0.868 0.631 0.717 0.846 0.667 0.778 0.722 
0.319 0.854 0.525 0.736 0.769 0.667 0.667 0.667 
0.329 0.854 0.584 0.755 0.769 0.667 0.778 0.722 
0.306 0.863 0.684 0.698 0.923 0.722 0.778 0.722 
0.321 0.863 0.651 0.717 0.846 0.722 0.722 0.722 
0.321 0.863 0.588 0.736 0.846 0.722 0.722 0.722 
0.342 0.854 0.663 0.679 0.923 0.833 0.833 0.833 
0.301 0.873 0.606 0.698 0.846 0.722 0.833 0.833 
0.323 0.882 0.629 0.717 0.846 0.722 0.722 0.722 
0.299 0.868 0.627 0.717 0.846 0.722 0.778 0.778 
0.330 0.863 0.746 0.679 0.923 0.833 0.833 0.833 
0.304 0.858 0.663 0.698 0.846 0.722 0.833 0.778 
0.306 0.854 0.676 0.717 0.846 0.722 0.722 0.722 
0.312 0.882 0.616 0.717 0.846 0.667 0.722 0.667 
0.357 0.854 0.692 0.679 0.923 0.778 0.833 0.778 
0.333 0.858 0.657 0.698 0.769 0.722 0.833 0.778 
0.336 0.840 0.635 0.736 0.692 0.667 0.667 0.722 
0.309 0.873 0.570 0.698 0.692 0.667 0.667 0.667 
0.386 0.825 0.616 0.698 0.769 0.722 0.833 0.722 
0.310 0.877 0.595 0.698 0.538 0.500 0.500 0.500 
0.323 0.873 0.706 0.698 0.923 0.722 0.778 0.722 
0.325 0.854 0.754 0.698 0.923 0.722 0.833 0.722 
0.323 0.858 0.612 0.736 0.769 0.722 0.778 0.722 
0.297 0.858 0.588 0.698 0.923 0.722 0.778 0.722 
0.320 0.849 0.627 0.698 0.923 0.778 0.778 0.778 
0.326 0.868 0.611 0.717 0.846 0.667 0.722 0.667 
0.358 0.844 0.553 0.698 0.846 0.667 0.667 0.667 
0.331 0.868 0.599 0.698 0.846 0.778 0.833 0.833 
0.315 0.854 0.632 0.698 0.769 0.778 0.833 0.778 
0.316 0.849 0.560 0.698 0.846 0.722 0.833 0.722 
0.329 0.863 0.621 0.679 0.923 0.778 0.833 0.833 
0.317 0.868 0.584 0.679 0.923 0.778 0.833 0.778 
0.320 0.863 0.570 0.717 0.769 0.722 0.778 0.722 
0.314 0.830 0.630 0.717 0.769 0.722 0.778 0.722 
0.314 0.858 0.670 0.698 0.769 0.722 0.778 0.722 
0.310 0.849 0.594 0.736 0.769 0.611 0.667 0.667 
0.300 0.863 0.569 0.717 0.769 0.667 0.667 0.667 
0.314 0.849 0.616 0.698 0.769 0.667 0.778 0.667 
0.319 0.849 0.614 0.736 0.769 0.778 0.778 0.778 
0.301 0.854 0.673 0.698 0.846 0.778 0.833 0.778 
0.340 0.858 0.739 0.679 0.923 0.833 0.833 0.833 
0.314 0.877 0.617 0.736 0.692 0.722 0.778 0.778 
0.324 0.835 0.657 0.679 0.923 0.833 0.833 0.833 
0.320 0.858 0.640 0.717 0.769 0.722 0.833 0.722 
0.307 0.868 0.557 0.736 0.769 0.667 0.722 0.667 
0.325 0.844 0.578 0.717 0.846 0.667 0.722 0.667 
0.310 0.863 0.664 0.679 0.923 0.833 0.889 0.833 
0.312 0.868 0.630 0.717 0.769 0.722 0.778 0.722 
0.326 0.854 0.591 0.755 0.769 0.667 0.667 0.667 
0.332 0.858 0.643 0.717 0.923 0.722 0.778 0.722 
0.296 0.858 0.559 0.717 0.846 0.722 0.722 0.722 
0.303 0.868 0.630 0.717 0.923 0.722 0.778 0.722 
0.308 0.849 0.665 0.717 0.769 0.667 0.667 0.667 
0.290 0.863 0.638 0.736 0.846 0.667 0.778 0.722 
0.314 0.858 0.614 0.698 0.923 0.722 0.778 0.722 
0.286 0.877 0.582 0.698 0.923 0.722 0.722 0.722 
0.295 0.873 0.641 0.717 0.846 0.667 0.722 0.722 
0.306 0.868 0.659 0.717 0.846 0.667 0.667 0.667 
0.304 0.858 0.635 0.736 0.846 0.722 0.722 0.722 
0.303 0.849 0.658 0.698 0.846 0.722 0.778 0.778 
0.333 0.858 0.628 0.717 0.846 0.667 0.722 0.667 
0.289 0.877 0.640 0.717 0.769 0.667 0.667 0.667 
0.334 0.825 0.681 0.717 0.769 0.667 0.722 0.667 
0.305 0.858 0.647 0.736 0.769 0.667 0.778 0.667 
0.313 0.873 0.658 0.717 0.769 0.611 0.722 0.611 
0.306 0.868 0.628 0.736 0.692 0.667 0.667 0.667 
0.324 0.858 0.604 0.717 0.769 0.611 0.667 0.667 
0.303 0.854 0.571 0.736 0.769 0.611 0.667 0.667 
0.298 0.858 0.587 0.736 0.769 0.667 0.667 0.667 
0.295 0.863 0.700 0.717 0.846 0.667 0.778 0.667 
0.302 0.858 0.674 0.717 0.769 0.667 0.722 0.667 
0.297 0.858 0.636 0.736 0.846 0.667 0.722 0.722 
0.334 0.840 0.574 0.755 0.769 0.667 0.667 0.667 
