5.461 0.434 1.916 0.585 0.846 0.833 0.833 0.833 
1.581 0.632 2.530 0.623 1.000 1.000 1.000 1.000 
2.540 0.613 2.272 0.623 1.000 1.000 1.000 1.000 
2.533 0.613 1.491 0.623 1.000 1.000 1.000 1.000 
1.584 0.613 0.750 0.547 0.769 0.778 0.778 0.778 
1.199 0.514 2.228 0.377 0.000 0.000 0.000 0.000 
0.883 0.406 1.025 0.698 0.462 0.333 0.333 0.333 
0.717 0.717 1.265 0.623 0.846 0.778 0.778 0.778 
0.882 0.703 1.401 0.642 0.846 0.833 0.833 0.833 
1.032 0.693 1.361 0.642 0.846 0.722 0.722 0.722 
0.973 0.693 1.166 0.660 0.846 0.722 0.722 0.722 
0.818 0.722 0.920 0.717 0.615 0.444 0.444 0.444 
0.681 0.703 0.857 0.528 0.154 0.111 0.111 0.111 
0.636 0.670 0.877 0.547 0.308 0.222 0.222 0.222 
0.703 0.670 0.698 0.642 0.462 0.333 0.333 0.333 
0.653 0.712 0.676 0.679 0.769 0.667 0.667 0.667 
0.631 0.736 0.760 0.679 0.769 0.667 0.667 0.667 
0.603 0.736 0.857 0.717 0.692 0.500 0.500 0.500 
0.635 0.736 0.916 0.774 0.308 0.222 0.222 0.222 
0.587 0.741 0.871 0.755 0.308 0.222 0.222 0.222 
0.605 0.764 0.835 0.660 0.385 0.278 0.278 0.278 
0.619 0.745 0.766 0.660 0.462 0.333 0.333 0.333 
0.598 0.712 0.715 0.698 0.462 0.333 0.333 0.333 
0.585 0.741 0.799 0.717 0.308 0.222 0.222 0.222 
0.598 0.736 0.873 0.698 0.154 0.111 0.111 0.111 
0.579 0.717 0.843 0.717 0.231 0.167 0.167 0.167 
0.603 0.722 0.808 0.755 0.308 0.222 0.222 0.222 
0.586 0.759 0.761 0.660 0.462 0.333 0.333 0.333 
0.590 0.736 0.783 0.642 0.462 0.333 0.333 0.333 
0.581 0.722 0.800 0.660 0.385 0.278 0.278 0.278 
0.587 0.708 0.851 0.698 0.308 0.222 0.222 0.222 
0.557 0.750 0.852 0.717 0.308 0.222 0.222 0.222 
0.588 0.741 0.825 0.736 0.308 0.222 0.222 0.222 
0.600 0.755 0.835 0.698 0.308 0.222 0.222 0.222 
0.587 0.745 0.797 0.660 0.308 0.222 0.222 0.222 
0.565 0.731 0.839 0.642 0.231 0.167 0.167 0.167 
0.603 0.778 0.851 0.642 0.231 0.167 0.167 0.167 
0.586 0.741 0.785 0.774 0.308 0.222 0.222 0.222 
0.602 0.712 0.773 0.755 0.308 0.222 0.222 0.222 
0.610 0.736 0.797 0.698 0.308 0.222 0.222 0.222 
0.599 0.717 0.870 0.660 0.308 0.222 0.222 0.222 
0.573 0.759 0.831 0.698 0.308 0.222 0.222 0.222 
0.579 0.736 0.780 0.698 0.308 0.222 0.222 0.222 
0.554 0.745 0.755 0.755 0.308 0.222 0.222 0.222 
0.574 0.717 0.781 0.736 0.231 0.167 0.167 0.167 
5.461 0.434 1.916 0.585 0.846 0.833 0.833 0.833 
1.581 0.632 2.530 0.623 1.000 1.000 1.000 1.000 
2.540 0.613 2.271 0.623 1.000 1.000 1.000 1.000 
2.531 0.613 1.489 0.623 1.000 1.000 1.000 1.000 
1.581 0.613 0.753 0.547 0.692 0.778 0.778 0.778 
1.198 0.509 2.226 0.377 0.000 0.000 0.000 0.000 
0.881 0.410 1.024 0.717 0.462 0.333 0.333 0.333 
0.717 0.717 1.263 0.623 0.846 0.778 0.778 0.778 
0.882 0.703 1.397 0.642 0.846 0.833 0.833 0.833 
1.030 0.693 1.356 0.642 0.846 0.722 0.722 0.722 
0.968 0.698 1.161 0.660 0.846 0.722 0.722 0.722 
0.818 0.717 0.906 0.717 0.615 0.444 0.444 0.444 
0.668 0.708 0.849 0.547 0.154 0.111 0.111 0.111 
0.641 0.679 0.889 0.547 0.308 0.222 0.222 0.222 
0.701 0.675 0.692 0.660 0.462 0.389 0.389 0.389 
0.653 0.717 0.690 0.679 0.769 0.667 0.667 0.667 
0.629 0.731 0.772 0.698 0.692 0.667 0.667 0.667 
0.600 0.741 0.862 0.717 0.615 0.444 0.444 0.444 
0.632 0.731 0.913 0.736 0.308 0.222 0.222 0.222 
0.583 0.745 0.862 0.717 0.385 0.278 0.278 0.278 
0.603 0.759 0.828 0.679 0.385 0.278 0.278 0.278 
0.621 0.745 0.765 0.660 0.462 0.333 0.333 0.333 
0.591 0.717 0.734 0.717 0.462 0.333 0.333 0.333 
0.578 0.736 0.843 0.717 0.231 0.167 0.167 0.167 
0.592 0.750 0.905 0.660 0.154 0.111 0.111 0.111 
0.576 0.717 0.840 0.755 0.308 0.222 0.222 0.222 
0.599 0.736 0.795 0.717 0.385 0.278 0.278 0.278 
0.591 0.750 0.770 0.642 0.462 0.389 0.389 0.389 
0.593 0.736 0.808 0.660 0.385 0.278 0.278 0.278 
0.574 0.731 0.804 0.698 0.308 0.222 0.222 0.222 
0.583 0.722 0.828 0.717 0.308 0.222 0.222 0.222 
0.559 0.745 0.819 0.736 0.308 0.222 0.222 0.222 
0.587 0.745 0.811 0.736 0.308 0.222 0.222 0.222 
0.600 0.750 0.849 0.698 0.308 0.222 0.222 0.222 
0.583 0.745 0.803 0.679 0.308 0.222 0.222 0.222 
0.561 0.726 0.813 0.679 0.308 0.222 0.222 0.222 
0.598 0.778 0.825 0.660 0.231 0.167 0.167 0.167 
0.587 0.731 0.778 0.774 0.308 0.222 0.222 0.222 
0.602 0.722 0.779 0.736 0.308 0.222 0.222 0.222 
0.605 0.745 0.795 0.698 0.308 0.222 0.222 0.222 
0.594 0.717 0.850 0.660 0.308 0.222 0.222 0.222 
0.573 0.759 0.812 0.698 0.308 0.222 0.222 0.222 
0.580 0.731 0.779 0.679 0.308 0.222 0.222 0.222 
0.554 0.745 0.763 0.755 0.308 0.222 0.222 0.222 
0.574 0.722 0.779 0.755 0.231 0.167 0.167 0.167 
0.572 0.726 0.822 0.755 0.231 0.167 0.167 0.167 
0.556 0.741 0.799 0.717 0.308 0.222 0.222 0.222 
0.574 0.769 0.781 0.717 0.308 0.222 0.222 0.222 
0.579 0.750 0.782 0.717 0.308 0.222 0.222 0.222 
0.571 0.755 0.822 0.717 0.308 0.222 0.222 0.222 
0.580 0.755 0.802 0.755 0.308 0.222 0.222 0.222 
0.558 0.755 0.807 0.755 0.308 0.222 0.222 0.222 
0.553 0.769 0.804 0.717 0.308 0.222 0.222 0.222 
0.581 0.698 0.859 0.642 0.231 0.167 0.167 0.167 
0.560 0.759 0.841 0.736 0.231 0.167 0.167 0.167 
0.558 0.774 0.794 0.717 0.308 0.222 0.222 0.222 
0.589 0.731 0.761 0.755 0.308 0.222 0.222 0.222 
0.575 0.755 0.733 0.774 0.308 0.222 0.222 0.222 
0.570 0.722 0.801 0.679 0.231 0.167 0.167 0.167 
0.545 0.741 0.793 0.717 0.231 0.167 0.167 0.167 
0.573 0.736 0.806 0.717 0.231 0.167 0.167 0.167 
0.581 0.722 0.792 0.736 0.308 0.222 0.222 0.222 
0.548 0.745 0.834 0.698 0.231 0.167 0.167 0.167 
0.627 0.731 0.896 0.660 0.231 0.167 0.167 0.167 
0.541 0.759 0.755 0.755 0.385 0.278 0.278 0.278 
0.566 0.741 0.786 0.717 0.308 0.222 0.222 0.222 
0.587 0.726 0.817 0.698 0.308 0.222 0.222 0.222 
0.555 0.736 0.836 0.698 0.231 0.167 0.167 0.167 
0.540 0.774 0.857 0.679 0.231 0.167 0.167 0.167 
0.545 0.759 0.819 0.755 0.308 0.222 0.222 0.222 
0.580 0.764 0.767 0.717 0.308 0.222 0.222 0.222 
0.571 0.755 0.707 0.717 0.308 0.222 0.222 0.222 
0.550 0.731 0.751 0.755 0.308 0.222 0.222 0.222 
0.549 0.750 0.804 0.736 0.231 0.167 0.167 0.167 
0.545 0.745 0.788 0.698 0.231 0.167 0.167 0.167 
0.528 0.764 0.745 0.717 0.308 0.222 0.222 0.222 
0.552 0.778 0.818 0.698 0.308 0.222 0.222 0.222 
0.544 0.741 0.777 0.717 0.308 0.222 0.222 0.222 
0.540 0.745 0.805 0.755 0.308 0.222 0.222 0.222 
0.540 0.755 0.792 0.717 0.308 0.222 0.222 0.222 
0.542 0.741 0.812 0.755 0.308 0.222 0.222 0.222 
0.576 0.778 0.840 0.755 0.231 0.167 0.167 0.167 
0.519 0.750 0.758 0.774 0.308 0.222 0.222 0.222 
0.551 0.745 0.808 0.755 0.231 0.167 0.167 0.167 
0.537 0.750 0.757 0.774 0.308 0.222 0.222 0.222 
0.531 0.741 0.761 0.736 0.308 0.222 0.222 0.222 
0.558 0.736 0.817 0.679 0.231 0.167 0.167 0.167 
0.549 0.750 0.846 0.660 0.231 0.167 0.167 0.167 
0.536 0.736 0.793 0.717 0.308 0.222 0.222 0.222 
0.556 0.750 0.742 0.755 0.308 0.222 0.222 0.222 
0.565 0.731 0.828 0.698 0.231 0.167 0.167 0.167 
0.538 0.764 0.793 0.717 0.231 0.167 0.167 0.167 
0.548 0.741 0.718 0.774 0.308 0.222 0.222 0.222 
0.555 0.726 0.728 0.717 0.308 0.222 0.222 0.222 
0.544 0.755 0.823 0.604 0.231 0.167 0.167 0.167 
0.532 0.759 0.787 0.698 0.231 0.167 0.167 0.167 
0.519 0.745 0.739 0.774 0.231 0.167 0.167 0.167 
0.557 0.722 0.738 0.736 0.308 0.222 0.222 0.222 
0.510 0.769 0.890 0.566 0.154 0.111 0.111 0.111 
0.586 0.693 0.840 0.642 0.231 0.167 0.167 0.167 
0.516 0.755 0.681 0.774 0.308 0.222 0.222 0.222 
0.550 0.731 0.760 0.698 0.308 0.222 0.222 0.222 
0.507 0.788 0.897 0.585 0.231 0.167 0.167 0.167 
0.527 0.745 0.862 0.585 0.231 0.167 0.167 0.167 
0.524 0.759 0.812 0.679 0.308 0.222 0.222 0.222 
0.496 0.774 0.775 0.736 0.308 0.222 0.222 0.222 
0.575 0.745 0.907 0.623 0.231 0.167 0.167 0.167 
0.518 0.755 0.809 0.698 0.231 0.167 0.167 0.167 
0.545 0.745 0.736 0.755 0.308 0.222 0.222 0.222 
0.529 0.769 0.712 0.755 0.308 0.222 0.222 0.222 
0.533 0.745 0.777 0.679 0.308 0.222 0.167 0.167 
0.534 0.764 0.800 0.717 0.308 0.222 0.222 0.222 
0.510 0.731 0.714 0.755 0.385 0.278 0.278 0.278 
0.518 0.741 0.771 0.698 0.385 0.278 0.222 0.222 
0.550 0.717 0.854 0.717 0.308 0.222 0.222 0.222 
0.523 0.764 0.821 0.755 0.308 0.222 0.222 0.222 
0.566 0.750 0.719 0.755 0.385 0.278 0.278 0.278 
0.526 0.750 0.679 0.717 0.385 0.278 0.278 0.278 
0.557 0.731 0.777 0.717 0.308 0.222 0.222 0.222 
0.519 0.755 0.716 0.774 0.308 0.222 0.222 0.222 
0.519 0.774 0.747 0.736 0.308 0.222 0.222 0.222 
0.530 0.726 0.827 0.679 0.308 0.222 0.222 0.222 
0.570 0.717 0.876 0.660 0.231 0.167 0.167 0.167 
0.508 0.774 0.783 0.755 0.308 0.222 0.222 0.222 
0.546 0.736 0.741 0.774 0.308 0.222 0.222 0.222 
0.540 0.731 0.729 0.717 0.308 0.222 0.222 0.222 
0.503 0.755 0.816 0.623 0.308 0.222 0.222 0.222 
0.488 0.764 0.839 0.679 0.308 0.222 0.222 0.222 
0.526 0.750 0.917 0.679 0.231 0.167 0.167 0.167 
0.538 0.750 0.799 0.679 0.385 0.222 0.222 0.222 
0.507 0.759 0.716 0.660 0.538 0.389 0.389 0.389 
0.516 0.788 0.727 0.698 0.462 0.333 0.333 0.333 
0.503 0.755 0.752 0.736 0.308 0.222 0.222 0.222 
0.509 0.783 0.836 0.585 0.308 0.222 0.222 0.222 
0.499 0.764 0.832 0.660 0.308 0.222 0.222 0.222 
0.505 0.759 0.785 0.698 0.385 0.222 0.222 0.222 
0.528 0.750 0.760 0.736 0.308 0.222 0.222 0.222 
0.499 0.774 0.816 0.698 0.308 0.222 0.222 0.222 
0.519 0.731 0.820 0.698 0.308 0.222 0.222 0.222 
0.509 0.769 0.775 0.755 0.308 0.222 0.222 0.222 
0.536 0.759 0.881 0.679 0.231 0.167 0.167 0.167 
0.494 0.755 0.796 0.698 0.308 0.222 0.222 0.222 
0.505 0.774 0.801 0.736 0.308 0.222 0.222 0.222 
0.508 0.769 0.733 0.755 0.385 0.333 0.333 0.333 
0.530 0.759 0.663 0.755 0.385 0.278 0.278 0.278 
0.500 0.741 0.691 0.755 0.308 0.222 0.222 0.222 
0.497 0.750 0.811 0.717 0.231 0.167 0.167 0.167 
0.520 0.745 0.808 0.736 0.308 0.222 0.222 0.222 
0.520 0.769 0.770 0.698 0.462 0.333 0.333 0.333 
0.498 0.759 0.751 0.679 0.462 0.333 0.333 0.333 
0.511 0.764 0.824 0.679 0.308 0.222 0.222 0.222 
0.526 0.764 0.743 0.717 0.385 0.278 0.278 0.278 
0.497 0.769 0.705 0.755 0.385 0.278 0.278 0.278 
0.537 0.741 0.791 0.698 0.308 0.222 0.222 0.222 
0.523 0.741 0.740 0.717 0.308 0.222 0.222 0.222 
0.522 0.745 0.672 0.717 0.385 0.333 0.278 0.278 
0.521 0.736 0.681 0.736 0.462 0.333 0.333 0.333 
0.579 0.741 0.982 0.660 0.231 0.167 0.167 0.167 
0.513 0.792 0.800 0.736 0.308 0.222 0.222 0.222 
0.505 0.778 0.721 0.736 0.462 0.333 0.333 0.333 
0.571 0.712 0.889 0.717 0.231 0.167 0.167 0.167 
0.533 0.783 0.841 0.774 0.308 0.222 0.278 0.222 
0.500 0.764 0.736 0.755 0.462 0.333 0.333 0.333 
0.489 0.741 0.790 0.642 0.308 0.222 0.222 0.222 
0.505 0.755 0.867 0.623 0.231 0.167 0.167 0.167 
0.502 0.755 0.820 0.736 0.308 0.222 0.222 0.222 
0.506 0.764 0.800 0.698 0.308 0.222 0.222 0.222 
0.548 0.774 0.766 0.717 0.308 0.222 0.222 0.222 
0.541 0.745 0.903 0.736 0.231 0.167 0.167 0.167 
0.531 0.750 0.812 0.774 0.308 0.222 0.222 0.222 
0.484 0.764 0.764 0.717 0.462 0.333 0.333 0.333 
0.536 0.741 0.771 0.642 0.462 0.333 0.333 0.333 
0.510 0.755 0.769 0.623 0.385 0.278 0.278 0.278 
0.498 0.764 0.696 0.755 0.308 0.278 0.278 0.278 
0.540 0.731 0.749 0.736 0.462 0.333 0.333 0.333 
0.497 0.783 0.688 0.736 0.385 0.278 0.278 0.278 
0.526 0.759 0.734 0.642 0.385 0.278 0.278 0.278 
0.524 0.745 0.718 0.698 0.385 0.333 0.333 0.333 
0.527 0.764 0.818 0.698 0.231 0.167 0.167 0.167 
0.543 0.755 0.793 0.717 0.308 0.222 0.222 0.222 
0.505 0.736 0.705 0.642 0.462 0.333 0.333 0.333 
0.497 0.755 0.708 0.604 0.462 0.333 0.333 0.333 
0.505 0.750 0.779 0.642 0.308 0.222 0.222 0.222 
0.518 0.769 0.835 0.717 0.231 0.167 0.167 0.167 
0.516 0.759 0.755 0.717 0.308 0.222 0.222 0.222 
0.508 0.755 0.734 0.660 0.462 0.333 0.333 0.333 
0.511 0.759 0.867 0.698 0.308 0.222 0.222 0.222 
0.539 0.774 0.870 0.755 0.308 0.222 0.222 0.222 
0.504 0.759 0.760 0.679 0.462 0.333 0.333 0.333 
0.510 0.736 0.752 0.698 0.308 0.278 0.278 0.278 
0.524 0.741 0.844 0.717 0.308 0.222 0.222 0.222 
0.500 0.750 0.813 0.774 0.308 0.222 0.222 0.222 
0.489 0.783 0.728 0.736 0.385 0.278 0.278 0.278 
0.525 0.759 0.790 0.679 0.308 0.222 0.222 0.222 
0.505 0.769 0.778 0.736 0.308 0.222 0.222 0.222 
0.483 0.745 0.748 0.736 0.308 0.222 0.222 0.222 
0.535 0.755 0.745 0.698 0.308 0.222 0.222 0.222 
0.496 0.778 0.842 0.623 0.231 0.167 0.167 0.167 
0.490 0.783 0.807 0.698 0.231 0.167 0.167 0.167 
0.490 0.774 0.718 0.755 0.308 0.278 0.278 0.278 
0.537 0.759 0.723 0.736 0.308 0.222 0.222 0.222 
0.476 0.764 0.779 0.642 0.308 0.222 0.222 0.222 
0.532 0.774 0.772 0.623 0.308 0.222 0.222 0.222 
0.487 0.745 0.642 0.698 0.462 0.333 0.333 0.333 
0.507 0.764 0.857 0.679 0.308 0.222 0.222 0.222 
0.481 0.774 0.902 0.679 0.308 0.222 0.222 0.222 
0.496 0.774 0.818 0.679 0.308 0.222 0.222 0.222 
0.490 0.755 0.697 0.755 0.462 0.333 0.333 0.333 
0.502 0.764 0.758 0.736 0.308 0.222 0.222 0.222 
0.514 0.759 0.791 0.604 0.231 0.167 0.167 0.167 
0.497 0.755 0.692 0.679 0.385 0.278 0.278 0.278 
0.493 0.764 0.698 0.736 0.385 0.278 0.278 0.278 
0.506 0.755 0.864 0.736 0.308 0.222 0.222 0.222 
0.557 0.750 0.822 0.736 0.308 0.222 0.222 0.222 
0.496 0.797 0.682 0.755 0.462 0.333 0.333 0.333 
0.543 0.722 0.731 0.660 0.462 0.333 0.333 0.333 
0.534 0.741 0.847 0.755 0.308 0.222 0.222 0.222 
0.486 0.774 0.750 0.736 0.308 0.222 0.222 0.222 
0.506 0.755 0.781 0.698 0.308 0.222 0.222 0.222 
0.512 0.774 0.767 0.698 0.308 0.222 0.222 0.222 
0.525 0.774 0.883 0.660 0.231 0.167 0.167 0.167 
0.503 0.807 0.993 0.698 0.231 0.167 0.167 0.167 
0.520 0.774 0.920 0.774 0.308 0.222 0.222 0.222 
0.503 0.736 0.869 0.642 0.308 0.222 0.222 0.222 
0.607 0.736 1.044 0.585 0.231 0.167 0.167 0.167 
0.522 0.759 0.902 0.736 0.308 0.222 0.222 0.222 
0.502 0.764 0.834 0.736 0.462 0.333 0.333 0.333 
0.506 0.769 0.826 0.736 0.231 0.167 0.167 0.167 
0.516 0.750 0.916 0.623 0.231 0.167 0.167 0.167 
0.508 0.769 0.797 0.736 0.308 0.222 0.222 0.222 
0.552 0.750 0.811 0.736 0.385 0.278 0.278 0.278 
0.523 0.736 0.743 0.717 0.462 0.333 0.333 0.333 
0.502 0.769 0.662 0.698 0.462 0.333 0.333 0.333 
0.504 0.769 0.675 0.755 0.308 0.222 0.222 0.222 
0.543 0.736 0.760 0.736 0.308 0.222 0.222 0.222 
0.477 0.783 0.749 0.679 0.308 0.222 0.222 0.222 
0.517 0.741 0.881 0.679 0.308 0.222 0.222 0.222 
0.516 0.745 0.831 0.736 0.308 0.222 0.222 0.222 
0.532 0.741 0.780 0.736 0.385 0.278 0.278 0.278 
0.508 0.764 0.682 0.774 0.462 0.333 0.333 0.333 
0.496 0.755 0.759 0.679 0.308 0.222 0.222 0.222 
0.552 0.759 0.867 0.698 0.231 0.167 0.167 0.167 
0.502 0.774 0.758 0.774 0.231 0.167 0.222 0.167 
0.485 0.745 0.814 0.642 0.231 0.167 0.167 0.167 
0.538 0.759 0.852 0.660 0.231 0.167 0.167 0.167 
0.493 0.764 0.695 0.774 0.462 0.333 0.333 0.333 
0.489 0.759 0.699 0.717 0.385 0.333 0.333 0.333 
0.531 0.755 0.755 0.717 0.308 0.222 0.222 0.278 
0.529 0.755 0.791 0.755 0.308 0.222 0.222 0.222 
0.471 0.769 0.753 0.679 0.308 0.222 0.222 0.222 
0.507 0.736 0.711 0.774 0.308 0.278 0.278 0.278 
0.469 0.769 0.729 0.736 0.308 0.222 0.222 0.222 
0.511 0.736 0.727 0.736 0.308 0.222 0.222 0.222 
0.477 0.774 0.672 0.717 0.385 0.278 0.278 0.278 
0.504 0.759 0.641 0.679 0.462 0.333 0.333 0.333 
0.486 0.750 0.670 0.736 0.462 0.333 0.333 0.333 
0.492 0.802 0.713 0.698 0.308 0.222 0.222 0.222 
0.502 0.778 0.733 0.679 0.308 0.222 0.222 0.222 
0.486 0.778 0.656 0.660 0.462 0.333 0.333 0.333 
0.483 0.755 0.698 0.679 0.385 0.278 0.278 0.278 
0.512 0.750 0.733 0.679 0.308 0.222 0.222 0.222 
0.479 0.759 0.685 0.679 0.462 0.333 0.333 0.333 
0.494 0.750 0.743 0.679 0.308 0.222 0.222 0.222 
0.527 0.764 0.902 0.698 0.231 0.167 0.167 0.167 
0.505 0.764 0.840 0.642 0.308 0.222 0.222 0.222 
0.475 0.764 0.730 0.642 0.462 0.333 0.333 0.333 
0.496 0.759 0.746 0.660 0.385 0.278 0.278 0.278 
0.528 0.759 0.833 0.736 0.308 0.222 0.222 0.222 
0.473 0.788 0.755 0.660 0.385 0.333 0.333 0.333 
0.515 0.741 0.758 0.623 0.462 0.333 0.333 0.333 
0.476 0.778 0.731 0.679 0.385 0.278 0.278 0.278 
0.456 0.792 0.864 0.585 0.231 0.167 0.167 0.167 
0.487 0.778 0.867 0.698 0.231 0.167 0.167 0.167 
0.466 0.750 0.780 0.736 0.308 0.222 0.222 0.222 
0.517 0.769 0.868 0.698 0.231 0.167 0.167 0.167 
0.485 0.759 0.766 0.698 0.308 0.222 0.222 0.222 
0.472 0.783 0.840 0.679 0.308 0.222 0.222 0.222 
0.482 0.759 0.853 0.642 0.308 0.222 0.222 0.222 
0.505 0.759 0.889 0.679 0.231 0.167 0.167 0.167 
0.542 0.759 0.774 0.736 0.308 0.222 0.222 0.222 
0.499 0.759 0.742 0.660 0.462 0.333 0.333 0.333 
0.471 0.764 0.955 0.679 0.231 0.167 0.167 0.167 
0.514 0.750 0.920 0.698 0.231 0.167 0.167 0.167 
0.497 0.745 0.762 0.717 0.462 0.333 0.333 0.333 
0.500 0.788 0.854 0.679 0.308 0.222 0.222 0.222 
0.536 0.755 0.875 0.717 0.308 0.222 0.222 0.222 
0.490 0.778 0.754 0.736 0.462 0.278 0.278 0.278 
0.472 0.769 0.794 0.642 0.462 0.333 0.333 0.333 
0.513 0.755 0.883 0.660 0.308 0.222 0.222 0.222 
0.449 0.769 0.767 0.717 0.308 0.222 0.222 0.222 
0.560 0.769 0.826 0.660 0.231 0.167 0.167 0.167 
0.483 0.778 0.750 0.698 0.308 0.222 0.222 0.222 
0.500 0.750 0.886 0.679 0.308 0.222 0.222 0.222 
0.468 0.755 0.831 0.660 0.385 0.278 0.278 0.278 
0.495 0.764 0.871 0.642 0.385 0.278 0.278 0.278 
0.490 0.755 0.791 0.679 0.385 0.278 0.278 0.278 
0.460 0.774 0.702 0.660 0.462 0.333 0.333 0.333 
0.488 0.783 0.706 0.717 0.308 0.278 0.278 0.278 
0.547 0.769 0.869 0.642 0.308 0.222 0.222 0.222 
0.494 0.759 0.748 0.679 0.308 0.278 0.278 0.278 
0.461 0.774 0.724 0.755 0.385 0.278 0.278 0.278 
0.493 0.778 0.794 0.755 0.308 0.222 0.222 0.222 
0.548 0.722 0.837 0.679 0.308 0.222 0.222 0.222 
0.483 0.769 0.693 0.679 0.462 0.333 0.333 0.333 
0.490 0.759 0.682 0.717 0.462 0.333 0.333 0.333 
0.494 0.792 0.722 0.679 0.385 0.278 0.278 0.278 
0.490 0.755 0.713 0.698 0.385 0.278 0.278 0.278 
0.516 0.783 0.678 0.698 0.308 0.222 0.222 0.222 
0.541 0.755 0.753 0.679 0.308 0.222 0.222 0.222 
0.480 0.769 0.752 0.755 0.308 0.222 0.222 0.222 
0.496 0.759 0.726 0.717 0.308 0.222 0.222 0.222 
0.523 0.774 0.696 0.755 0.308 0.278 0.278 0.278 
0.497 0.769 0.797 0.717 0.231 0.167 0.167 0.167 
0.475 0.778 0.795 0.679 0.231 0.167 0.167 0.167 
0.466 0.769 0.754 0.679 0.308 0.222 0.222 0.222 
0.530 0.755 0.829 0.679 0.231 0.167 0.167 0.167 
0.499 0.759 0.792 0.679 0.308 0.222 0.222 0.222 
0.496 0.769 0.761 0.717 0.308 0.222 0.222 0.222 
0.480 0.774 0.747 0.736 0.308 0.222 0.278 0.222 
0.488 0.774 0.747 0.698 0.308 0.222 0.222 0.222 
0.525 0.755 0.740 0.679 0.308 0.222 0.222 0.222 
0.507 0.759 0.743 0.755 0.308 0.222 0.222 0.222 
0.513 0.783 0.829 0.736 0.231 0.167 0.167 0.167 
0.479 0.764 0.773 0.774 0.308 0.278 0.278 0.278 
0.475 0.769 0.830 0.679 0.308 0.222 0.278 0.222 
0.470 0.759 0.794 0.660 0.308 0.222 0.167 0.167 
0.515 0.759 0.796 0.679 0.308 0.222 0.222 0.222 
0.480 0.788 0.739 0.698 0.308 0.222 0.278 0.222 
0.477 0.783 0.750 0.679 0.308 0.222 0.222 0.222 
0.479 0.792 0.800 0.679 0.308 0.222 0.222 0.222 
0.489 0.769 0.744 0.755 0.385 0.333 0.389 0.333 
0.489 0.774 0.877 0.642 0.308 0.222 0.222 0.222 
0.479 0.788 0.829 0.660 0.308 0.222 0.222 0.222 
0.472 0.774 0.788 0.679 0.308 0.222 0.222 0.222 
0.509 0.774 0.855 0.679 0.231 0.167 0.167 0.167 
0.494 0.755 0.771 0.660 0.308 0.222 0.222 0.222 
0.466 0.778 0.714 0.679 0.308 0.278 0.278 0.278 
0.475 0.769 0.745 0.679 0.308 0.278 0.278 0.278 
0.509 0.764 0.791 0.698 0.231 0.222 0.222 0.222 
0.500 0.769 0.708 0.679 0.308 0.278 0.278 0.278 
0.484 0.774 0.734 0.679 0.308 0.333 0.333 0.333 
0.467 0.774 0.816 0.679 0.308 0.222 0.278 0.222 
0.542 0.731 0.845 0.698 0.231 0.167 0.167 0.167 
0.528 0.745 0.775 0.717 0.462 0.500 0.500 0.500 
0.477 0.764 0.680 0.717 0.538 0.444 0.444 0.444 
0.481 0.764 0.757 0.698 0.385 0.333 0.333 0.333 
0.521 0.778 0.834 0.698 0.308 0.222 0.222 0.222 
0.504 0.759 0.721 0.717 0.385 0.333 0.333 0.333 
0.499 0.759 0.677 0.698 0.462 0.333 0.389 0.333 
0.495 0.759 0.920 0.679 0.231 0.167 0.167 0.167 
0.468 0.802 0.875 0.679 0.308 0.222 0.222 0.222 
0.479 0.769 0.778 0.792 0.308 0.333 0.389 0.333 
0.531 0.755 0.768 0.698 0.308 0.222 0.222 0.222 
0.478 0.792 0.859 0.660 0.308 0.222 0.222 0.222 
0.476 0.797 0.820 0.679 0.308 0.222 0.222 0.222 
0.540 0.750 0.844 0.774 0.231 0.167 0.167 0.167 
0.493 0.764 0.727 0.698 0.308 0.222 0.222 0.222 
0.473 0.774 0.730 0.679 0.308 0.222 0.222 0.222 
0.469 0.807 0.687 0.698 0.308 0.222 0.222 0.222 
0.465 0.778 0.743 0.679 0.308 0.222 0.222 0.222 
0.479 0.741 0.759 0.679 0.308 0.222 0.222 0.222 
0.505 0.764 0.790 0.755 0.308 0.222 0.278 0.278 
0.479 0.774 0.882 0.717 0.231 0.167 0.222 0.167 
0.483 0.769 0.868 0.698 0.231 0.167 0.167 0.167 
0.494 0.769 0.761 0.660 0.462 0.389 0.389 0.389 
0.553 0.769 0.859 0.642 0.308 0.278 0.278 0.278 
0.471 0.745 0.837 0.717 0.231 0.167 0.222 0.222 
0.468 0.755 0.737 0.755 0.308 0.222 0.278 0.222 
0.494 0.726 0.741 0.717 0.308 0.278 0.333 0.333 
0.501 0.764 0.966 0.642 0.308 0.222 0.278 0.278 
0.594 0.755 0.967 0.736 0.308 0.278 0.333 0.278 
0.521 0.750 0.801 0.698 0.615 0.500 0.500 0.500 
0.503 0.745 0.688 0.717 0.385 0.333 0.333 0.333 
0.481 0.759 0.774 0.717 0.231 0.222 0.222 0.222 
0.563 0.745 0.902 0.736 0.231 0.278 0.278 0.278 
0.457 0.759 0.693 0.736 0.538 0.444 0.444 0.444 
0.477 0.759 0.736 0.698 0.385 0.389 0.389 0.389 
0.491 0.745 0.832 0.679 0.231 0.167 0.167 0.167 
0.526 0.745 0.686 0.774 0.308 0.278 0.333 0.278 
0.509 0.759 0.719 0.679 0.385 0.333 0.333 0.333 
0.495 0.764 0.865 0.660 0.308 0.333 0.333 0.333 
0.466 0.783 0.788 0.679 0.308 0.278 0.333 0.278 
0.494 0.759 0.740 0.698 0.385 0.389 0.389 0.389 
0.573 0.722 0.977 0.698 0.231 0.278 0.278 0.278 
0.499 0.731 0.927 0.698 0.231 0.278 0.278 0.278 
0.467 0.750 0.807 0.736 0.385 0.333 0.333 0.333 
0.501 0.745 0.906 0.660 0.308 0.333 0.333 0.333 
0.507 0.792 0.923 0.660 0.308 0.222 0.278 0.222 
0.466 0.797 0.827 0.698 0.231 0.167 0.167 0.167 
0.486 0.764 0.829 0.679 0.231 0.167 0.167 0.167 
0.535 0.741 0.937 0.604 0.231 0.167 0.167 0.167 
0.494 0.764 0.782 0.774 0.308 0.278 0.333 0.278 
0.483 0.764 0.773 0.736 0.308 0.278 0.278 0.278 
0.475 0.778 0.945 0.623 0.231 0.167 0.222 0.222 
0.463 0.778 0.789 0.679 0.231 0.167 0.222 0.167 
0.510 0.759 0.779 0.679 0.308 0.222 0.278 0.278 
0.498 0.778 0.807 0.679 0.308 0.222 0.222 0.222 
0.489 0.759 0.749 0.698 0.308 0.222 0.222 0.222 
0.494 0.778 0.643 0.755 0.308 0.222 0.278 0.278 
0.463 0.769 0.745 0.717 0.231 0.222 0.222 0.222 
0.498 0.778 0.737 0.679 0.308 0.278 0.278 0.278 
0.466 0.783 0.704 0.623 0.462 0.444 0.444 0.444 
0.477 0.759 0.805 0.660 0.308 0.278 0.278 0.278 
0.496 0.769 0.815 0.698 0.231 0.222 0.222 0.222 
0.463 0.797 0.671 0.755 0.308 0.222 0.278 0.278 
0.500 0.764 0.991 0.660 0.308 0.222 0.222 0.222 
0.568 0.736 1.032 0.642 0.231 0.167 0.222 0.222 
0.495 0.783 0.813 0.755 0.308 0.278 0.333 0.278 
0.491 0.788 0.726 0.698 0.308 0.278 0.278 0.278 
0.482 0.783 0.911 0.642 0.231 0.167 0.222 0.167 
0.543 0.759 0.984 0.698 0.231 0.167 0.167 0.167 
0.473 0.764 0.796 0.774 0.462 0.444 0.444 0.444 
0.470 0.755 0.740 0.736 0.538 0.444 0.444 0.444 
0.548 0.745 0.811 0.698 0.385 0.278 0.278 0.278 
0.493 0.783 0.928 0.642 0.308 0.222 0.222 0.222 
0.467 0.792 0.911 0.623 0.308 0.222 0.278 0.222 
0.488 0.755 0.849 0.585 0.231 0.167 0.167 0.167 
0.567 0.726 0.853 0.679 0.231 0.167 0.222 0.167 
0.551 0.755 0.942 0.717 0.385 0.333 0.389 0.333 
0.472 0.774 0.783 0.736 0.385 0.389 0.444 0.389 
0.479 0.769 0.862 0.660 0.308 0.222 0.222 0.222 
0.518 0.792 0.919 0.623 0.231 0.167 0.167 0.167 
0.484 0.774 0.805 0.660 0.231 0.167 0.222 0.222 
0.485 0.769 0.866 0.585 0.231 0.222 0.222 0.222 
0.482 0.759 0.982 0.623 0.308 0.278 0.278 0.278 
0.515 0.750 0.887 0.660 0.308 0.278 0.278 0.278 
0.483 0.764 0.905 0.717 0.385 0.389 0.389 0.389 
0.480 0.769 0.822 0.717 0.308 0.278 0.278 0.278 
0.490 0.778 0.754 0.660 0.308 0.222 0.278 0.278 
0.527 0.755 1.099 0.642 0.231 0.167 0.167 0.167 
0.486 0.750 1.104 0.642 0.308 0.222 0.222 0.222 
0.531 0.788 0.944 0.660 0.308 0.222 0.278 0.222 
0.466 0.759 0.711 0.679 0.538 0.444 0.444 0.444 
0.543 0.731 0.880 0.679 0.308 0.222 0.222 0.222 
0.482 0.783 1.013 0.566 0.231 0.167 0.167 0.167 
0.573 0.736 0.803 0.736 0.462 0.389 0.389 0.389 
0.517 0.717 0.715 0.717 0.538 0.556 0.556 0.556 
0.541 0.755 0.779 0.698 0.538 0.444 0.444 0.444 
0.481 0.769 0.788 0.736 0.385 0.278 0.333 0.278 
0.508 0.750 0.771 0.736 0.308 0.222 0.222 0.222 
0.529 0.726 0.848 0.642 0.231 0.167 0.167 0.167 
0.543 0.741 1.043 0.642 0.231 0.222 0.222 0.222 
0.507 0.788 0.789 0.717 0.538 0.444 0.444 0.444 
0.511 0.745 0.724 0.736 0.462 0.444 0.500 0.444 
0.494 0.741 0.858 0.585 0.231 0.167 0.167 0.167 
0.489 0.774 0.940 0.566 0.231 0.167 0.167 0.167 
0.465 0.774 0.860 0.660 0.308 0.278 0.278 0.278 
0.500 0.759 1.025 0.660 0.308 0.278 0.278 0.278 
0.510 0.764 1.012 0.660 0.308 0.222 0.278 0.222 
0.500 0.745 0.906 0.660 0.308 0.222 0.222 0.222 
0.554 0.769 1.151 0.623 0.231 0.167 0.167 0.167 
0.522 0.774 1.015 0.679 0.308 0.222 0.222 0.222 
0.509 0.769 0.868 0.679 0.462 0.389 0.389 0.389 
0.504 0.764 0.847 0.642 0.385 0.333 0.333 0.333 
0.524 0.736 0.769 0.736 0.308 0.278 0.278 0.278 
0.506 0.769 0.760 0.717 0.385 0.278 0.333 0.278 
0.499 0.778 0.848 0.623 0.308 0.222 0.222 0.222 
0.526 0.774 0.918 0.642 0.308 0.222 0.278 0.222 
0.494 0.807 0.823 0.660 0.462 0.389 0.389 0.389 
0.489 0.736 0.924 0.698 0.308 0.278 0.278 0.278 
0.484 0.774 0.928 0.698 0.308 0.222 0.222 0.222 
0.483 0.774 0.824 0.717 0.308 0.222 0.222 0.222 
0.510 0.759 0.872 0.679 0.308 0.222 0.222 0.222 
0.475 0.764 0.743 0.755 0.308 0.222 0.278 0.222 
0.477 0.764 0.810 0.755 0.308 0.278 0.278 0.278 
0.478 0.769 0.861 0.660 0.308 0.222 0.278 0.278 
0.462 0.802 0.785 0.642 0.385 0.333 0.333 0.333 
0.555 0.726 0.754 0.698 0.538 0.444 0.500 0.444 
0.490 0.774 0.918 0.679 0.538 0.444 0.444 0.444 
0.517 0.769 0.904 0.717 0.308 0.333 0.333 0.333 
0.466 0.778 0.757 0.679 0.385 0.333 0.333 0.333 
0.527 0.783 0.858 0.698 0.308 0.222 0.278 0.222 
0.504 0.755 0.952 0.642 0.231 0.167 0.167 0.167 
0.439 0.807 0.787 0.755 0.308 0.222 0.278 0.222 
0.470 0.792 0.764 0.717 0.308 0.222 0.222 0.222 
0.485 0.774 0.849 0.717 0.308 0.222 0.222 0.222 
0.484 0.821 0.907 0.736 0.231 0.167 0.167 0.167 
0.490 0.778 0.845 0.736 0.308 0.222 0.222 0.222 
0.488 0.774 0.767 0.679 0.308 0.222 0.278 0.278 
0.474 0.774 0.762 0.642 0.308 0.278 0.278 0.278 
0.512 0.745 0.825 0.660 0.308 0.278 0.278 0.278 
0.457 0.778 0.776 0.755 0.385 0.389 0.389 0.389 
0.491 0.792 0.896 0.755 0.308 0.222 0.278 0.278 
0.476 0.755 0.837 0.736 0.308 0.222 0.222 0.222 
0.447 0.778 0.864 0.623 0.308 0.222 0.222 0.222 
0.541 0.722 0.960 0.642 0.308 0.278 0.278 0.278 
0.464 0.778 0.819 0.679 0.462 0.389 0.389 0.389 
0.467 0.759 0.823 0.679 0.385 0.389 0.389 0.389 
0.477 0.755 0.788 0.736 0.385 0.389 0.333 0.389 
0.459 0.769 0.742 0.698 0.538 0.500 0.500 0.500 
0.479 0.745 0.827 0.736 0.308 0.278 0.278 0.278 
0.510 0.741 0.899 0.623 0.231 0.222 0.222 0.222 
0.461 0.792 0.780 0.717 0.308 0.278 0.278 0.278 
0.472 0.764 0.772 0.717 0.308 0.278 0.278 0.278 
0.481 0.774 0.867 0.604 0.308 0.278 0.222 0.278 
0.543 0.759 0.861 0.717 0.308 0.389 0.389 0.389 
0.508 0.764 0.836 0.698 0.538 0.444 0.444 0.444 
0.509 0.783 0.769 0.736 0.385 0.389 0.389 0.389 
0.525 0.736 0.755 0.755 0.308 0.333 0.333 0.333 
0.485 0.764 0.785 0.717 0.462 0.444 0.444 0.444 
0.486 0.755 0.787 0.736 0.385 0.333 0.333 0.333 
0.526 0.741 1.061 0.585 0.231 0.167 0.222 0.222 
0.448 0.792 0.819 0.679 0.385 0.333 0.333 0.333 
0.451 0.788 0.718 0.698 0.385 0.389 0.389 0.389 
0.493 0.783 0.767 0.717 0.308 0.222 0.278 0.278 
0.468 0.774 0.838 0.679 0.231 0.167 0.167 0.167 
0.487 0.764 0.877 0.642 0.231 0.167 0.167 0.167 
0.460 0.769 0.759 0.679 0.308 0.278 0.278 0.278 
0.493 0.774 0.784 0.698 0.308 0.278 0.278 0.278 
0.504 0.769 1.070 0.547 0.231 0.222 0.222 0.222 
0.469 0.764 0.895 0.642 0.308 0.278 0.278 0.278 
0.477 0.778 0.786 0.698 0.308 0.278 0.278 0.278 
0.526 0.755 1.025 0.623 0.308 0.278 0.278 0.278 
0.503 0.764 0.970 0.717 0.308 0.278 0.333 0.278 
0.464 0.788 0.793 0.698 0.538 0.444 0.444 0.444 
0.562 0.736 0.907 0.660 0.385 0.389 0.389 0.389 
0.454 0.764 0.887 0.660 0.308 0.278 0.278 0.278 
0.473 0.774 0.923 0.660 0.308 0.278 0.278 0.278 
0.486 0.774 0.750 0.717 0.538 0.444 0.444 0.444 
0.551 0.731 0.917 0.679 0.308 0.278 0.278 0.278 
0.504 0.731 0.931 0.660 0.231 0.222 0.222 0.222 
0.562 0.774 0.802 0.736 0.308 0.278 0.278 0.278 
0.484 0.741 0.731 0.679 0.462 0.389 0.389 0.389 
0.499 0.750 0.774 0.623 0.385 0.333 0.333 0.333 
0.483 0.769 0.661 0.736 0.385 0.333 0.333 0.333 
0.505 0.788 0.749 0.736 0.308 0.278 0.278 0.278 
0.508 0.769 0.817 0.642 0.308 0.278 0.278 0.278 
0.483 0.778 0.820 0.698 0.308 0.278 0.278 0.278 
0.482 0.769 0.941 0.679 0.308 0.278 0.222 0.222 
0.483 0.797 0.847 0.623 0.308 0.278 0.278 0.278 
0.507 0.750 0.859 0.679 0.308 0.278 0.278 0.278 
0.453 0.769 0.796 0.679 0.385 0.333 0.333 0.333 
0.497 0.745 0.978 0.660 0.308 0.278 0.278 0.278 
0.486 0.769 0.937 0.679 0.308 0.278 0.278 0.278 
0.487 0.759 0.784 0.698 0.385 0.333 0.333 0.333 
0.515 0.759 0.702 0.736 0.308 0.278 0.278 0.278 
0.532 0.741 0.682 0.736 0.308 0.278 0.278 0.278 
0.472 0.755 0.724 0.679 0.308 0.333 0.333 0.333 
0.464 0.769 0.802 0.679 0.308 0.278 0.278 0.278 
0.479 0.783 0.822 0.698 0.308 0.278 0.278 0.278 
0.461 0.788 0.867 0.698 0.308 0.278 0.278 0.278 
0.495 0.755 0.873 0.698 0.308 0.278 0.278 0.278 
0.494 0.792 0.766 0.679 0.385 0.333 0.333 0.333 
0.465 0.783 0.762 0.660 0.308 0.333 0.333 0.333 
0.523 0.764 0.901 0.566 0.308 0.278 0.278 0.278 
0.479 0.741 0.711 0.698 0.308 0.278 0.278 0.278 
0.477 0.774 0.685 0.679 0.385 0.333 0.333 0.333 
0.488 0.769 0.901 0.604 0.308 0.333 0.333 0.333 
0.466 0.783 0.940 0.604 0.308 0.278 0.278 0.278 
0.464 0.755 0.850 0.698 0.308 0.278 0.278 0.278 
0.542 0.741 0.790 0.679 0.308 0.278 0.333 0.333 
0.476 0.769 0.666 0.736 0.308 0.333 0.333 0.333 
0.471 0.769 0.753 0.698 0.308 0.278 0.278 0.278 
0.495 0.759 0.784 0.642 0.308 0.333 0.333 0.333 
0.450 0.802 0.743 0.679 0.385 0.333 0.333 0.333 
0.483 0.778 0.779 0.642 0.385 0.333 0.333 0.333 
0.506 0.745 0.778 0.660 0.385 0.333 0.333 0.333 
0.497 0.769 0.810 0.642 0.385 0.333 0.333 0.333 
0.470 0.788 0.767 0.679 0.308 0.333 0.333 0.333 
0.467 0.769 0.759 0.679 0.308 0.333 0.333 0.333 
0.458 0.783 0.711 0.717 0.385 0.333 0.333 0.333 
0.498 0.759 0.846 0.717 0.308 0.278 0.278 0.278 
0.452 0.769 0.833 0.698 0.308 0.278 0.278 0.278 
0.466 0.741 0.801 0.717 0.385 0.389 0.389 0.389 
0.478 0.764 0.807 0.717 0.308 0.333 0.333 0.333 
0.527 0.745 0.811 0.585 0.308 0.333 0.333 0.333 
0.495 0.764 0.690 0.717 0.385 0.333 0.333 0.333 
0.516 0.755 0.671 0.736 0.462 0.444 0.444 0.389 
0.535 0.750 0.842 0.623 0.231 0.222 0.222 0.222 
0.499 0.774 0.807 0.623 0.231 0.222 0.222 0.222 
0.464 0.778 0.701 0.717 0.385 0.333 0.333 0.333 
0.532 0.741 0.831 0.623 0.308 0.278 0.278 0.278 
0.442 0.802 0.805 0.642 0.308 0.278 0.278 0.278 
0.483 0.774 0.737 0.679 0.308 0.278 0.278 0.278 
0.497 0.778 0.675 0.679 0.385 0.333 0.333 0.333 
0.513 0.755 0.832 0.660 0.308 0.278 0.278 0.278 
0.467 0.745 0.834 0.698 0.308 0.278 0.333 0.333 
0.442 0.792 0.766 0.660 0.462 0.389 0.389 0.389 
0.478 0.774 0.739 0.698 0.308 0.278 0.278 0.278 
0.519 0.731 0.938 0.604 0.231 0.222 0.222 0.222 
0.453 0.774 0.909 0.642 0.308 0.278 0.278 0.278 
0.443 0.759 0.817 0.736 0.308 0.278 0.333 0.333 
0.490 0.750 0.815 0.698 0.308 0.278 0.278 0.278 
0.487 0.774 0.807 0.660 0.308 0.278 0.278 0.278 
0.492 0.755 0.846 0.698 0.308 0.333 0.389 0.333 
0.487 0.783 0.761 0.660 0.462 0.389 0.389 0.389 
0.479 0.750 0.859 0.679 0.385 0.389 0.389 0.389 
0.509 0.741 0.870 0.660 0.308 0.333 0.333 0.333 
0.463 0.792 0.687 0.679 0.462 0.389 0.389 0.389 
0.480 0.774 0.725 0.642 0.308 0.333 0.333 0.333 
0.500 0.750 0.773 0.679 0.308 0.333 0.333 0.333 
0.477 0.774 0.748 0.736 0.308 0.333 0.333 0.333 
0.462 0.769 0.778 0.736 0.308 0.278 0.278 0.278 
0.474 0.797 0.771 0.660 0.308 0.278 0.278 0.278 
0.479 0.759 0.731 0.679 0.308 0.278 0.278 0.278 
0.608 0.670 0.896 0.604 0.231 0.222 0.222 0.222 
0.464 0.774 0.699 0.717 0.462 0.389 0.444 0.389 
0.479 0.750 0.687 0.736 0.385 0.333 0.333 0.333 
0.481 0.774 0.953 0.585 0.231 0.222 0.222 0.222 
0.479 0.783 0.832 0.642 0.231 0.222 0.222 0.222 
0.481 0.797 0.751 0.736 0.385 0.333 0.333 0.333 
0.495 0.774 0.822 0.623 0.308 0.278 0.278 0.278 
0.482 0.788 0.795 0.660 0.308 0.278 0.278 0.278 
0.463 0.783 0.733 0.679 0.385 0.333 0.333 0.333 
0.469 0.759 0.833 0.604 0.385 0.333 0.333 0.333 
0.492 0.726 0.949 0.547 0.308 0.278 0.278 0.278 
0.519 0.774 0.873 0.660 0.385 0.389 0.389 0.389 
0.459 0.774 0.777 0.717 0.462 0.444 0.444 0.444 
0.451 0.778 0.766 0.698 0.308 0.333 0.333 0.333 
0.463 0.788 0.865 0.642 0.308 0.278 0.278 0.278 
0.466 0.764 0.794 0.736 0.308 0.333 0.333 0.333 
0.470 0.759 0.773 0.736 0.308 0.278 0.278 0.278 
0.475 0.769 0.734 0.660 0.308 0.278 0.278 0.278 
0.450 0.759 0.709 0.660 0.308 0.278 0.278 0.278 
0.481 0.769 0.826 0.604 0.308 0.278 0.278 0.278 
0.512 0.712 0.845 0.642 0.231 0.222 0.222 0.222 
0.462 0.778 0.792 0.698 0.308 0.333 0.333 0.333 
0.518 0.769 0.986 0.585 0.231 0.222 0.222 0.222 
0.485 0.759 0.840 0.717 0.308 0.333 0.333 0.333 
0.466 0.783 0.687 0.717 0.385 0.333 0.333 0.333 
0.475 0.755 0.733 0.660 0.385 0.333 0.333 0.333 
0.523 0.755 0.929 0.604 0.308 0.278 0.278 0.278 
0.509 0.783 0.911 0.604 0.385 0.333 0.333 0.333 
0.468 0.774 0.767 0.660 0.385 0.333 0.333 0.333 
0.460 0.769 0.784 0.660 0.308 0.278 0.278 0.278 
0.526 0.731 0.958 0.585 0.231 0.222 0.222 0.222 
0.461 0.755 0.886 0.679 0.308 0.278 0.278 0.278 
0.457 0.769 0.881 0.642 0.385 0.333 0.333 0.333 
0.490 0.774 0.678 0.717 0.462 0.444 0.444 0.444 
0.449 0.759 0.679 0.736 0.308 0.278 0.278 0.278 
0.462 0.759 0.805 0.717 0.308 0.278 0.278 0.278 
0.447 0.783 0.849 0.698 0.308 0.278 0.278 0.278 
0.456 0.783 0.849 0.698 0.308 0.278 0.278 0.278 
0.451 0.783 0.707 0.679 0.385 0.333 0.333 0.333 
0.427 0.783 0.822 0.566 0.308 0.278 0.278 0.278 
0.449 0.774 0.954 0.585 0.231 0.222 0.222 0.222 
0.445 0.778 0.805 0.698 0.308 0.278 0.278 0.278 
0.425 0.792 0.869 0.698 0.308 0.278 0.278 0.278 
0.437 0.807 0.867 0.642 0.308 0.278 0.278 0.278 
0.475 0.764 0.939 0.660 0.308 0.278 0.278 0.278 
0.433 0.792 0.919 0.679 0.308 0.278 0.278 0.278 
0.444 0.774 0.857 0.698 0.308 0.333 0.333 0.333 
0.463 0.783 0.762 0.679 0.308 0.333 0.333 0.333 
0.460 0.755 0.811 0.547 0.308 0.278 0.278 0.278 
0.460 0.783 0.792 0.679 0.308 0.278 0.278 0.278 
0.471 0.811 0.800 0.698 0.308 0.278 0.278 0.278 
0.447 0.792 0.769 0.642 0.308 0.278 0.278 0.278 
0.508 0.755 0.843 0.604 0.308 0.278 0.278 0.278 
0.450 0.807 0.900 0.509 0.231 0.222 0.222 0.222 
0.446 0.788 0.838 0.585 0.308 0.278 0.278 0.278 
0.485 0.750 0.725 0.679 0.385 0.389 0.389 0.389 
0.493 0.736 0.711 0.717 0.385 0.389 0.389 0.389 
0.443 0.774 0.776 0.717 0.308 0.278 0.333 0.278 
0.441 0.783 0.775 0.660 0.308 0.278 0.278 0.278 
0.484 0.774 0.769 0.623 0.308 0.278 0.278 0.278 
0.422 0.792 0.735 0.642 0.308 0.278 0.278 0.278 
0.442 0.759 0.799 0.604 0.308 0.278 0.278 0.278 
0.446 0.788 0.813 0.623 0.308 0.278 0.278 0.278 
0.421 0.764 0.772 0.660 0.308 0.278 0.278 0.278 
0.465 0.750 1.032 0.604 0.308 0.278 0.278 0.278 
0.461 0.774 0.929 0.623 0.385 0.333 0.333 0.333 
0.474 0.764 0.768 0.642 0.385 0.333 0.333 0.333 
0.446 0.778 0.652 0.698 0.385 0.333 0.333 0.333 
0.468 0.745 0.792 0.604 0.308 0.278 0.278 0.278 
0.505 0.750 0.797 0.698 0.308 0.278 0.278 0.278 
0.459 0.778 0.701 0.679 0.385 0.333 0.333 0.333 
0.469 0.778 0.739 0.679 0.308 0.278 0.278 0.278 
0.585 0.726 0.730 0.698 0.308 0.278 0.278 0.278 
0.497 0.788 0.777 0.717 0.385 0.389 0.389 0.389 
0.479 0.788 0.706 0.660 0.308 0.278 0.278 0.278 
0.476 0.726 0.752 0.642 0.308 0.278 0.278 0.278 
0.448 0.802 0.814 0.679 0.308 0.278 0.333 0.278 
0.459 0.769 0.882 0.604 0.308 0.278 0.278 0.278 
0.422 0.797 0.867 0.604 0.385 0.333 0.333 0.333 
0.457 0.783 0.789 0.660 0.385 0.333 0.333 0.333 
0.481 0.755 0.751 0.698 0.385 0.333 0.389 0.333 
0.432 0.797 0.712 0.660 0.462 0.444 0.444 0.389 
0.429 0.792 0.764 0.623 0.308 0.278 0.278 0.278 
0.459 0.774 0.713 0.642 0.308 0.278 0.278 0.278 
0.469 0.778 0.828 0.623 0.308 0.278 0.278 0.278 
0.523 0.731 0.958 0.642 0.308 0.278 0.278 0.278 
0.456 0.759 0.809 0.679 0.385 0.389 0.389 0.389 
0.479 0.731 0.771 0.679 0.385 0.333 0.389 0.333 
0.450 0.764 0.772 0.698 0.385 0.333 0.333 0.333 
0.477 0.769 0.833 0.642 0.308 0.333 0.333 0.333 
0.496 0.750 0.826 0.660 0.385 0.333 0.333 0.333 
0.446 0.764 0.813 0.642 0.385 0.333 0.333 0.333 
0.466 0.788 0.824 0.679 0.385 0.333 0.333 0.333 
0.461 0.764 0.744 0.717 0.385 0.389 0.389 0.389 
0.458 0.778 0.828 0.566 0.385 0.333 0.333 0.333 
0.479 0.755 0.707 0.679 0.462 0.389 0.389 0.389 
0.490 0.736 0.806 0.642 0.538 0.444 0.444 0.444 
0.431 0.788 0.746 0.679 0.308 0.333 0.333 0.333 
0.438 0.792 0.861 0.604 0.308 0.333 0.333 0.333 
0.474 0.759 0.822 0.642 0.385 0.333 0.389 0.333 
0.434 0.802 0.744 0.660 0.385 0.333 0.333 0.333 
0.465 0.792 0.802 0.604 0.308 0.278 0.278 0.278 
0.406 0.811 0.912 0.585 0.308 0.278 0.278 0.278 
0.455 0.797 0.905 0.623 0.308 0.278 0.278 0.278 
0.433 0.811 0.786 0.660 0.308 0.278 0.278 0.278 
0.479 0.750 0.922 0.604 0.308 0.278 0.278 0.278 
0.461 0.778 0.856 0.679 0.308 0.278 0.278 0.278 
0.433 0.797 0.771 0.698 0.308 0.333 0.333 0.333 
0.432 0.759 0.742 0.642 0.308 0.278 0.278 0.278 
0.444 0.802 0.846 0.585 0.308 0.278 0.278 0.278 
0.455 0.769 0.929 0.642 0.231 0.222 0.222 0.222 
0.480 0.755 0.881 0.660 0.308 0.278 0.333 0.278 
0.468 0.774 0.892 0.604 0.231 0.222 0.222 0.222 
0.450 0.797 0.858 0.604 0.308 0.278 0.278 0.278 
0.457 0.759 0.799 0.698 0.385 0.389 0.389 0.389 
0.492 0.774 0.796 0.698 0.385 0.389 0.389 0.333 
0.484 0.764 0.779 0.566 0.231 0.222 0.222 0.222 
0.478 0.778 0.658 0.698 0.385 0.333 0.333 0.333 
0.483 0.778 0.882 0.679 0.462 0.389 0.389 0.389 
0.505 0.769 0.941 0.642 0.308 0.278 0.278 0.278 
0.461 0.774 0.809 0.604 0.308 0.278 0.278 0.278 
0.471 0.764 0.693 0.660 0.385 0.333 0.333 0.333 
0.547 0.745 1.207 0.623 0.231 0.222 0.222 0.222 
0.523 0.731 1.172 0.642 0.308 0.278 0.278 0.278 
0.449 0.778 0.815 0.660 0.538 0.444 0.444 0.444 
0.477 0.755 0.762 0.717 0.385 0.333 0.333 0.333 
0.554 0.712 1.058 0.623 0.231 0.222 0.222 0.222 
0.453 0.774 1.068 0.585 0.231 0.222 0.222 0.222 
0.470 0.783 0.865 0.698 0.385 0.333 0.333 0.333 
0.470 0.750 0.743 0.698 0.385 0.333 0.333 0.333 
0.551 0.755 0.860 0.679 0.308 0.278 0.278 0.278 
0.486 0.783 0.803 0.698 0.385 0.389 0.389 0.389 
0.460 0.783 0.787 0.679 0.385 0.389 0.389 0.389 
0.491 0.774 0.968 0.566 0.385 0.333 0.333 0.333 
0.479 0.755 0.840 0.698 0.385 0.389 0.389 0.333 
0.452 0.764 0.702 0.660 0.385 0.333 0.333 0.333 
0.471 0.755 0.876 0.585 0.308 0.278 0.278 0.278 
0.467 0.797 0.940 0.623 0.308 0.278 0.278 0.278 
0.474 0.774 0.923 0.623 0.308 0.278 0.278 0.278 
0.440 0.788 0.938 0.566 0.231 0.222 0.222 0.222 
0.519 0.764 0.928 0.604 0.231 0.222 0.222 0.222 
0.470 0.769 0.796 0.717 0.308 0.333 0.333 0.333 
0.443 0.778 0.812 0.642 0.308 0.278 0.278 0.278 
0.437 0.788 0.853 0.604 0.308 0.278 0.278 0.278 
0.431 0.802 0.804 0.604 0.308 0.278 0.278 0.278 
0.474 0.778 0.846 0.660 0.231 0.222 0.222 0.222 
0.451 0.774 0.829 0.585 0.231 0.222 0.222 0.222 
0.457 0.764 0.892 0.585 0.231 0.222 0.222 0.222 
0.432 0.755 0.817 0.679 0.308 0.333 0.333 0.333 
0.434 0.764 0.854 0.642 0.231 0.278 0.278 0.278 
0.460 0.783 0.808 0.660 0.308 0.333 0.389 0.333 
0.447 0.769 0.855 0.623 0.308 0.278 0.333 0.278 
0.447 0.807 0.732 0.698 0.308 0.278 0.333 0.278 
0.469 0.774 0.750 0.642 0.231 0.222 0.222 0.222 
0.452 0.759 0.833 0.585 0.231 0.222 0.222 0.222 
0.455 0.759 0.913 0.585 0.231 0.222 0.222 0.222 
0.426 0.778 0.812 0.679 0.308 0.333 0.333 0.333 
0.463 0.769 0.845 0.698 0.308 0.333 0.333 0.333 
0.477 0.769 0.770 0.660 0.308 0.278 0.333 0.278 
0.463 0.797 0.769 0.642 0.308 0.278 0.278 0.278 
0.476 0.778 0.828 0.623 0.308 0.278 0.278 0.278 
0.438 0.774 0.766 0.698 0.308 0.278 0.333 0.278 
0.432 0.774 0.775 0.717 0.308 0.278 0.333 0.278 
0.484 0.769 0.839 0.623 0.231 0.222 0.222 0.222 
0.422 0.802 0.815 0.604 0.231 0.222 0.222 0.222 
0.424 0.792 0.866 0.623 0.231 0.222 0.222 0.222 
0.437 0.792 0.809 0.642 0.231 0.222 0.222 0.222 
0.425 0.774 0.819 0.604 0.231 0.222 0.222 0.222 
0.420 0.769 0.806 0.623 0.231 0.222 0.222 0.222 
0.478 0.750 0.851 0.566 0.231 0.222 0.222 0.222 
0.454 0.792 0.908 0.566 0.231 0.222 0.222 0.222 
0.453 0.774 0.831 0.698 0.308 0.278 0.278 0.278 
0.488 0.788 0.826 0.698 0.308 0.278 0.278 0.278 
0.441 0.797 0.724 0.660 0.231 0.222 0.222 0.222 
0.437 0.774 0.771 0.604 0.231 0.222 0.222 0.222 
0.491 0.731 1.018 0.604 0.231 0.222 0.222 0.222 
0.425 0.778 0.890 0.698 0.231 0.278 0.278 0.278 
0.436 0.783 0.837 0.660 0.308 0.333 0.333 0.333 
0.399 0.797 0.873 0.566 0.231 0.222 0.222 0.222 
0.456 0.769 0.979 0.604 0.231 0.222 0.222 0.222 
0.483 0.741 1.007 0.585 0.308 0.278 0.278 0.278 
0.444 0.759 0.858 0.642 0.462 0.389 0.389 0.389 
0.459 0.769 0.738 0.698 0.385 0.389 0.389 0.389 
0.629 0.750 0.916 0.736 0.385 0.333 0.333 0.333 
0.477 0.807 0.929 0.679 0.308 0.278 0.278 0.278 
0.465 0.802 0.882 0.717 0.308 0.333 0.333 0.333 
0.442 0.797 0.764 0.623 0.308 0.278 0.278 0.278 
0.585 0.731 1.121 0.642 0.231 0.278 0.278 0.278 
0.443 0.802 1.147 0.604 0.385 0.333 0.333 0.333 
0.488 0.788 1.027 0.623 0.231 0.222 0.278 0.222 
0.506 0.769 0.833 0.660 0.308 0.278 0.333 0.278 
0.445 0.788 0.820 0.736 0.308 0.333 0.333 0.333 
0.437 0.807 0.878 0.698 0.231 0.278 0.278 0.222 
0.489 0.755 0.816 0.566 0.231 0.222 0.222 0.222 
0.425 0.778 0.650 0.679 0.462 0.389 0.444 0.389 
0.442 0.783 0.737 0.698 0.308 0.278 0.333 0.278 
0.524 0.755 0.798 0.660 0.308 0.278 0.333 0.278 
0.436 0.797 0.708 0.679 0.308 0.333 0.333 0.333 
0.417 0.807 0.643 0.679 0.308 0.278 0.333 0.278 
0.478 0.750 0.744 0.623 0.231 0.222 0.278 0.222 
0.478 0.769 0.825 0.642 0.231 0.222 0.278 0.222 
0.468 0.755 0.830 0.698 0.385 0.333 0.333 0.333 
0.438 0.811 0.762 0.698 0.462 0.389 0.389 0.389 
0.442 0.792 0.689 0.642 0.308 0.278 0.278 0.278 
0.449 0.797 0.783 0.660 0.231 0.222 0.222 0.222 
0.452 0.764 0.919 0.623 0.308 0.278 0.278 0.278 
0.458 0.764 0.879 0.679 0.308 0.278 0.278 0.278 
0.482 0.755 0.783 0.698 0.308 0.278 0.333 0.278 
0.448 0.755 0.711 0.642 0.308 0.278 0.333 0.278 
0.465 0.764 0.765 0.679 0.231 0.278 0.278 0.278 
0.460 0.764 0.735 0.604 0.385 0.389 0.389 0.389 
0.413 0.788 0.720 0.660 0.385 0.389 0.389 0.389 
0.493 0.769 0.787 0.660 0.308 0.278 0.278 0.278 
0.450 0.778 0.732 0.698 0.231 0.222 0.222 0.222 
0.447 0.792 0.725 0.698 0.231 0.222 0.222 0.222 
0.436 0.788 0.769 0.585 0.231 0.222 0.222 0.222 
0.450 0.778 0.793 0.604 0.231 0.222 0.222 0.222 
0.479 0.759 0.785 0.698 0.231 0.278 0.278 0.278 
0.431 0.783 0.738 0.698 0.308 0.278 0.333 0.278 
0.467 0.797 0.723 0.642 0.231 0.222 0.222 0.222 
0.434 0.778 0.724 0.642 0.308 0.278 0.278 0.278 
0.446 0.788 0.733 0.698 0.308 0.222 0.278 0.222 
0.439 0.802 0.745 0.698 0.231 0.278 0.278 0.278 
0.416 0.783 0.770 0.660 0.231 0.278 0.278 0.222 
0.450 0.778 0.781 0.660 0.385 0.333 0.333 0.333 
0.467 0.764 0.706 0.698 0.308 0.333 0.333 0.333 
0.464 0.745 0.747 0.585 0.308 0.278 0.278 0.278 
0.474 0.764 0.731 0.679 0.308 0.333 0.333 0.333 
0.437 0.783 0.679 0.717 0.385 0.333 0.333 0.333 
0.457 0.797 0.718 0.698 0.231 0.278 0.278 0.278 
0.441 0.802 0.794 0.585 0.231 0.222 0.222 0.222 
0.410 0.802 0.757 0.642 0.231 0.222 0.222 0.222 
0.447 0.764 0.820 0.642 0.231 0.222 0.222 0.222 
0.452 0.778 0.823 0.566 0.308 0.278 0.278 0.278 
0.430 0.778 0.712 0.660 0.308 0.278 0.278 0.278 
0.425 0.802 0.730 0.660 0.308 0.278 0.278 0.278 
0.438 0.788 0.811 0.585 0.231 0.222 0.222 0.222 
0.469 0.769 0.757 0.585 0.231 0.222 0.222 0.222 
0.461 0.755 0.669 0.660 0.308 0.278 0.278 0.278 
0.428 0.792 0.776 0.660 0.308 0.278 0.278 0.278 
0.479 0.741 0.863 0.642 0.231 0.222 0.222 0.222 
0.437 0.745 0.760 0.698 0.385 0.333 0.333 0.333 
0.431 0.807 0.744 0.660 0.462 0.389 0.389 0.389 
0.471 0.764 0.813 0.642 0.231 0.222 0.278 0.222 
0.443 0.778 0.713 0.660 0.231 0.278 0.278 0.278 
0.554 0.769 0.907 0.623 0.231 0.278 0.278 0.278 
0.418 0.802 0.853 0.585 0.231 0.222 0.222 0.222 
0.439 0.788 0.754 0.698 0.308 0.278 0.278 0.278 
0.442 0.778 0.657 0.717 0.308 0.333 0.333 0.333 
0.450 0.783 0.711 0.604 0.231 0.222 0.222 0.222 
0.443 0.797 0.875 0.585 0.231 0.222 0.222 0.222 
0.457 0.769 0.888 0.679 0.308 0.278 0.278 0.278 
0.475 0.741 0.816 0.698 0.308 0.333 0.333 0.333 
0.441 0.778 0.899 0.604 0.231 0.222 0.222 0.222 
0.436 0.792 0.776 0.642 0.231 0.222 0.222 0.222 
0.448 0.802 0.722 0.736 0.308 0.278 0.333 0.278 
0.465 0.755 0.876 0.604 0.231 0.222 0.222 0.222 
0.453 0.797 0.837 0.623 0.231 0.222 0.222 0.222 
0.415 0.807 0.759 0.698 0.385 0.333 0.333 0.333 
0.465 0.759 0.776 0.717 0.231 0.278 0.278 0.278 
0.525 0.755 0.737 0.585 0.231 0.222 0.222 0.222 
0.421 0.769 0.739 0.698 0.308 0.278 0.278 0.278 
0.462 0.778 0.944 0.642 0.231 0.278 0.278 0.278 
0.407 0.802 0.955 0.585 0.231 0.222 0.222 0.222 
0.477 0.783 0.778 0.623 0.231 0.222 0.222 0.222 
0.450 0.764 0.641 0.755 0.308 0.333 0.333 0.333 
0.487 0.764 0.985 0.623 0.231 0.222 0.222 0.222 
0.524 0.759 0.933 0.566 0.231 0.222 0.222 0.222 
0.398 0.821 0.660 0.698 0.308 0.278 0.278 0.278 
0.420 0.788 0.700 0.660 0.231 0.222 0.222 0.222 
0.477 0.774 0.886 0.547 0.231 0.222 0.222 0.222 
0.413 0.835 0.714 0.642 0.308 0.278 0.333 0.278 
0.438 0.774 0.641 0.679 0.385 0.444 0.444 0.444 
0.465 0.755 0.845 0.623 0.231 0.222 0.278 0.222 
0.464 0.764 0.989 0.585 0.231 0.222 0.222 0.222 
0.427 0.802 0.778 0.660 0.231 0.278 0.278 0.278 
0.453 0.783 0.703 0.698 0.308 0.278 0.333 0.278 
0.460 0.797 0.788 0.660 0.231 0.222 0.222 0.222 
0.486 0.755 0.920 0.623 0.231 0.278 0.278 0.278 
0.423 0.788 0.738 0.604 0.308 0.278 0.278 0.278 
0.438 0.792 0.869 0.585 0.231 0.278 0.278 0.278 
0.488 0.783 0.788 0.642 0.231 0.278 0.278 0.278 
0.449 0.774 0.668 0.660 0.308 0.333 0.333 0.333 
0.453 0.797 0.688 0.679 0.308 0.278 0.333 0.278 
0.436 0.788 0.749 0.585 0.231 0.222 0.222 0.222 
0.400 0.816 0.849 0.566 0.231 0.222 0.222 0.222 
0.434 0.778 0.833 0.623 0.308 0.278 0.278 0.278 
0.403 0.807 0.824 0.642 0.231 0.222 0.222 0.222 
0.435 0.802 0.887 0.585 0.231 0.222 0.222 0.222 
0.406 0.797 0.863 0.585 0.231 0.222 0.222 0.222 
0.443 0.802 0.958 0.604 0.231 0.222 0.222 0.222 
0.461 0.778 0.921 0.623 0.231 0.222 0.222 0.222 
0.452 0.788 0.767 0.642 0.231 0.222 0.278 0.222 
0.424 0.774 0.726 0.642 0.231 0.278 0.278 0.278 
0.449 0.783 0.857 0.642 0.231 0.278 0.278 0.278 
0.493 0.764 0.884 0.642 0.308 0.278 0.278 0.278 
0.410 0.788 0.725 0.660 0.308 0.333 0.333 0.333 
0.446 0.774 0.809 0.660 0.231 0.222 0.222 0.222 
0.437 0.807 0.726 0.604 0.231 0.222 0.222 0.222 
0.459 0.774 0.696 0.660 0.231 0.278 0.278 0.278 
0.434 0.783 0.729 0.679 0.231 0.278 0.278 0.278 
0.418 0.783 0.673 0.623 0.308 0.278 0.278 0.278 
0.413 0.797 0.650 0.679 0.308 0.278 0.278 0.278 
0.443 0.788 0.739 0.604 0.231 0.222 0.222 0.222 
0.468 0.774 0.848 0.660 0.231 0.222 0.222 0.222 
0.495 0.769 0.753 0.642 0.231 0.222 0.222 0.222 
0.418 0.802 0.651 0.679 0.308 0.278 0.278 0.278 
0.445 0.783 0.693 0.660 0.231 0.278 0.278 0.278 
0.466 0.778 0.817 0.604 0.385 0.333 0.333 0.333 
0.500 0.774 0.734 0.623 0.231 0.278 0.278 0.222 
0.401 0.807 0.737 0.642 0.308 0.278 0.278 0.278 
0.444 0.792 0.668 0.679 0.308 0.333 0.333 0.333 
0.459 0.774 0.747 0.679 0.231 0.278 0.278 0.222 
0.427 0.802 0.790 0.604 0.231 0.222 0.222 0.222 
0.483 0.759 0.691 0.642 0.231 0.222 0.222 0.222 
0.430 0.778 0.774 0.679 0.308 0.333 0.333 0.333 
0.429 0.783 0.828 0.604 0.231 0.222 0.222 0.222 
0.489 0.741 0.711 0.623 0.231 0.222 0.278 0.222 
0.422 0.802 0.804 0.623 0.308 0.278 0.278 0.278 
0.458 0.755 0.992 0.604 0.231 0.278 0.278 0.278 
0.431 0.759 0.880 0.623 0.231 0.278 0.278 0.278 
0.427 0.788 0.724 0.642 0.308 0.333 0.333 0.278 
0.442 0.788 0.727 0.623 0.308 0.278 0.333 0.278 
0.457 0.774 0.865 0.585 0.231 0.222 0.222 0.222 
0.441 0.769 0.886 0.642 0.231 0.278 0.278 0.278 
0.427 0.802 0.738 0.604 0.308 0.278 0.278 0.278 
0.406 0.792 0.878 0.585 0.231 0.222 0.222 0.222 
0.450 0.802 0.905 0.585 0.231 0.222 0.222 0.222 
0.519 0.741 0.929 0.642 0.308 0.278 0.333 0.278 
0.454 0.774 0.787 0.717 0.308 0.333 0.333 0.333 
0.478 0.792 0.803 0.642 0.308 0.278 0.278 0.278 
0.476 0.774 0.704 0.679 0.231 0.278 0.278 0.278 
0.441 0.778 0.764 0.623 0.308 0.278 0.278 0.278 
0.501 0.788 0.952 0.585 0.231 0.222 0.222 0.222 
0.451 0.769 0.804 0.642 0.308 0.222 0.278 0.222 
0.472 0.783 0.733 0.717 0.308 0.278 0.278 0.278 
0.564 0.745 1.196 0.660 0.308 0.278 0.278 0.278 
0.455 0.788 1.049 0.604 0.231 0.222 0.222 0.222 
0.432 0.797 0.790 0.642 0.308 0.278 0.278 0.278 
0.463 0.764 0.776 0.660 0.308 0.278 0.333 0.278 
0.497 0.745 1.141 0.604 0.231 0.222 0.222 0.222 
0.483 0.769 0.914 0.679 0.231 0.278 0.278 0.278 
0.454 0.788 0.766 0.679 0.308 0.278 0.333 0.278 
0.462 0.788 0.736 0.623 0.308 0.278 0.278 0.278 
0.489 0.769 1.015 0.604 0.231 0.222 0.222 0.222 
0.497 0.755 1.029 0.585 0.231 0.222 0.222 0.222 
0.448 0.783 0.814 0.717 0.308 0.278 0.333 0.278 
0.456 0.750 0.716 0.679 0.308 0.278 0.278 0.278 
0.477 0.764 0.766 0.679 0.308 0.333 0.333 0.333 
0.475 0.802 0.787 0.623 0.231 0.278 0.278 0.278 
0.444 0.797 0.731 0.604 0.231 0.222 0.278 0.222 
0.452 0.778 0.716 0.623 0.308 0.278 0.333 0.278 
0.458 0.792 0.853 0.660 0.308 0.278 0.278 0.278 
0.473 0.816 0.937 0.642 0.385 0.333 0.333 0.333 
0.469 0.778 0.904 0.604 0.231 0.278 0.278 0.278 
0.476 0.764 0.803 0.679 0.308 0.333 0.333 0.333 
0.434 0.778 0.771 0.698 0.385 0.333 0.333 0.333 
0.444 0.778 1.096 0.604 0.231 0.222 0.222 0.222 
0.499 0.778 1.095 0.585 0.231 0.222 0.222 0.222 
0.449 0.807 0.794 0.698 0.308 0.333 0.333 0.333 
0.466 0.783 0.768 0.717 0.308 0.333 0.333 0.333 
0.525 0.745 1.289 0.566 0.231 0.222 0.278 0.222 
0.504 0.802 1.153 0.623 0.308 0.278 0.278 0.278 
0.415 0.797 0.833 0.679 0.308 0.278 0.278 0.278 
0.487 0.778 0.801 0.660 0.231 0.278 0.278 0.278 
0.429 0.769 0.817 0.604 0.231 0.222 0.222 0.222 
0.481 0.778 0.836 0.660 0.308 0.278 0.278 0.278 
0.490 0.774 0.836 0.660 0.385 0.333 0.333 0.333 
0.475 0.759 0.718 0.623 0.308 0.278 0.278 0.278 
0.395 0.807 0.717 0.698 0.308 0.278 0.278 0.278 
0.446 0.788 0.741 0.679 0.385 0.333 0.333 0.333 
0.453 0.783 0.783 0.604 0.385 0.333 0.333 0.333 
0.428 0.797 0.717 0.623 0.231 0.222 0.278 0.222 
0.440 0.792 0.784 0.585 0.231 0.222 0.222 0.222 
0.448 0.774 0.794 0.604 0.231 0.222 0.222 0.222 
0.416 0.788 0.680 0.679 0.308 0.333 0.333 0.333 
0.456 0.783 0.774 0.623 0.231 0.222 0.278 0.222 
0.402 0.807 0.786 0.585 0.231 0.222 0.222 0.222 
0.447 0.774 0.836 0.604 0.231 0.278 0.278 0.222 
0.432 0.774 0.736 0.698 0.385 0.333 0.333 0.333 
0.430 0.783 0.745 0.623 0.231 0.222 0.278 0.222 
0.437 0.769 0.792 0.585 0.231 0.222 0.222 0.222 
0.445 0.783 0.727 0.679 0.308 0.278 0.333 0.278 
0.399 0.792 0.664 0.736 0.308 0.333 0.333 0.333 
0.459 0.745 0.710 0.585 0.308 0.278 0.278 0.278 
0.399 0.802 0.718 0.604 0.308 0.278 0.278 0.278 
0.409 0.802 0.795 0.585 0.231 0.278 0.278 0.278 
0.411 0.816 0.766 0.585 0.231 0.222 0.278 0.222 
0.477 0.745 0.816 0.642 0.231 0.278 0.278 0.278 
0.451 0.783 0.752 0.698 0.385 0.333 0.333 0.333 
0.408 0.802 0.688 0.698 0.308 0.333 0.333 0.333 
0.461 0.778 0.706 0.679 0.308 0.278 0.278 0.278 
0.409 0.788 0.664 0.679 0.308 0.333 0.333 0.278 
0.448 0.792 0.815 0.585 0.231 0.222 0.222 0.222 
0.385 0.816 0.820 0.604 0.231 0.222 0.222 0.222 
0.417 0.816 0.752 0.623 0.231 0.222 0.222 0.222 
0.459 0.769 0.698 0.623 0.231 0.222 0.222 0.222 
0.430 0.792 0.729 0.642 0.308 0.278 0.278 0.278 
0.418 0.788 0.711 0.604 0.231 0.222 0.222 0.222 
0.467 0.755 0.693 0.660 0.308 0.278 0.278 0.278 
0.424 0.769 0.647 0.717 0.308 0.333 0.333 0.333 
0.442 0.788 0.765 0.642 0.231 0.222 0.278 0.222 
0.448 0.764 0.854 0.585 0.231 0.222 0.222 0.222 
0.458 0.778 0.774 0.642 0.231 0.222 0.222 0.222 
0.423 0.797 0.751 0.660 0.231 0.222 0.278 0.222 
