0.846 0.833 0.833 0.833 
1.000 1.000 1.000 1.000 
1.000 1.000 1.000 1.000 
1.000 1.000 1.000 1.000 
1.000 1.000 1.000 1.000 
0.538 0.389 0.389 0.389 
1.000 1.000 1.000 1.000 
1.000 1.000 1.000 1.000 
1.000 1.000 1.000 1.000 
1.000 1.000 1.000 1.000 
1.000 1.000 1.000 1.000 
1.000 0.833 0.833 0.833 
0.923 0.778 0.778 0.778 
0.769 0.722 0.722 0.722 
0.923 0.833 0.833 0.833 
1.000 0.944 0.944 0.944 
1.000 0.889 0.889 0.889 
1.000 0.889 0.833 0.833 
1.000 0.833 0.833 0.833 
1.000 0.889 0.889 0.889 
1.000 0.889 0.889 0.889 
1.000 0.944 0.944 0.944 
0.923 0.833 0.833 0.833 
0.923 0.833 0.833 0.833 
0.923 0.778 0.778 0.778 
0.923 0.778 0.778 0.778 
0.923 0.778 0.778 0.778 
0.923 0.833 0.833 0.833 
0.923 0.833 0.833 0.833 
0.923 0.833 0.833 0.833 
0.923 0.778 0.778 0.778 
0.923 0.778 0.778 0.778 
0.923 0.778 0.778 0.778 
0.923 0.833 0.833 0.833 
0.923 0.778 0.778 0.778 
0.846 0.722 0.722 0.722 
0.923 0.778 0.778 0.778 
0.923 0.778 0.778 0.778 
1.000 0.889 0.889 0.889 
0.923 0.833 0.833 0.833 
0.923 0.778 0.778 0.778 
0.923 0.778 0.778 0.778 
0.923 0.778 0.778 0.778 
0.923 0.778 0.778 0.778 
0.923 0.778 0.778 0.778 
0.846 0.833 0.833 0.833 
1.000 1.000 1.000 1.000 
1.000 1.000 1.000 1.000 
1.000 1.000 1.000 1.000 
1.000 1.000 1.000 1.000 
0.538 0.389 0.389 0.389 
1.000 1.000 1.000 1.000 
1.000 1.000 1.000 1.000 
1.000 1.000 1.000 1.000 
1.000 1.000 1.000 1.000 
1.000 1.000 1.000 0.944 
1.000 0.833 0.833 0.833 
0.923 0.778 0.778 0.778 
0.692 0.722 0.722 0.722 
1.000 0.889 0.889 0.889 
1.000 0.944 0.944 0.944 
1.000 0.889 0.889 0.889 
1.000 0.833 0.833 0.833 
1.000 0.833 0.833 0.833 
1.000 0.889 0.889 0.889 
1.000 0.889 0.889 0.889 
0.923 0.889 0.889 0.889 
0.923 0.833 0.833 0.833 
0.923 0.778 0.778 0.778 
0.923 0.778 0.778 0.778 
0.923 0.778 0.778 0.778 
0.923 0.833 0.833 0.833 
0.923 0.833 0.833 0.833 
0.923 0.833 0.833 0.833 
0.923 0.778 0.778 0.778 
0.923 0.778 0.778 0.778 
0.923 0.778 0.778 0.778 
0.923 0.778 0.778 0.778 
0.923 0.778 0.778 0.778 
0.923 0.778 0.778 0.778 
0.846 0.722 0.722 0.722 
0.923 0.778 0.778 0.778 
0.923 0.778 0.778 0.778 
1.000 0.889 0.889 0.889 
0.923 0.833 0.833 0.833 
0.923 0.778 0.778 0.778 
0.923 0.778 0.778 0.778 
0.923 0.778 0.778 0.778 
0.923 0.778 0.778 0.778 
0.923 0.778 0.778 0.778 
0.923 0.778 0.778 0.778 
0.923 0.778 0.778 0.778 
0.923 0.778 0.778 0.778 
0.923 0.778 0.778 0.778 
0.923 0.778 0.778 0.778 
0.923 0.778 0.778 0.778 
0.923 0.778 0.778 0.778 
0.923 0.778 0.778 0.778 
0.923 0.778 0.778 0.778 
0.923 0.778 0.778 0.778 
0.923 0.778 0.778 0.778 
0.923 0.778 0.778 0.778 
0.923 0.778 0.778 0.778 
0.923 0.778 0.778 0.778 
0.923 0.778 0.778 0.778 
0.923 0.778 0.778 0.778 
0.923 0.778 0.778 0.778 
0.923 0.778 0.778 0.778 
0.923 0.778 0.778 0.778 
0.923 0.778 0.778 0.778 
0.923 0.778 0.778 0.778 
0.923 0.778 0.778 0.778 
0.923 0.778 0.778 0.778 
0.923 0.778 0.778 0.778 
0.923 0.778 0.778 0.778 
0.923 0.778 0.778 0.778 
0.923 0.778 0.778 0.778 
0.923 0.778 0.778 0.778 
0.923 0.778 0.778 0.778 
0.923 0.778 0.778 0.778 
0.923 0.833 0.833 0.833 
1.000 0.833 0.833 0.833 
0.923 0.778 0.778 0.778 
0.923 0.778 0.778 0.778 
1.000 0.889 0.889 0.889 
0.923 0.889 0.889 0.889 
0.923 0.833 0.833 0.833 
0.923 0.778 0.778 0.778 
0.923 0.778 0.778 0.778 
1.000 0.889 0.889 0.889 
1.000 0.889 0.889 0.889 
1.000 0.833 0.833 0.833 
1.000 0.833 0.833 0.833 
1.000 0.889 0.889 0.889 
1.000 0.889 0.889 0.889 
0.846 0.722 0.722 0.722 
1.000 0.833 0.833 0.833 
1.000 0.889 0.889 0.889 
1.000 0.889 0.889 0.889 
0.846 0.722 0.722 0.722 
1.000 0.833 0.833 0.833 
1.000 0.889 0.889 0.889 
1.000 0.889 0.889 0.889 
0.923 0.833 0.833 0.833 
1.000 0.889 0.889 0.889 
1.000 0.889 0.889 0.889 
1.000 0.889 0.889 0.889 
1.000 0.889 0.889 0.889 
0.923 0.833 0.833 0.833 
1.000 0.889 0.889 0.889 
1.000 0.889 0.889 0.889 
1.000 0.889 0.889 0.889 
0.923 0.833 0.833 0.833 
1.000 0.889 0.889 0.889 
1.000 0.889 0.889 0.889 
1.000 0.889 0.889 0.889 
1.000 0.889 0.889 0.889 
1.000 0.889 0.889 0.889 
1.000 0.889 0.889 0.889 
0.846 0.778 0.833 0.833 
1.000 0.889 0.889 0.889 
1.000 0.889 0.889 0.889 
0.923 0.833 0.833 0.833 
1.000 0.889 0.889 0.889 
1.000 0.889 0.889 0.889 
1.000 0.889 0.889 0.889 
0.923 0.833 0.833 0.833 
1.000 0.889 0.889 0.889 
1.000 0.889 0.889 0.889 
1.000 0.889 0.889 0.889 
1.000 0.889 0.889 0.889 
0.923 0.833 0.833 0.833 
1.000 0.889 0.889 0.889 
1.000 0.889 0.889 0.889 
1.000 0.889 0.889 0.889 
0.923 0.833 0.833 0.833 
1.000 0.889 0.889 0.889 
1.000 0.889 0.889 0.889 
1.000 0.889 0.889 0.889 
1.000 0.889 0.889 0.889 
1.000 0.889 0.889 0.889 
1.000 0.889 0.889 0.889 
1.000 0.889 0.889 0.889 
1.000 0.889 0.889 0.889 
1.000 0.889 0.889 0.889 
1.000 0.889 0.889 0.889 
1.000 0.889 0.889 0.889 
1.000 0.889 0.889 0.889 
1.000 0.889 0.889 0.889 
1.000 0.889 0.889 0.889 
1.000 0.889 0.889 0.889 
1.000 0.889 0.889 0.889 
1.000 0.889 0.889 0.889 
1.000 0.889 0.889 0.889 
1.000 0.889 0.889 0.889 
1.000 0.889 0.889 0.889 
1.000 0.889 0.889 0.889 
1.000 0.889 0.889 0.889 
1.000 0.889 0.889 0.889 
1.000 0.889 0.889 0.889 
0.923 0.833 0.833 0.833 
1.000 0.889 0.889 0.889 
1.000 0.889 0.889 0.889 
1.000 0.889 0.889 0.889 
1.000 0.889 0.889 0.889 
0.846 0.778 0.833 0.778 
1.000 0.889 0.889 0.889 
1.000 0.889 0.889 0.889 
0.923 0.833 0.833 0.833 
0.923 0.833 0.833 0.833 
1.000 0.889 0.889 0.889 
1.000 0.889 0.889 0.889 
0.923 0.833 0.833 0.833 
1.000 0.889 0.889 0.889 
1.000 0.889 0.889 0.889 
1.000 0.889 0.889 0.889 
0.923 0.833 0.833 0.833 
0.923 0.833 0.833 0.833 
1.000 0.889 0.889 0.889 
1.000 0.889 0.889 0.889 
1.000 0.889 0.889 0.889 
0.923 0.833 0.833 0.833 
1.000 0.889 0.889 0.889 
1.000 0.889 0.889 0.889 
1.000 0.889 0.889 0.889 
1.000 0.889 0.889 0.889 
1.000 0.889 0.889 0.889 
1.000 0.889 0.889 0.889 
1.000 0.889 0.889 0.889 
1.000 0.889 0.889 0.889 
1.000 0.889 0.889 0.889 
1.000 0.889 0.889 0.889 
1.000 0.889 0.889 0.889 
1.000 0.889 0.889 0.889 
1.000 0.889 0.889 0.889 
1.000 0.889 0.889 0.889 
1.000 0.889 0.889 0.889 
1.000 0.889 0.889 0.889 
0.923 0.833 0.833 0.833 
1.000 0.889 0.889 0.889 
1.000 0.889 0.889 0.889 
1.000 0.889 0.889 0.889 
1.000 0.889 0.889 0.889 
0.923 0.833 0.833 0.833 
1.000 0.889 0.889 0.889 
1.000 0.889 0.889 0.889 
1.000 0.889 0.889 0.889 
1.000 0.889 0.889 0.889 
1.000 0.889 0.889 0.889 
1.000 0.889 0.889 0.889 
0.923 0.833 0.833 0.833 
1.000 0.889 0.889 0.889 
1.000 0.889 0.889 0.889 
0.923 0.889 0.889 0.889 
1.000 0.889 0.889 0.889 
1.000 0.889 0.889 0.889 
1.000 0.889 0.889 0.889 
0.923 0.833 0.833 0.833 
0.769 0.778 0.778 0.778 
1.000 0.889 0.889 0.889 
0.923 0.833 0.833 0.833 
1.000 0.889 0.889 0.889 
1.000 0.889 0.889 0.889 
1.000 0.889 0.889 0.889 
1.000 0.889 0.889 0.889 
1.000 0.889 0.889 0.889 
0.923 0.833 0.889 0.833 
1.000 0.889 0.889 0.889 
0.923 0.833 0.833 0.833 
0.923 0.833 0.833 0.833 
1.000 0.889 0.889 0.889 
1.000 0.889 0.889 0.889 
1.000 0.889 0.889 0.889 
0.923 0.833 0.833 0.833 
1.000 0.889 0.889 0.889 
1.000 0.889 0.889 0.889 
1.000 0.889 0.889 0.889 
0.923 0.833 0.833 0.833 
1.000 0.889 0.889 0.889 
1.000 0.889 0.889 0.889 
1.000 0.889 0.889 0.889 
1.000 0.889 0.889 0.889 
1.000 0.889 0.889 0.889 
1.000 0.889 0.889 0.889 
1.000 0.889 0.889 0.889 
1.000 0.889 0.889 0.889 
1.000 0.889 0.889 0.889 
1.000 0.889 0.889 0.889 
1.000 0.889 0.889 0.889 
0.923 0.833 0.833 0.833 
1.000 0.889 0.889 0.889 
1.000 0.889 0.889 0.889 
0.923 0.833 0.833 0.833 
0.923 0.833 0.833 0.833 
1.000 0.889 0.889 0.889 
1.000 0.889 0.889 0.889 
1.000 0.889 0.889 0.889 
1.000 0.889 0.889 0.889 
1.000 0.889 0.889 0.889 
1.000 0.889 0.889 0.889 
1.000 0.889 0.889 0.889 
1.000 0.889 0.889 0.889 
1.000 0.889 0.889 0.889 
1.000 0.889 0.889 0.889 
1.000 0.889 0.889 0.889 
1.000 0.889 0.889 0.889 
1.000 0.889 0.889 0.889 
1.000 0.889 0.889 0.889 
1.000 0.889 0.889 0.889 
1.000 0.889 0.889 0.889 
1.000 0.889 0.889 0.889 
1.000 0.889 0.889 0.889 
1.000 0.889 0.889 0.889 
1.000 0.889 0.889 0.889 
1.000 0.889 0.889 0.889 
1.000 0.889 0.889 0.889 
1.000 0.889 0.889 0.889 
1.000 0.889 0.889 0.889 
1.000 0.889 0.889 0.889 
1.000 0.889 0.889 0.889 
1.000 0.889 0.889 0.889 
1.000 0.889 0.889 0.889 
1.000 0.889 0.889 0.889 
0.923 0.889 0.889 0.889 
1.000 0.889 0.889 0.889 
1.000 0.889 0.889 0.889 
1.000 0.889 0.889 0.889 
1.000 0.889 0.889 0.889 
1.000 0.889 0.889 0.889 
1.000 0.889 0.889 0.889 
0.923 0.833 0.889 0.833 
1.000 0.889 0.889 0.889 
1.000 0.889 0.889 0.889 
0.923 0.833 0.833 0.833 
0.923 0.889 0.889 0.889 
0.923 0.889 0.889 0.889 
1.000 0.889 0.889 0.889 
1.000 0.889 0.889 0.889 
1.000 0.889 0.889 0.889 
1.000 0.889 0.889 0.889 
0.923 0.889 0.889 0.889 
1.000 0.889 0.889 0.889 
1.000 0.889 0.889 0.889 
1.000 0.889 0.889 0.889 
1.000 0.889 0.889 0.889 
1.000 0.889 0.889 0.889 
1.000 0.889 0.889 0.889 
0.923 0.833 0.889 0.833 
1.000 0.889 0.889 0.889 
1.000 0.889 0.889 0.889 
1.000 0.889 0.889 0.889 
1.000 0.889 0.889 0.889 
1.000 0.889 0.889 0.889 
0.923 0.833 0.889 0.889 
1.000 0.889 0.889 0.889 
1.000 0.889 0.889 0.889 
1.000 0.889 0.889 0.889 
0.923 0.833 0.833 0.833 
0.923 0.833 0.889 0.889 
1.000 0.889 0.889 0.889 
1.000 0.889 0.889 0.889 
0.923 0.833 0.889 0.833 
0.923 0.889 0.889 0.889 
1.000 0.889 0.889 0.889 
1.000 0.889 0.889 0.889 
0.923 0.833 0.889 0.833 
0.923 0.889 0.889 0.889 
1.000 0.889 0.889 0.889 
1.000 0.889 0.889 0.889 
1.000 0.889 0.889 0.889 
1.000 0.889 0.889 0.889 
1.000 0.889 0.889 0.889 
1.000 0.889 0.889 0.889 
0.923 0.889 0.889 0.889 
1.000 0.889 0.889 0.889 
1.000 0.889 0.889 0.889 
0.923 0.833 0.889 0.889 
0.923 0.833 0.833 0.833 
0.923 0.833 0.889 0.833 
0.923 0.833 0.833 0.833 
0.923 0.833 0.833 0.833 
1.000 0.889 0.889 0.889 
1.000 0.889 0.889 0.889 
1.000 0.889 0.889 0.889 
1.000 0.889 0.889 0.889 
1.000 0.889 0.889 0.889 
1.000 0.889 0.889 0.889 
0.923 0.889 0.889 0.889 
1.000 0.889 0.889 0.889 
1.000 0.889 0.889 0.889 
0.923 0.889 0.889 0.889 
0.923 0.889 0.889 0.889 
1.000 0.889 0.889 0.889 
0.923 0.889 0.889 0.889 
0.923 0.833 0.833 0.833 
0.923 0.889 0.889 0.889 
1.000 0.889 0.889 0.889 
0.923 0.833 0.889 0.889 
0.923 0.833 0.833 0.833 
0.923 0.833 0.833 0.833 
0.923 0.833 0.889 0.889 
0.923 0.833 0.833 0.833 
0.923 0.833 0.833 0.833 
0.923 0.833 0.833 0.833 
0.923 0.833 0.889 0.833 
0.923 0.833 0.833 0.833 
0.923 0.833 0.833 0.833 
0.923 0.833 0.833 0.833 
1.000 0.889 0.889 0.889 
1.000 0.889 0.889 0.889 
0.923 0.833 0.889 0.889 
0.923 0.833 0.833 0.833 
0.923 0.833 0.889 0.833 
0.923 0.833 0.889 0.889 
0.923 0.833 0.833 0.833 
0.923 0.833 0.833 0.833 
0.923 0.889 0.889 0.889 
0.923 0.889 0.889 0.889 
0.923 0.833 0.833 0.833 
1.000 0.889 0.889 0.889 
1.000 0.889 0.889 0.889 
0.923 0.833 0.889 0.889 
0.923 0.833 0.833 0.833 
1.000 0.889 0.889 0.889 
1.000 0.889 0.889 0.889 
1.000 0.889 0.889 0.889 
1.000 0.889 0.889 0.889 
1.000 0.889 0.889 0.889 
0.923 0.833 0.833 0.833 
0.923 0.889 0.889 0.889 
1.000 0.889 0.889 0.889 
1.000 0.889 0.889 0.889 
0.923 0.833 0.833 0.833 
0.923 0.833 0.833 0.833 
0.923 0.833 0.833 0.833 
0.923 0.833 0.833 0.833 
0.923 0.889 0.889 0.889 
1.000 0.889 0.889 0.889 
0.923 0.833 0.833 0.833 
0.923 0.833 0.833 0.833 
0.923 0.833 0.833 0.833 
0.923 0.833 0.833 0.833 
0.923 0.833 0.833 0.833 
0.923 0.833 0.833 0.833 
0.923 0.833 0.833 0.833 
1.000 0.889 0.889 0.889 
1.000 0.889 0.889 0.889 
1.000 0.889 0.889 0.889 
0.923 0.889 0.889 0.889 
0.923 0.833 0.889 0.833 
0.923 0.833 0.833 0.833 
0.923 0.833 0.833 0.833 
1.000 0.889 0.889 0.889 
1.000 0.889 0.889 0.889 
0.923 0.833 0.889 0.889 
0.923 0.833 0.889 0.833 
1.000 0.889 0.889 0.889 
1.000 0.889 0.889 0.889 
0.923 0.833 0.833 0.833 
0.923 0.833 0.833 0.833 
0.923 0.889 0.889 0.889 
0.923 0.889 0.889 0.889 
0.923 0.889 0.889 0.889 
1.000 0.889 0.889 0.889 
1.000 0.889 0.889 0.889 
0.923 0.833 0.833 0.833 
0.923 0.833 0.833 0.833 
1.000 0.889 0.889 0.889 
1.000 0.889 0.889 0.889 
0.923 0.833 0.889 0.889 
0.923 0.889 0.889 0.889 
0.923 0.833 0.833 0.833 
0.923 0.833 0.889 0.833 
0.923 0.833 0.833 0.833 
0.923 0.833 0.833 0.833 
0.769 0.722 0.722 0.722 
1.000 0.889 0.889 0.889 
1.000 0.889 0.889 0.889 
0.923 0.778 0.778 0.778 
0.846 0.722 0.722 0.722 
1.000 0.889 0.889 0.889 
1.000 0.889 0.889 0.889 
0.846 0.778 0.833 0.778 
0.923 0.833 0.833 0.833 
0.923 0.833 0.833 0.833 
0.923 0.833 0.833 0.833 
1.000 0.889 0.889 0.889 
1.000 0.889 0.889 0.889 
1.000 0.889 0.889 0.889 
0.923 0.833 0.833 0.833 
0.923 0.833 0.833 0.833 
1.000 0.889 0.889 0.889 
0.923 0.833 0.833 0.833 
1.000 0.889 0.889 0.889 
0.923 0.833 0.833 0.833 
0.923 0.778 0.778 0.778 
0.923 0.833 0.889 0.833 
1.000 0.889 0.889 0.889 
0.846 0.778 0.778 0.778 
0.923 0.833 0.833 0.833 
0.923 0.833 0.833 0.833 
0.923 0.833 0.833 0.833 
0.846 0.778 0.778 0.778 
1.000 0.889 0.889 0.889 
0.846 0.833 0.833 0.833 
0.923 0.833 0.833 0.778 
0.923 0.778 0.778 0.778 
0.923 0.778 0.778 0.778 
0.923 0.833 0.833 0.833 
0.923 0.833 0.833 0.833 
0.923 0.833 0.833 0.833 
0.923 0.833 0.889 0.833 
0.923 0.833 0.889 0.833 
0.846 0.778 0.833 0.778 
0.923 0.833 0.889 0.889 
0.923 0.889 0.889 0.889 
0.923 0.833 0.833 0.833 
0.846 0.778 0.778 0.778 
0.923 0.833 0.889 0.833 
0.923 0.833 0.833 0.833 
0.923 0.778 0.778 0.778 
0.923 0.833 0.833 0.833 
0.923 0.833 0.889 0.833 
0.923 0.833 0.833 0.833 
0.923 0.833 0.889 0.833 
0.923 0.833 0.889 0.889 
1.000 0.889 0.889 0.889 
0.923 0.833 0.889 0.889 
0.923 0.833 0.833 0.833 
0.923 0.833 0.889 0.889 
0.923 0.889 0.889 0.889 
1.000 0.889 0.889 0.889 
0.923 0.889 0.889 0.889 
0.923 0.889 0.889 0.889 
0.923 0.889 0.889 0.889 
0.923 0.889 0.889 0.889 
0.923 0.833 0.833 0.833 
0.923 0.889 0.889 0.889 
1.000 0.889 0.889 0.889 
0.923 0.833 0.833 0.833 
0.923 0.833 0.833 0.833 
1.000 0.889 0.889 0.889 
0.923 0.889 0.889 0.889 
0.923 0.833 0.833 0.833 
1.000 0.889 0.889 0.889 
0.923 0.833 0.889 0.889 
0.846 0.722 0.778 0.722 
0.923 0.889 0.889 0.889 
1.000 0.889 0.889 0.889 
0.923 0.778 0.778 0.778 
0.923 0.778 0.778 0.778 
0.846 0.833 0.889 0.833 
1.000 0.889 0.889 0.889 
1.000 0.889 0.889 0.889 
0.923 0.778 0.778 0.778 
0.923 0.833 0.889 0.889 
1.000 0.889 0.889 0.889 
0.923 0.778 0.778 0.778 
0.846 0.778 0.833 0.833 
1.000 0.889 0.889 0.889 
1.000 0.889 0.889 0.889 
0.923 0.833 0.889 0.833 
1.000 0.889 0.889 0.889 
1.000 0.889 0.889 0.889 
0.923 0.833 0.833 0.833 
0.923 0.778 0.778 0.778 
0.923 0.833 0.889 0.833 
0.923 0.889 0.889 0.889 
0.846 0.778 0.778 0.778 
0.923 0.833 0.833 0.833 
0.923 0.833 0.833 0.833 
0.923 0.833 0.833 0.833 
0.923 0.833 0.833 0.833 
1.000 0.889 0.889 0.889 
0.923 0.833 0.889 0.778 
0.923 0.778 0.778 0.778 
1.000 0.889 0.889 0.889 
0.923 0.833 0.889 0.833 
0.923 0.833 0.889 0.833 
0.923 0.778 0.778 0.778 
0.923 0.778 0.778 0.778 
0.923 0.778 0.833 0.778 
0.846 0.778 0.778 0.722 
1.000 0.889 0.889 0.889 
0.923 0.889 0.889 0.889 
0.923 0.778 0.778 0.778 
0.846 0.778 0.833 0.778 
1.000 0.889 0.889 0.889 
0.923 0.889 0.889 0.889 
0.769 0.722 0.722 0.722 
0.923 0.778 0.833 0.833 
0.923 0.889 0.889 0.833 
0.923 0.778 0.778 0.778 
0.846 0.778 0.778 0.778 
1.000 0.889 0.889 0.889 
0.923 0.778 0.833 0.833 
0.923 0.778 0.778 0.778 
0.923 0.778 0.778 0.778 
0.846 0.778 0.889 0.778 
0.923 0.833 0.889 0.889 
0.923 0.889 0.889 0.889 
1.000 0.889 0.889 0.889 
1.000 0.889 0.889 0.889 
0.923 0.833 0.833 0.833 
1.000 0.833 0.833 0.833 
1.000 0.833 0.833 0.833 
0.923 0.778 0.778 0.778 
0.923 0.778 0.833 0.778 
1.000 0.889 0.889 0.889 
1.000 0.889 0.889 0.889 
0.846 0.722 0.722 0.722 
1.000 0.889 0.889 0.889 
1.000 0.889 0.889 0.889 
0.923 0.778 0.833 0.833 
0.923 0.778 0.833 0.778 
1.000 0.889 0.889 0.889 
1.000 0.889 0.889 0.889 
0.769 0.778 0.778 0.778 
1.000 0.889 0.889 0.889 
0.923 0.889 0.889 0.889 
0.923 0.833 0.833 0.833 
0.846 0.778 0.833 0.833 
1.000 0.889 0.889 0.889 
0.923 0.833 0.889 0.833 
0.923 0.778 0.778 0.778 
0.846 0.778 0.778 0.778 
1.000 0.833 0.833 0.833 
0.923 0.833 0.833 0.833 
0.923 0.778 0.833 0.778 
0.846 0.833 0.833 0.833 
1.000 0.889 0.889 0.889 
1.000 0.889 0.889 0.833 
1.000 0.833 0.833 0.833 
1.000 0.889 0.889 0.889 
0.923 0.833 0.833 0.833 
0.923 0.833 0.833 0.833 
1.000 0.833 0.833 0.833 
0.923 0.833 0.833 0.833 
1.000 0.833 0.833 0.833 
1.000 0.833 0.833 0.833 
0.846 0.722 0.778 0.722 
1.000 0.833 0.833 0.833 
1.000 0.833 0.833 0.833 
0.769 0.667 0.722 0.667 
0.923 0.833 0.833 0.833 
1.000 0.833 0.833 0.833 
0.846 0.722 0.778 0.722 
0.923 0.833 0.833 0.833 
1.000 0.833 0.833 0.833 
1.000 0.833 0.833 0.833 
0.846 0.722 0.778 0.778 
1.000 0.833 0.833 0.833 
1.000 0.833 0.833 0.833 
0.923 0.833 0.833 0.833 
0.923 0.833 0.833 0.833 
1.000 0.833 0.833 0.833 
0.923 0.778 0.833 0.833 
0.923 0.778 0.778 0.778 
0.923 0.833 0.833 0.833 
0.923 0.833 0.833 0.833 
0.923 0.833 0.833 0.833 
0.923 0.778 0.833 0.833 
0.846 0.722 0.833 0.778 
0.923 0.778 0.778 0.778 
1.000 0.833 0.833 0.833 
0.923 0.778 0.778 0.778 
0.923 0.778 0.778 0.778 
0.923 0.833 0.833 0.833 
1.000 0.833 0.833 0.833 
0.923 0.833 0.833 0.833 
0.923 0.778 0.778 0.778 
0.846 0.722 0.722 0.722 
1.000 0.833 0.833 0.833 
0.923 0.833 0.833 0.833 
0.923 0.778 0.778 0.778 
0.923 0.778 0.778 0.778 
0.846 0.722 0.722 0.722 
0.923 0.833 0.833 0.833 
0.923 0.778 0.833 0.833 
0.923 0.778 0.778 0.778 
0.923 0.833 0.833 0.833 
1.000 0.833 0.833 0.833 
0.923 0.833 0.833 0.833 
0.923 0.778 0.833 0.778 
0.923 0.778 0.833 0.833 
0.923 0.833 0.833 0.833 
1.000 0.833 0.833 0.833 
0.923 0.778 0.833 0.833 
0.923 0.778 0.778 0.778 
0.923 0.833 0.833 0.833 
0.923 0.833 0.833 0.833 
0.846 0.778 0.778 0.778 
0.923 0.833 0.833 0.833 
0.923 0.778 0.833 0.778 
1.000 0.833 0.833 0.833 
1.000 0.833 0.889 0.833 
1.000 0.833 0.833 0.833 
0.923 0.833 0.833 0.833 
0.923 0.833 0.833 0.833 
0.923 0.778 0.833 0.833 
0.923 0.833 0.833 0.833 
1.000 0.833 0.833 0.833 
0.923 0.778 0.833 0.833 
0.923 0.833 0.833 0.833 
1.000 0.833 0.833 0.833 
1.000 0.833 0.833 0.833 
0.923 0.778 0.778 0.778 
0.923 0.778 0.833 0.833 
0.923 0.778 0.833 0.778 
1.000 0.833 0.833 0.833 
1.000 0.833 0.889 0.833 
0.923 0.833 0.833 0.833 
0.923 0.778 0.833 0.778 
1.000 0.833 0.833 0.833 
1.000 0.833 0.833 0.833 
0.846 0.722 0.778 0.778 
1.000 0.833 0.833 0.833 
1.000 0.833 0.833 0.833 
0.923 0.833 0.833 0.833 
0.923 0.778 0.778 0.778 
1.000 0.833 0.833 0.833 
0.923 0.778 0.833 0.833 
0.923 0.778 0.833 0.778 
0.923 0.778 0.833 0.833 
1.000 0.833 0.833 0.833 
1.000 0.833 0.833 0.833 
1.000 0.833 0.889 0.833 
0.923 0.778 0.889 0.778 
0.923 0.778 0.778 0.778 
1.000 0.833 0.833 0.833 
1.000 0.833 0.889 0.833 
0.846 0.778 0.778 0.778 
0.923 0.833 0.833 0.833 
1.000 0.833 0.833 0.833 
0.923 0.778 0.778 0.778 
1.000 0.833 0.889 0.833 
0.923 0.833 0.833 0.833 
0.923 0.778 0.833 0.778 
0.923 0.778 0.833 0.778 
0.923 0.833 0.833 0.833 
0.923 0.833 0.889 0.833 
0.846 0.722 0.833 0.722 
0.923 0.778 0.889 0.833 
0.923 0.833 0.833 0.833 
0.923 0.833 0.889 0.833 
0.923 0.778 0.833 0.778 
0.846 0.722 0.722 0.722 
0.923 0.833 0.889 0.833 
0.923 0.778 0.889 0.778 
0.846 0.722 0.778 0.778 
1.000 0.833 0.889 0.833 
1.000 0.833 0.889 0.833 
0.769 0.722 0.722 0.722 
0.846 0.722 0.833 0.778 
1.000 0.833 0.889 0.833 
1.000 0.833 0.889 0.833 
0.846 0.722 0.778 0.778 
0.923 0.833 0.889 0.833 
1.000 0.889 0.889 0.889 
0.923 0.778 0.833 0.778 
0.846 0.722 0.833 0.778 
0.923 0.889 0.889 0.889 
0.923 0.778 0.833 0.778 
0.846 0.722 0.778 0.722 
1.000 0.833 0.889 0.833 
1.000 0.833 0.889 0.833 
0.769 0.778 0.778 0.778 
0.846 0.722 0.722 0.722 
1.000 0.889 0.889 0.889 
0.923 0.778 0.833 0.778 
0.846 0.778 0.778 0.778 
0.923 0.778 0.833 0.778 
0.923 0.833 0.889 0.833 
0.769 0.667 0.778 0.667 
1.000 0.833 0.889 0.889 
0.923 0.833 0.889 0.889 
0.846 0.778 0.833 0.778 
1.000 0.833 0.889 0.833 
1.000 0.833 0.889 0.833 
0.846 0.722 0.778 0.722 
0.923 0.778 0.778 0.778 
0.923 0.833 0.833 0.833 
1.000 0.833 0.889 0.833 
0.846 0.722 0.722 0.722 
0.923 0.778 0.833 0.778 
0.923 0.778 0.889 0.833 
0.923 0.778 0.833 0.778 
0.923 0.833 0.889 0.833 
0.923 0.833 0.889 0.833 
0.923 0.778 0.833 0.778 
0.923 0.778 0.833 0.778 
0.846 0.722 0.778 0.722 
1.000 0.833 0.889 0.833 
0.923 0.833 0.889 0.833 
0.846 0.778 0.778 0.778 
0.923 0.778 0.889 0.833 
1.000 0.833 0.889 0.889 
1.000 0.833 0.889 0.833 
0.923 0.778 0.833 0.778 
0.923 0.778 0.833 0.778 
0.923 0.833 0.889 0.833 
0.846 0.778 0.778 0.778 
0.923 0.833 0.889 0.833 
0.923 0.778 0.778 0.778 
0.923 0.778 0.778 0.778 
0.923 0.833 0.889 0.833 
1.000 0.833 0.889 0.833 
0.923 0.833 0.889 0.833 
0.923 0.833 0.889 0.833 
0.923 0.833 0.889 0.833 
0.923 0.833 0.889 0.833 
1.000 0.833 0.889 0.833 
0.923 0.778 0.778 0.778 
0.923 0.778 0.833 0.778 
0.923 0.778 0.833 0.778 
0.923 0.778 0.833 0.778 
1.000 0.833 0.889 0.833 
0.923 0.778 0.889 0.833 
0.923 0.833 0.889 0.833 
0.923 0.833 0.889 0.889 
0.846 0.667 0.722 0.667 
0.923 0.833 0.889 0.889 
0.923 0.833 0.889 0.833 
0.923 0.778 0.833 0.778 
0.846 0.667 0.722 0.722 
1.000 0.778 0.833 0.778 
0.846 0.778 0.833 0.833 
0.923 0.778 0.833 0.778 
0.923 0.722 0.722 0.722 
0.923 0.722 0.722 0.722 
0.846 0.722 0.778 0.722 
1.000 0.833 0.889 0.833 
0.923 0.722 0.778 0.722 
0.923 0.778 0.778 0.778 
0.923 0.778 0.889 0.833 
1.000 0.889 0.889 0.889 
0.846 0.722 0.722 0.722 
0.923 0.778 0.778 0.778 
0.923 0.778 0.833 0.778 
0.923 0.778 0.833 0.778 
0.923 0.722 0.778 0.722 
0.923 0.722 0.778 0.722 
0.923 0.833 0.889 0.833 
0.923 0.778 0.833 0.778 
0.923 0.778 0.778 0.778 
0.846 0.667 0.722 0.667 
0.923 0.722 0.778 0.722 
0.923 0.833 0.889 0.833 
0.923 0.833 0.889 0.833 
0.923 0.778 0.889 0.833 
0.923 0.889 0.889 0.889 
1.000 0.889 0.889 0.889 
1.000 0.889 0.889 0.889 
0.923 0.833 0.889 0.833 
0.923 0.833 0.833 0.833 
0.923 0.778 0.889 0.778 
0.923 0.778 0.889 0.778 
0.846 0.667 0.778 0.667 
0.923 0.833 0.889 0.833 
0.923 0.778 0.833 0.778 
0.923 0.778 0.833 0.778 
0.923 0.778 0.833 0.778 
0.923 0.778 0.833 0.778 
0.769 0.722 0.722 0.722 
0.923 0.778 0.889 0.778 
0.923 0.778 0.833 0.778 
0.923 0.778 0.833 0.778 
0.923 0.778 0.833 0.833 
1.000 0.889 0.889 0.889 
0.923 0.722 0.833 0.722 
0.923 0.722 0.778 0.722 
0.923 0.833 0.833 0.833 
0.846 0.833 0.833 0.778 
0.923 0.833 0.833 0.833 
0.923 0.833 0.833 0.833 
0.923 0.833 0.833 0.833 
0.846 0.667 0.778 0.667 
0.923 0.833 0.889 0.889 
0.923 0.889 0.889 0.889 
0.923 0.722 0.778 0.778 
0.846 0.667 0.722 0.667 
0.923 0.889 0.889 0.889 
0.923 0.833 0.889 0.833 
0.923 0.833 0.833 0.833 
0.923 0.833 0.889 0.889 
0.923 0.778 0.833 0.778 
0.846 0.667 0.722 0.667 
1.000 0.889 0.889 0.889 
0.923 0.889 0.889 0.889 
0.846 0.778 0.833 0.778 
0.923 0.778 0.778 0.778 
1.000 0.833 0.833 0.833 
1.000 0.833 0.833 0.833 
0.923 0.722 0.778 0.722 
0.923 0.833 0.833 0.833 
0.923 0.889 0.889 0.889 
0.769 0.722 0.778 0.722 
0.846 0.667 0.722 0.667 
1.000 0.889 0.889 0.889 
0.923 0.722 0.778 0.722 
0.769 0.667 0.722 0.667 
0.923 0.778 0.778 0.778 
0.923 0.778 0.833 0.833 
0.692 0.667 0.722 0.667 
0.923 0.833 0.833 0.833 
1.000 0.889 0.889 0.889 
0.923 0.722 0.778 0.722 
0.846 0.667 0.667 0.667 
1.000 0.833 0.833 0.833 
0.923 0.889 0.889 0.889 
0.769 0.667 0.667 0.667 
0.846 0.722 0.778 0.722 
0.923 0.889 0.889 0.889 
0.923 0.778 0.778 0.778 
0.846 0.667 0.722 0.667 
0.923 0.833 0.833 0.833 
0.923 0.778 0.889 0.833 
0.769 0.722 0.722 0.722 
0.923 0.722 0.722 0.722 
0.923 0.778 0.833 0.833 
0.846 0.722 0.778 0.778 
0.923 0.778 0.833 0.778 
0.923 0.778 0.833 0.833 
0.923 0.722 0.778 0.722 
0.923 0.722 0.778 0.722 
0.846 0.667 0.722 0.667 
0.923 0.833 0.833 0.833 
0.923 0.778 0.833 0.778 
0.923 0.722 0.778 0.722 
0.923 0.833 0.833 0.833 
0.923 0.778 0.833 0.778 
0.846 0.667 0.722 0.667 
0.923 0.722 0.778 0.722 
0.923 0.722 0.778 0.722 
0.923 0.778 0.778 0.778 
0.923 0.778 0.833 0.778 
0.923 0.722 0.778 0.722 
0.923 0.778 0.833 0.778 
0.923 0.778 0.833 0.778 
0.923 0.722 0.778 0.722 
0.846 0.722 0.722 0.722 
0.923 0.722 0.778 0.722 
0.923 0.722 0.778 0.778 
0.923 0.722 0.778 0.722 
0.846 0.667 0.778 0.667 
0.846 0.722 0.833 0.722 
0.846 0.722 0.722 0.722 
0.923 0.778 0.833 0.778 
0.846 0.667 0.722 0.667 
0.923 0.722 0.778 0.722 
0.846 0.778 0.778 0.778 
0.923 0.889 0.889 0.889 
0.846 0.667 0.722 0.667 
0.923 0.722 0.778 0.722 
0.923 0.833 0.833 0.833 
1.000 0.833 0.833 0.833 
0.923 0.778 0.833 0.833 
0.923 0.778 0.778 0.778 
0.923 0.833 0.833 0.833 
0.923 0.722 0.833 0.722 
0.923 0.722 0.833 0.722 
0.923 0.889 0.889 0.889 
0.923 0.833 0.833 0.833 
0.846 0.667 0.667 0.667 
0.923 0.722 0.778 0.722 
0.923 0.833 0.833 0.833 
0.846 0.722 0.778 0.722 
0.923 0.722 0.778 0.722 
0.923 0.778 0.778 0.778 
0.923 0.722 0.722 0.722 
0.769 0.722 0.778 0.722 
0.923 0.833 0.889 0.833 
0.923 0.833 0.833 0.833 
0.846 0.667 0.667 0.667 
0.846 0.667 0.722 0.667 
0.923 0.833 0.833 0.833 
0.923 0.722 0.722 0.722 
0.923 0.722 0.722 0.722 
0.923 0.778 0.833 0.778 
0.923 0.833 0.889 0.889 
0.923 0.722 0.833 0.722 
0.846 0.667 0.778 0.722 
0.923 0.833 0.889 0.889 
0.923 0.833 0.833 0.833 
0.923 0.722 0.778 0.722 
0.846 0.667 0.667 0.667 
0.923 0.778 0.889 0.833 
0.769 0.722 0.778 0.722 
0.923 0.722 0.722 0.722 
0.846 0.667 0.667 0.667 
0.923 0.722 0.778 0.722 
0.846 0.667 0.722 0.667 
1.000 0.833 0.833 0.833 
0.923 0.778 0.833 0.778 
0.923 0.722 0.778 0.722 
0.769 0.722 0.778 0.778 
1.000 0.833 0.833 0.833 
0.846 0.667 0.667 0.667 
0.846 0.667 0.667 0.667 
1.000 0.889 0.889 0.889 
0.846 0.778 0.833 0.833 
0.846 0.667 0.722 0.667 
0.846 0.722 0.778 0.722 
1.000 0.889 0.889 0.889 
0.846 0.778 0.833 0.778 
0.846 0.778 0.833 0.778 
0.923 0.889 0.889 0.889 
0.923 0.833 0.833 0.833 
0.769 0.667 0.722 0.667 
0.846 0.667 0.778 0.667 
0.923 0.778 0.833 0.778 
0.923 0.722 0.778 0.722 
0.923 0.833 0.833 0.833 
0.846 0.667 0.722 0.722 
0.923 0.722 0.778 0.778 
0.923 0.889 0.889 0.889 
0.923 0.722 0.778 0.778 
0.846 0.722 0.778 0.722 
0.846 0.778 0.833 0.833 
0.923 0.833 0.889 0.833 
0.846 0.833 0.833 0.833 
0.923 0.722 0.778 0.722 
0.846 0.667 0.667 0.667 
0.923 0.722 0.833 0.778 
0.923 0.722 0.778 0.722 
0.846 0.722 0.833 0.722 
0.923 0.833 0.833 0.833 
0.923 0.833 0.833 0.833 
0.846 0.667 0.778 0.667 
0.846 0.667 0.778 0.722 
0.923 0.667 0.778 0.722 
0.846 0.667 0.778 0.667 
0.923 0.833 0.833 0.833 
0.846 0.667 0.722 0.667 
0.846 0.667 0.722 0.667 
0.923 0.833 0.889 0.889 
0.923 0.778 0.833 0.778 
0.846 0.667 0.722 0.667 
0.923 0.722 0.778 0.722 
0.923 0.722 0.778 0.722 
0.923 0.722 0.833 0.778 
0.846 0.667 0.778 0.667 
0.846 0.722 0.722 0.722 
0.846 0.667 0.778 0.667 
0.846 0.667 0.778 0.722 
