5.497 0.425 1.856 0.585 0.846 0.833 0.833 0.833 
1.541 0.613 2.581 0.623 1.000 1.000 1.000 1.000 
2.307 0.604 2.427 0.623 1.000 1.000 1.000 1.000 
2.068 0.604 1.557 0.623 1.000 1.000 1.000 1.000 
1.268 0.604 0.685 0.566 0.692 0.778 0.778 0.778 
1.155 0.528 1.447 0.377 0.077 0.056 0.056 0.056 
0.795 0.486 0.737 0.642 0.769 0.722 0.722 0.722 
0.672 0.665 1.130 0.623 0.846 0.889 0.889 0.889 
0.958 0.637 1.325 0.604 0.846 0.889 0.889 0.889 
0.962 0.646 1.266 0.642 0.846 0.833 0.833 0.833 
0.942 0.642 1.083 0.660 0.846 0.722 0.722 0.722 
0.776 0.670 0.833 0.736 0.538 0.389 0.389 0.389 
0.612 0.675 0.736 0.453 0.154 0.111 0.111 0.111 
0.660 0.665 0.753 0.566 0.615 0.444 0.444 0.444 
0.578 0.755 0.604 0.755 0.692 0.556 0.556 0.556 
0.578 0.712 0.618 0.698 0.923 0.778 0.778 0.778 
0.576 0.698 0.694 0.679 0.769 0.667 0.667 0.667 
0.587 0.698 0.783 0.717 0.692 0.500 0.500 0.500 
0.586 0.703 0.827 0.774 0.308 0.222 0.222 0.222 
0.572 0.741 0.784 0.736 0.462 0.333 0.333 0.333 
0.547 0.717 0.698 0.717 0.538 0.389 0.389 0.389 
0.563 0.717 0.666 0.717 0.615 0.444 0.444 0.444 
0.566 0.708 0.653 0.736 0.538 0.389 0.389 0.389 
0.565 0.708 0.669 0.736 0.462 0.333 0.333 0.333 
0.548 0.731 0.723 0.755 0.385 0.278 0.278 0.278 
0.541 0.731 0.768 0.774 0.308 0.222 0.222 0.222 
0.559 0.693 0.774 0.774 0.308 0.222 0.222 0.222 
0.564 0.712 0.712 0.736 0.462 0.333 0.333 0.333 
0.556 0.698 0.698 0.736 0.462 0.333 0.333 0.333 
0.554 0.722 0.722 0.736 0.462 0.333 0.333 0.333 
0.581 0.698 0.736 0.755 0.385 0.278 0.278 0.278 
0.550 0.670 0.770 0.755 0.615 0.444 0.444 0.444 
0.564 0.684 0.745 0.736 0.462 0.333 0.333 0.333 
0.562 0.679 0.695 0.736 0.462 0.333 0.333 0.333 
0.552 0.712 0.726 0.736 0.462 0.333 0.333 0.333 
0.554 0.693 0.793 0.642 0.308 0.222 0.222 0.222 
0.562 0.679 0.799 0.717 0.308 0.222 0.222 0.222 
0.575 0.693 0.728 0.736 0.462 0.333 0.333 0.333 
0.566 0.693 0.690 0.660 0.769 0.667 0.611 0.667 
0.576 0.689 0.698 0.736 0.462 0.333 0.333 0.333 
0.556 0.722 0.727 0.755 0.385 0.278 0.278 0.278 
0.550 0.693 0.707 0.736 0.385 0.278 0.278 0.278 
0.539 0.726 0.672 0.755 0.385 0.278 0.278 0.278 
0.560 0.712 0.723 0.755 0.308 0.222 0.222 0.222 
0.543 0.708 0.725 0.774 0.308 0.222 0.222 0.222 
5.497 0.425 1.856 0.585 0.846 0.833 0.833 0.833 
1.541 0.613 2.581 0.623 1.000 1.000 1.000 1.000 
2.306 0.604 2.426 0.623 1.000 1.000 1.000 1.000 
2.068 0.604 1.557 0.623 1.000 1.000 1.000 1.000 
1.267 0.604 0.685 0.566 0.692 0.778 0.778 0.778 
1.154 0.528 1.448 0.377 0.077 0.056 0.056 0.056 
0.795 0.486 0.738 0.642 0.769 0.667 0.722 0.667 
0.671 0.665 1.129 0.623 0.846 0.889 0.889 0.889 
0.957 0.637 1.323 0.604 0.846 0.889 0.889 0.889 
0.960 0.646 1.261 0.679 0.846 0.778 0.778 0.722 
0.937 0.656 1.081 0.660 0.846 0.722 0.722 0.722 
0.769 0.665 0.775 0.698 0.692 0.500 0.500 0.500 
0.596 0.698 0.697 0.528 0.154 0.111 0.111 0.111 
0.675 0.646 0.774 0.547 0.615 0.444 0.444 0.444 
0.577 0.745 0.601 0.755 0.692 0.556 0.556 0.556 
0.577 0.717 0.624 0.698 0.923 0.778 0.778 0.778 
0.578 0.693 0.704 0.679 0.769 0.667 0.667 0.667 
0.585 0.708 0.786 0.717 0.538 0.389 0.389 0.389 
0.582 0.693 0.820 0.774 0.308 0.222 0.222 0.222 
0.570 0.745 0.778 0.717 0.462 0.333 0.333 0.333 
0.547 0.717 0.693 0.736 0.615 0.444 0.444 0.444 
0.564 0.722 0.658 0.717 0.615 0.500 0.500 0.500 
0.564 0.703 0.658 0.736 0.538 0.389 0.389 0.389 
0.562 0.708 0.691 0.736 0.462 0.333 0.333 0.333 
0.548 0.726 0.735 0.755 0.385 0.278 0.278 0.278 
0.543 0.741 0.755 0.755 0.385 0.278 0.278 0.278 
0.560 0.698 0.746 0.755 0.385 0.278 0.278 0.278 
0.568 0.726 0.708 0.736 0.462 0.333 0.333 0.333 
0.558 0.698 0.726 0.736 0.462 0.333 0.333 0.333 
0.554 0.717 0.754 0.755 0.385 0.278 0.278 0.278 
0.574 0.712 0.748 0.774 0.308 0.222 0.222 0.222 
0.551 0.679 0.760 0.736 0.462 0.389 0.444 0.444 
0.565 0.693 0.752 0.755 0.385 0.278 0.278 0.278 
0.560 0.675 0.725 0.736 0.462 0.333 0.333 0.333 
0.547 0.717 0.758 0.755 0.385 0.278 0.278 0.278 
0.552 0.703 0.799 0.660 0.308 0.222 0.222 0.222 
0.562 0.675 0.796 0.755 0.308 0.222 0.222 0.222 
0.577 0.708 0.728 0.755 0.385 0.278 0.278 0.278 
0.564 0.693 0.693 0.698 0.692 0.556 0.556 0.556 
0.572 0.684 0.703 0.736 0.462 0.333 0.333 0.333 
0.554 0.726 0.723 0.755 0.385 0.278 0.278 0.278 
0.549 0.693 0.700 0.698 0.462 0.333 0.333 0.333 
0.540 0.726 0.677 0.755 0.385 0.333 0.278 0.333 
0.561 0.712 0.737 0.736 0.308 0.222 0.222 0.222 
0.541 0.708 0.736 0.774 0.308 0.222 0.222 0.222 
0.556 0.679 0.765 0.755 0.231 0.167 0.167 0.167 
0.550 0.722 0.735 0.774 0.308 0.222 0.222 0.222 
0.549 0.712 0.731 0.736 0.385 0.278 0.278 0.278 
0.555 0.717 0.748 0.698 0.385 0.278 0.278 0.278 
0.548 0.698 0.742 0.755 0.385 0.278 0.278 0.278 
0.544 0.722 0.734 0.774 0.308 0.222 0.222 0.222 
0.539 0.717 0.720 0.755 0.308 0.222 0.222 0.222 
0.541 0.726 0.735 0.717 0.231 0.167 0.167 0.167 
0.537 0.722 0.725 0.736 0.308 0.222 0.222 0.222 
0.539 0.703 0.772 0.755 0.308 0.222 0.222 0.222 
0.537 0.708 0.792 0.755 0.308 0.222 0.222 0.222 
0.545 0.722 0.796 0.755 0.308 0.222 0.222 0.222 
0.554 0.698 0.769 0.755 0.308 0.222 0.222 0.222 
0.541 0.712 0.800 0.736 0.231 0.167 0.167 0.167 
0.586 0.675 0.710 0.736 0.462 0.333 0.333 0.333 
0.549 0.708 0.622 0.736 0.692 0.500 0.500 0.500 
0.548 0.708 0.645 0.755 0.538 0.389 0.389 0.389 
0.540 0.726 0.694 0.755 0.385 0.278 0.278 0.278 
0.555 0.693 0.726 0.698 0.308 0.222 0.222 0.222 
0.542 0.698 0.642 0.755 0.462 0.333 0.333 0.333 
0.535 0.726 0.649 0.755 0.462 0.333 0.333 0.333 
0.540 0.731 0.682 0.717 0.308 0.278 0.278 0.278 
0.552 0.684 0.740 0.717 0.308 0.222 0.222 0.222 
0.538 0.708 0.754 0.774 0.308 0.222 0.222 0.222 
0.535 0.731 0.743 0.774 0.308 0.222 0.222 0.222 
0.536 0.722 0.773 0.736 0.308 0.222 0.222 0.222 
0.534 0.731 0.762 0.736 0.308 0.222 0.222 0.222 
0.539 0.712 0.747 0.755 0.308 0.222 0.222 0.222 
0.526 0.712 0.715 0.755 0.308 0.222 0.222 0.222 
0.538 0.712 0.716 0.736 0.308 0.222 0.222 0.222 
0.525 0.755 0.672 0.717 0.385 0.278 0.278 0.278 
0.548 0.717 0.665 0.660 0.385 0.278 0.278 0.278 
0.526 0.703 0.669 0.736 0.385 0.278 0.278 0.278 
0.547 0.736 0.657 0.755 0.308 0.222 0.222 0.222 
0.539 0.722 0.630 0.736 0.385 0.333 0.333 0.333 
0.543 0.717 0.629 0.717 0.462 0.333 0.333 0.333 
0.541 0.731 0.679 0.698 0.385 0.278 0.278 0.278 
0.537 0.712 0.680 0.698 0.385 0.278 0.278 0.278 
0.537 0.736 0.679 0.717 0.385 0.278 0.278 0.278 
0.536 0.693 0.668 0.736 0.385 0.278 0.278 0.278 
0.537 0.708 0.669 0.755 0.385 0.278 0.278 0.278 
0.540 0.712 0.692 0.755 0.385 0.278 0.278 0.278 
0.546 0.689 0.677 0.717 0.385 0.333 0.333 0.333 
0.503 0.750 0.622 0.736 0.538 0.389 0.389 0.389 
0.522 0.722 0.649 0.736 0.462 0.333 0.333 0.333 
0.518 0.717 0.770 0.698 0.308 0.222 0.222 0.222 
0.524 0.708 0.758 0.717 0.308 0.222 0.222 0.222 
0.546 0.693 0.701 0.736 0.385 0.333 0.278 0.333 
0.539 0.731 0.644 0.736 0.462 0.333 0.333 0.333 
0.536 0.731 0.742 0.717 0.385 0.278 0.278 0.278 
0.527 0.731 0.723 0.717 0.385 0.278 0.278 0.278 
0.520 0.731 0.678 0.736 0.385 0.278 0.278 0.278 
0.529 0.717 0.694 0.717 0.385 0.278 0.278 0.278 
0.543 0.703 0.833 0.623 0.308 0.222 0.222 0.222 
0.541 0.736 0.717 0.717 0.462 0.333 0.333 0.333 
0.510 0.712 0.653 0.698 0.692 0.556 0.611 0.556 
0.552 0.722 0.718 0.717 0.462 0.333 0.333 0.333 
0.551 0.684 0.758 0.679 0.385 0.278 0.278 0.278 
0.530 0.726 0.709 0.698 0.385 0.278 0.278 0.278 
0.514 0.717 0.644 0.736 0.462 0.333 0.333 0.333 
0.534 0.708 0.679 0.755 0.385 0.278 0.278 0.278 
0.544 0.708 0.674 0.736 0.385 0.278 0.278 0.278 
0.530 0.708 0.671 0.660 0.385 0.278 0.278 0.278 
0.532 0.708 0.635 0.755 0.385 0.278 0.278 0.278 
0.529 0.717 0.634 0.736 0.462 0.278 0.278 0.333 
0.530 0.712 0.659 0.755 0.385 0.278 0.278 0.278 
0.532 0.717 0.730 0.755 0.308 0.222 0.222 0.222 
0.552 0.717 0.694 0.736 0.385 0.278 0.278 0.278 
0.529 0.712 0.646 0.755 0.462 0.333 0.333 0.333 
0.541 0.726 0.726 0.736 0.385 0.278 0.278 0.278 
0.506 0.741 0.750 0.755 0.308 0.222 0.222 0.222 
0.522 0.712 0.709 0.736 0.385 0.278 0.278 0.278 
0.526 0.745 0.706 0.736 0.385 0.278 0.278 0.278 
0.512 0.731 0.708 0.755 0.308 0.222 0.222 0.222 
0.521 0.712 0.756 0.736 0.308 0.222 0.222 0.222 
0.529 0.731 0.709 0.736 0.385 0.278 0.278 0.278 
0.511 0.764 0.700 0.736 0.385 0.278 0.278 0.278 
0.537 0.736 0.704 0.736 0.308 0.222 0.222 0.222 
0.530 0.717 0.684 0.717 0.462 0.333 0.333 0.333 
0.505 0.745 0.645 0.736 0.385 0.278 0.278 0.278 
0.528 0.722 0.707 0.660 0.385 0.278 0.278 0.278 
0.530 0.722 0.669 0.717 0.385 0.278 0.278 0.278 
0.518 0.741 0.690 0.717 0.385 0.278 0.278 0.278 
0.510 0.741 0.732 0.717 0.385 0.278 0.222 0.222 
0.523 0.736 0.710 0.736 0.385 0.278 0.278 0.278 
0.531 0.717 0.720 0.679 0.385 0.278 0.278 0.278 
0.549 0.717 0.659 0.717 0.385 0.278 0.278 0.278 
0.501 0.755 0.675 0.717 0.462 0.333 0.333 0.333 
0.513 0.741 0.683 0.717 0.385 0.278 0.278 0.278 
0.516 0.745 0.731 0.717 0.385 0.278 0.278 0.278 
0.514 0.755 0.720 0.717 0.385 0.278 0.278 0.278 
0.514 0.731 0.818 0.755 0.308 0.222 0.222 0.222 
0.538 0.736 0.780 0.755 0.308 0.222 0.222 0.222 
0.496 0.750 0.691 0.736 0.385 0.278 0.278 0.278 
0.516 0.741 0.690 0.736 0.385 0.278 0.278 0.278 
0.511 0.731 0.745 0.736 0.385 0.278 0.278 0.278 
0.534 0.703 0.736 0.736 0.385 0.278 0.278 0.278 
0.520 0.722 0.715 0.736 0.385 0.278 0.278 0.278 
0.517 0.736 0.757 0.717 0.385 0.278 0.278 0.278 
0.524 0.736 0.723 0.736 0.385 0.278 0.278 0.278 
0.507 0.745 0.643 0.736 0.462 0.333 0.333 0.333 
0.504 0.750 0.711 0.679 0.385 0.278 0.278 0.278 
0.506 0.750 0.733 0.717 0.385 0.278 0.278 0.278 
0.528 0.736 0.692 0.755 0.385 0.278 0.278 0.278 
0.523 0.717 0.746 0.717 0.462 0.333 0.333 0.333 
0.500 0.755 0.793 0.717 0.308 0.222 0.222 0.222 
0.539 0.745 0.751 0.679 0.385 0.278 0.278 0.278 
0.513 0.703 0.648 0.736 0.462 0.333 0.333 0.333 
0.508 0.750 0.703 0.736 0.385 0.278 0.278 0.278 
0.550 0.708 0.729 0.717 0.308 0.222 0.222 0.222 
0.519 0.745 0.646 0.774 0.385 0.278 0.278 0.278 
0.503 0.731 0.686 0.755 0.385 0.278 0.278 0.278 
0.499 0.722 0.888 0.623 0.308 0.222 0.222 0.222 
0.614 0.698 0.619 0.717 0.538 0.444 0.444 0.444 
0.531 0.726 0.619 0.755 0.615 0.444 0.444 0.444 
0.523 0.750 0.621 0.698 0.615 0.444 0.444 0.444 
0.506 0.741 0.781 0.660 0.308 0.278 0.278 0.278 
0.488 0.764 0.730 0.736 0.462 0.333 0.333 0.333 
0.525 0.726 0.709 0.698 0.385 0.278 0.278 0.278 
0.522 0.722 0.766 0.736 0.308 0.222 0.222 0.222 
0.529 0.722 0.741 0.736 0.385 0.278 0.278 0.278 
0.504 0.736 0.637 0.774 0.385 0.278 0.278 0.278 
0.534 0.731 0.686 0.717 0.385 0.278 0.278 0.278 
0.513 0.736 0.792 0.660 0.308 0.222 0.222 0.222 
0.501 0.764 0.802 0.642 0.308 0.222 0.222 0.222 
0.510 0.745 0.762 0.698 0.385 0.278 0.222 0.222 
0.508 0.726 0.727 0.679 0.385 0.278 0.278 0.278 
0.526 0.712 0.724 0.642 0.385 0.278 0.278 0.278 
0.500 0.750 0.719 0.717 0.385 0.278 0.278 0.278 
0.518 0.755 0.743 0.717 0.308 0.222 0.222 0.222 
0.511 0.741 0.671 0.736 0.462 0.333 0.333 0.333 
0.509 0.741 0.657 0.755 0.385 0.278 0.278 0.278 
0.504 0.736 0.648 0.755 0.385 0.278 0.278 0.278 
0.512 0.731 0.743 0.698 0.308 0.222 0.222 0.222 
0.491 0.778 0.833 0.717 0.308 0.222 0.222 0.222 
0.517 0.745 0.699 0.736 0.385 0.278 0.278 0.278 
0.507 0.722 0.623 0.755 0.462 0.333 0.389 0.333 
0.516 0.741 0.760 0.736 0.385 0.278 0.278 0.278 
0.504 0.736 0.833 0.698 0.308 0.222 0.222 0.222 
0.508 0.759 0.747 0.736 0.385 0.278 0.278 0.278 
0.515 0.745 0.654 0.736 0.385 0.278 0.278 0.278 
0.517 0.736 0.699 0.736 0.385 0.278 0.278 0.278 
0.498 0.741 0.762 0.717 0.308 0.222 0.222 0.222 
0.496 0.741 0.699 0.755 0.385 0.278 0.278 0.278 
0.527 0.722 0.658 0.717 0.462 0.333 0.333 0.333 
0.534 0.708 0.739 0.755 0.308 0.222 0.222 0.222 
0.510 0.745 0.725 0.736 0.462 0.333 0.333 0.333 
0.517 0.717 0.620 0.717 0.538 0.389 0.389 0.389 
0.535 0.708 0.674 0.623 0.538 0.389 0.444 0.389 
0.504 0.731 0.659 0.736 0.385 0.278 0.278 0.278 
0.496 0.717 0.668 0.736 0.385 0.278 0.278 0.278 
0.516 0.750 0.637 0.755 0.308 0.222 0.222 0.222 
0.516 0.722 0.766 0.679 0.308 0.222 0.222 0.222 
0.519 0.736 0.763 0.660 0.385 0.278 0.278 0.278 
0.487 0.774 0.640 0.717 0.462 0.333 0.333 0.333 
0.508 0.741 0.667 0.698 0.462 0.333 0.333 0.333 
0.545 0.736 0.739 0.717 0.308 0.222 0.222 0.222 
0.490 0.726 0.710 0.755 0.385 0.278 0.278 0.278 
0.491 0.764 0.721 0.698 0.385 0.278 0.278 0.278 
0.493 0.736 0.705 0.698 0.385 0.278 0.278 0.278 
0.525 0.722 0.730 0.736 0.385 0.278 0.278 0.278 
0.484 0.750 0.670 0.755 0.385 0.278 0.278 0.278 
0.487 0.755 0.638 0.736 0.385 0.278 0.278 0.278 
0.495 0.764 0.685 0.717 0.308 0.222 0.222 0.222 
0.517 0.731 0.771 0.679 0.308 0.222 0.222 0.222 
0.504 0.736 0.682 0.736 0.385 0.278 0.278 0.278 
0.502 0.741 0.642 0.736 0.462 0.333 0.333 0.333 
0.500 0.717 0.669 0.717 0.385 0.278 0.278 0.278 
0.526 0.717 0.780 0.698 0.308 0.222 0.222 0.222 
0.501 0.731 0.712 0.736 0.385 0.278 0.278 0.278 
0.500 0.750 0.633 0.623 0.538 0.389 0.389 0.389 
0.540 0.755 0.634 0.755 0.538 0.333 0.389 0.389 
0.494 0.750 0.787 0.736 0.462 0.333 0.333 0.333 
0.523 0.759 0.611 0.679 0.692 0.500 0.500 0.500 
0.505 0.750 0.606 0.736 0.615 0.444 0.444 0.444 
0.555 0.717 0.624 0.679 0.615 0.444 0.444 0.444 
0.491 0.741 0.753 0.736 0.308 0.222 0.222 0.222 
0.513 0.726 0.683 0.774 0.385 0.278 0.278 0.278 
0.505 0.750 0.636 0.642 0.615 0.444 0.444 0.444 
0.525 0.741 0.793 0.660 0.385 0.278 0.278 0.278 
0.492 0.741 0.769 0.717 0.308 0.222 0.222 0.222 
0.499 0.745 0.810 0.717 0.308 0.222 0.222 0.222 
0.514 0.764 0.788 0.679 0.308 0.222 0.222 0.222 
0.518 0.750 0.807 0.642 0.308 0.222 0.222 0.222 
0.502 0.750 0.682 0.717 0.385 0.278 0.278 0.278 
0.496 0.741 0.681 0.736 0.462 0.333 0.333 0.333 
0.493 0.741 0.686 0.736 0.385 0.278 0.278 0.278 
0.514 0.736 0.659 0.660 0.462 0.333 0.333 0.333 
0.509 0.745 0.698 0.717 0.462 0.333 0.333 0.333 
0.502 0.755 0.787 0.717 0.385 0.278 0.278 0.278 
0.517 0.717 0.692 0.642 0.462 0.333 0.333 0.333 
0.500 0.759 0.652 0.623 0.615 0.444 0.444 0.444 
0.562 0.698 0.699 0.736 0.385 0.278 0.278 0.278 
0.506 0.774 0.753 0.717 0.385 0.278 0.278 0.278 
0.509 0.731 0.774 0.679 0.308 0.222 0.222 0.222 
0.513 0.745 0.730 0.679 0.308 0.222 0.222 0.222 
0.521 0.731 0.713 0.717 0.385 0.278 0.278 0.278 
0.499 0.722 0.733 0.736 0.308 0.222 0.222 0.222 
0.504 0.731 0.685 0.736 0.308 0.222 0.222 0.222 
0.511 0.731 0.636 0.736 0.385 0.278 0.278 0.278 
0.489 0.759 0.603 0.755 0.462 0.333 0.333 0.333 
0.483 0.755 0.667 0.755 0.385 0.278 0.278 0.278 
0.483 0.774 0.778 0.604 0.308 0.222 0.222 0.222 
0.508 0.736 0.771 0.679 0.308 0.222 0.222 0.222 
0.484 0.745 0.686 0.717 0.385 0.278 0.278 0.278 
0.536 0.736 0.678 0.736 0.308 0.222 0.222 0.222 
0.489 0.750 0.627 0.736 0.385 0.278 0.278 0.278 
0.497 0.750 0.677 0.698 0.385 0.278 0.278 0.278 
0.499 0.745 0.713 0.679 0.308 0.222 0.222 0.222 
0.493 0.774 0.643 0.717 0.385 0.278 0.278 0.278 
0.495 0.755 0.627 0.717 0.462 0.333 0.333 0.333 
0.507 0.736 0.682 0.679 0.385 0.278 0.278 0.278 
0.471 0.774 0.679 0.660 0.462 0.333 0.333 0.333 
0.502 0.759 0.666 0.698 0.385 0.278 0.278 0.278 
0.501 0.726 0.678 0.736 0.385 0.278 0.278 0.278 
0.500 0.741 0.750 0.717 0.308 0.222 0.222 0.222 
0.517 0.731 0.707 0.698 0.385 0.278 0.278 0.278 
0.522 0.717 0.670 0.717 0.385 0.278 0.278 0.278 
0.490 0.741 0.675 0.717 0.308 0.222 0.222 0.222 
0.498 0.741 0.661 0.717 0.308 0.222 0.222 0.222 
0.485 0.750 0.619 0.717 0.385 0.278 0.278 0.278 
0.495 0.745 0.717 0.679 0.385 0.278 0.278 0.278 
0.511 0.755 0.782 0.698 0.308 0.222 0.222 0.222 
0.506 0.717 0.731 0.717 0.385 0.278 0.278 0.278 
0.497 0.759 0.661 0.717 0.385 0.278 0.278 0.278 
0.513 0.741 0.661 0.698 0.308 0.222 0.222 0.222 
0.483 0.741 0.719 0.717 0.308 0.222 0.222 0.222 
0.499 0.774 0.703 0.717 0.308 0.222 0.222 0.222 
0.480 0.741 0.651 0.717 0.308 0.222 0.222 0.222 
0.500 0.741 0.689 0.698 0.308 0.222 0.222 0.222 
0.520 0.755 0.652 0.736 0.308 0.222 0.222 0.222 
0.508 0.726 0.656 0.774 0.385 0.278 0.278 0.278 
0.496 0.750 0.655 0.736 0.385 0.278 0.278 0.278 
0.512 0.726 0.756 0.642 0.308 0.222 0.222 0.222 
0.473 0.759 0.726 0.660 0.385 0.278 0.278 0.278 
0.482 0.788 0.680 0.736 0.385 0.278 0.278 0.278 
0.508 0.712 0.696 0.698 0.385 0.278 0.278 0.278 
0.523 0.717 0.651 0.717 0.385 0.278 0.278 0.278 
0.482 0.755 0.577 0.736 0.462 0.389 0.389 0.389 
0.492 0.741 0.628 0.698 0.385 0.278 0.278 0.278 
0.515 0.722 0.738 0.679 0.308 0.222 0.222 0.222 
0.482 0.774 0.665 0.774 0.385 0.278 0.278 0.278 
0.500 0.717 0.637 0.736 0.462 0.333 0.333 0.333 
0.492 0.755 0.859 0.623 0.308 0.222 0.222 0.222 
0.508 0.745 0.632 0.660 0.538 0.389 0.389 0.389 
0.497 0.750 0.587 0.698 0.615 0.444 0.444 0.444 
0.522 0.726 0.629 0.642 0.385 0.333 0.333 0.333 
0.496 0.750 0.675 0.717 0.308 0.222 0.222 0.222 
0.506 0.712 0.674 0.736 0.308 0.222 0.222 0.222 
0.496 0.759 0.663 0.679 0.385 0.278 0.278 0.278 
0.501 0.736 0.730 0.660 0.308 0.222 0.222 0.222 
0.468 0.774 0.657 0.736 0.385 0.278 0.278 0.278 
0.513 0.745 0.704 0.698 0.308 0.222 0.222 0.222 
0.495 0.750 0.744 0.698 0.308 0.222 0.222 0.222 
0.500 0.741 0.774 0.660 0.308 0.222 0.222 0.222 
0.476 0.741 0.685 0.717 0.308 0.222 0.222 0.222 
0.489 0.736 0.738 0.679 0.308 0.222 0.222 0.222 
0.510 0.750 0.813 0.585 0.231 0.167 0.167 0.167 
0.480 0.745 0.745 0.679 0.308 0.222 0.222 0.222 
0.477 0.788 0.679 0.736 0.308 0.222 0.222 0.222 
0.508 0.731 0.803 0.660 0.308 0.222 0.222 0.222 
0.504 0.759 0.732 0.717 0.308 0.222 0.222 0.222 
0.483 0.741 0.593 0.698 0.462 0.333 0.333 0.333 
0.507 0.731 0.667 0.736 0.308 0.222 0.222 0.222 
0.513 0.722 0.674 0.736 0.308 0.222 0.222 0.222 
0.500 0.736 0.596 0.755 0.385 0.278 0.333 0.278 
0.497 0.745 0.677 0.736 0.308 0.222 0.222 0.222 
0.509 0.759 0.751 0.660 0.308 0.222 0.222 0.222 
0.490 0.750 0.687 0.679 0.308 0.222 0.222 0.222 
0.488 0.741 0.651 0.736 0.308 0.222 0.222 0.222 
0.473 0.769 0.662 0.736 0.308 0.222 0.222 0.222 
0.507 0.722 0.726 0.642 0.308 0.222 0.222 0.222 
0.487 0.745 0.652 0.736 0.308 0.222 0.222 0.222 
0.496 0.783 0.660 0.736 0.308 0.222 0.222 0.222 
0.483 0.745 0.706 0.679 0.308 0.222 0.222 0.222 
0.484 0.792 0.761 0.623 0.308 0.222 0.222 0.222 
0.514 0.759 0.877 0.604 0.231 0.167 0.167 0.167 
0.489 0.769 0.786 0.660 0.308 0.222 0.222 0.222 
0.472 0.755 0.733 0.679 0.308 0.222 0.222 0.222 
0.491 0.736 0.780 0.642 0.308 0.222 0.222 0.222 
0.486 0.764 0.792 0.623 0.308 0.222 0.222 0.222 
0.495 0.755 0.782 0.698 0.308 0.222 0.222 0.222 
0.505 0.745 0.785 0.660 0.308 0.222 0.222 0.222 
0.478 0.745 0.758 0.679 0.308 0.222 0.222 0.222 
0.484 0.759 0.715 0.698 0.308 0.222 0.222 0.222 
0.479 0.755 0.659 0.736 0.385 0.278 0.278 0.278 
0.487 0.745 0.710 0.679 0.308 0.222 0.222 0.222 
0.502 0.731 0.654 0.717 0.308 0.222 0.222 0.222 
0.496 0.745 0.679 0.698 0.385 0.278 0.278 0.278 
0.500 0.755 0.695 0.660 0.308 0.222 0.222 0.222 
0.498 0.741 0.739 0.660 0.308 0.222 0.222 0.222 
0.475 0.769 0.641 0.736 0.385 0.278 0.278 0.278 
0.491 0.755 0.644 0.736 0.308 0.222 0.222 0.222 
0.473 0.759 0.708 0.698 0.308 0.222 0.222 0.222 
0.502 0.731 0.708 0.660 0.308 0.222 0.222 0.222 
0.504 0.750 0.635 0.736 0.385 0.278 0.278 0.278 
0.500 0.736 0.671 0.717 0.308 0.222 0.222 0.222 
0.519 0.736 0.692 0.698 0.308 0.222 0.222 0.222 
0.482 0.736 0.628 0.736 0.308 0.222 0.222 0.222 
0.494 0.745 0.633 0.717 0.462 0.333 0.333 0.333 
0.510 0.755 0.767 0.660 0.308 0.222 0.222 0.222 
0.469 0.759 0.782 0.679 0.308 0.222 0.222 0.222 
0.458 0.783 0.741 0.698 0.308 0.222 0.222 0.222 
0.487 0.783 0.703 0.679 0.308 0.222 0.222 0.222 
0.512 0.750 0.731 0.679 0.308 0.222 0.222 0.222 
0.481 0.741 0.671 0.736 0.308 0.222 0.222 0.222 
0.496 0.778 0.631 0.736 0.385 0.278 0.278 0.278 
0.478 0.759 0.624 0.755 0.385 0.278 0.278 0.278 
0.507 0.726 0.705 0.698 0.308 0.222 0.222 0.222 
0.501 0.741 0.640 0.698 0.308 0.222 0.222 0.222 
0.474 0.774 0.660 0.698 0.385 0.278 0.278 0.278 
0.484 0.750 0.685 0.679 0.308 0.222 0.222 0.222 
0.478 0.745 0.702 0.623 0.308 0.222 0.222 0.222 
0.517 0.745 0.690 0.698 0.308 0.222 0.222 0.222 
0.467 0.755 0.714 0.717 0.462 0.333 0.333 0.333 
0.458 0.764 0.776 0.679 0.308 0.222 0.222 0.222 
0.471 0.783 0.839 0.566 0.308 0.222 0.222 0.222 
0.489 0.764 0.865 0.623 0.308 0.222 0.222 0.222 
0.489 0.750 0.645 0.717 0.462 0.333 0.333 0.333 
0.476 0.764 0.582 0.717 0.615 0.444 0.444 0.444 
0.490 0.759 0.769 0.679 0.308 0.222 0.222 0.222 
0.459 0.778 0.860 0.623 0.308 0.222 0.222 0.222 
0.487 0.755 0.729 0.679 0.385 0.278 0.278 0.278 
0.479 0.759 0.681 0.717 0.308 0.222 0.222 0.222 
0.474 0.769 0.762 0.660 0.308 0.222 0.222 0.222 
0.467 0.788 0.796 0.679 0.308 0.222 0.222 0.222 
0.469 0.764 0.842 0.660 0.385 0.278 0.278 0.278 
0.488 0.750 0.787 0.679 0.308 0.222 0.222 0.222 
0.471 0.778 0.768 0.623 0.308 0.222 0.222 0.222 
0.464 0.764 0.820 0.642 0.231 0.167 0.167 0.167 
0.481 0.755 0.734 0.698 0.308 0.222 0.222 0.222 
0.485 0.745 0.641 0.736 0.385 0.278 0.278 0.278 
0.504 0.726 0.711 0.679 0.308 0.222 0.222 0.222 
0.474 0.788 0.611 0.755 0.462 0.333 0.333 0.333 
0.487 0.736 0.593 0.755 0.385 0.278 0.278 0.278 
0.515 0.726 0.728 0.679 0.308 0.222 0.222 0.222 
0.461 0.802 0.663 0.698 0.308 0.222 0.222 0.222 
0.472 0.755 0.668 0.660 0.308 0.222 0.222 0.222 
0.492 0.774 0.793 0.623 0.308 0.222 0.222 0.222 
0.503 0.745 0.819 0.679 0.308 0.222 0.222 0.222 
0.469 0.759 0.703 0.717 0.308 0.222 0.222 0.222 
0.506 0.731 0.708 0.660 0.308 0.222 0.222 0.222 
0.489 0.745 0.672 0.736 0.308 0.222 0.222 0.222 
0.478 0.759 0.621 0.755 0.308 0.222 0.222 0.222 
0.485 0.750 0.683 0.660 0.308 0.222 0.222 0.222 
0.503 0.778 0.768 0.604 0.308 0.222 0.222 0.222 
0.489 0.755 0.726 0.698 0.308 0.222 0.222 0.222 
0.485 0.736 0.753 0.698 0.385 0.278 0.278 0.278 
0.498 0.755 0.799 0.698 0.308 0.222 0.222 0.222 
0.464 0.778 0.764 0.679 0.308 0.222 0.222 0.222 
0.485 0.755 0.751 0.679 0.308 0.222 0.222 0.222 
0.475 0.764 0.787 0.623 0.308 0.222 0.222 0.222 
0.487 0.774 0.739 0.660 0.308 0.222 0.222 0.222 
0.468 0.769 0.638 0.698 0.308 0.222 0.222 0.278 
0.479 0.769 0.723 0.660 0.308 0.222 0.222 0.222 
0.476 0.755 0.649 0.736 0.308 0.222 0.222 0.222 
0.480 0.759 0.601 0.736 0.385 0.278 0.278 0.278 
0.477 0.759 0.661 0.736 0.308 0.222 0.222 0.222 
0.466 0.774 0.824 0.660 0.308 0.222 0.222 0.222 
0.464 0.778 0.686 0.679 0.308 0.222 0.222 0.222 
0.486 0.778 0.578 0.660 0.538 0.389 0.444 0.389 
0.497 0.745 0.735 0.660 0.308 0.222 0.222 0.222 
0.491 0.745 0.684 0.698 0.308 0.222 0.222 0.222 
0.497 0.736 0.600 0.698 0.385 0.278 0.278 0.278 
0.488 0.769 0.673 0.623 0.308 0.222 0.222 0.222 
0.503 0.736 0.691 0.679 0.308 0.222 0.222 0.222 
0.464 0.792 0.586 0.736 0.462 0.333 0.389 0.333 
0.474 0.750 0.608 0.660 0.615 0.444 0.444 0.444 
0.503 0.750 0.720 0.604 0.462 0.333 0.333 0.333 
0.466 0.783 0.655 0.698 0.308 0.222 0.222 0.222 
0.466 0.783 0.629 0.736 0.308 0.222 0.222 0.222 
0.471 0.788 0.679 0.679 0.308 0.222 0.222 0.222 
0.482 0.792 0.747 0.623 0.308 0.222 0.222 0.222 
0.507 0.731 0.703 0.736 0.308 0.222 0.222 0.222 
0.494 0.759 0.657 0.755 0.385 0.278 0.278 0.278 
0.492 0.745 0.671 0.736 0.308 0.222 0.222 0.222 
0.486 0.764 0.728 0.642 0.308 0.222 0.222 0.222 
0.457 0.792 0.661 0.698 0.308 0.222 0.222 0.222 
0.461 0.769 0.654 0.698 0.308 0.222 0.222 0.222 
0.509 0.741 0.704 0.604 0.154 0.111 0.111 0.111 
0.458 0.778 0.567 0.736 0.308 0.222 0.222 0.222 
0.468 0.750 0.659 0.660 0.308 0.222 0.222 0.222 
0.466 0.764 0.680 0.642 0.308 0.222 0.222 0.222 
0.465 0.788 0.677 0.623 0.231 0.167 0.167 0.167 
0.497 0.764 0.689 0.679 0.308 0.222 0.222 0.222 
0.471 0.745 0.814 0.679 0.308 0.222 0.222 0.222 
0.462 0.792 0.599 0.660 0.538 0.389 0.389 0.389 
0.485 0.755 0.579 0.679 0.615 0.444 0.444 0.444 
0.488 0.731 0.669 0.642 0.462 0.333 0.333 0.333 
0.513 0.736 1.272 0.585 0.231 0.167 0.167 0.167 
0.477 0.769 1.050 0.717 0.308 0.222 0.222 0.222 
0.483 0.731 0.983 0.755 0.308 0.222 0.222 0.222 
0.499 0.750 1.053 0.660 0.231 0.167 0.167 0.167 
0.487 0.769 0.798 0.679 0.308 0.222 0.222 0.222 
0.473 0.745 0.690 0.736 0.385 0.278 0.278 0.278 
0.505 0.750 0.687 0.698 0.308 0.222 0.222 0.222 
0.469 0.774 0.831 0.660 0.308 0.222 0.222 0.222 
0.498 0.764 0.726 0.736 0.308 0.222 0.222 0.222 
0.476 0.755 0.625 0.811 0.308 0.222 0.222 0.222 
0.492 0.750 0.769 0.660 0.308 0.222 0.222 0.222 
0.461 0.755 0.612 0.736 0.308 0.222 0.222 0.222 
0.462 0.764 0.627 0.717 0.385 0.278 0.278 0.278 
0.478 0.759 0.730 0.698 0.308 0.222 0.222 0.222 
0.483 0.750 0.729 0.717 0.308 0.222 0.222 0.222 
0.468 0.769 0.652 0.698 0.308 0.222 0.222 0.222 
0.463 0.783 0.677 0.660 0.308 0.222 0.222 0.222 
0.458 0.759 0.675 0.698 0.308 0.222 0.222 0.222 
0.469 0.788 0.674 0.698 0.308 0.222 0.222 0.222 
0.485 0.750 0.768 0.642 0.231 0.167 0.167 0.167 
0.464 0.788 0.659 0.660 0.308 0.222 0.222 0.222 
0.474 0.764 0.609 0.698 0.308 0.222 0.222 0.222 
0.462 0.769 0.633 0.679 0.308 0.222 0.222 0.222 
0.472 0.769 0.724 0.585 0.231 0.167 0.167 0.167 
0.473 0.783 0.622 0.717 0.308 0.222 0.222 0.222 
0.484 0.745 0.759 0.698 0.308 0.222 0.222 0.222 
0.488 0.764 0.797 0.660 0.308 0.222 0.222 0.222 
0.447 0.783 0.712 0.660 0.231 0.167 0.167 0.167 
0.468 0.778 0.699 0.660 0.308 0.222 0.222 0.222 
0.464 0.769 0.673 0.660 0.308 0.222 0.222 0.222 
0.476 0.769 0.795 0.679 0.308 0.222 0.222 0.222 
0.461 0.778 0.664 0.717 0.308 0.222 0.222 0.222 
0.457 0.759 0.599 0.717 0.385 0.278 0.278 0.278 
0.471 0.769 0.776 0.623 0.308 0.222 0.222 0.222 
0.474 0.774 0.829 0.623 0.308 0.222 0.222 0.222 
0.487 0.764 0.685 0.660 0.308 0.222 0.222 0.222 
0.454 0.774 0.610 0.717 0.308 0.222 0.222 0.222 
0.498 0.750 0.674 0.679 0.308 0.222 0.222 0.222 
0.465 0.783 0.769 0.679 0.308 0.222 0.222 0.222 
0.456 0.764 0.698 0.698 0.308 0.222 0.222 0.222 
0.447 0.774 0.712 0.679 0.308 0.222 0.222 0.222 
0.495 0.764 0.685 0.679 0.308 0.222 0.222 0.222 
0.461 0.755 0.667 0.698 0.385 0.278 0.278 0.278 
0.444 0.783 0.666 0.698 0.308 0.222 0.222 0.222 
0.487 0.764 0.673 0.698 0.308 0.222 0.222 0.222 
0.464 0.774 0.623 0.755 0.308 0.222 0.222 0.222 
0.469 0.764 0.686 0.717 0.308 0.222 0.222 0.222 
0.470 0.764 0.694 0.679 0.308 0.222 0.222 0.222 
0.493 0.750 0.684 0.717 0.308 0.222 0.222 0.222 
0.453 0.778 0.705 0.698 0.308 0.222 0.222 0.222 
0.452 0.759 0.686 0.679 0.231 0.167 0.167 0.167 
0.479 0.764 0.737 0.679 0.231 0.167 0.167 0.167 
0.455 0.769 0.610 0.717 0.308 0.222 0.222 0.222 
0.438 0.797 0.610 0.717 0.308 0.222 0.278 0.222 
0.460 0.778 0.671 0.717 0.308 0.222 0.222 0.222 
0.459 0.759 0.715 0.679 0.308 0.222 0.222 0.222 
0.479 0.764 0.780 0.623 0.308 0.222 0.222 0.222 
0.454 0.788 0.726 0.698 0.308 0.222 0.222 0.222 
0.443 0.774 0.708 0.698 0.308 0.222 0.222 0.222 
0.460 0.755 0.653 0.736 0.308 0.222 0.222 0.222 
0.475 0.769 0.673 0.660 0.308 0.222 0.222 0.222 
0.472 0.741 0.670 0.679 0.308 0.222 0.222 0.222 
0.489 0.774 0.627 0.717 0.308 0.222 0.222 0.222 
0.453 0.745 0.699 0.736 0.308 0.222 0.222 0.222 
0.481 0.792 0.784 0.623 0.308 0.222 0.222 0.222 
0.465 0.788 0.570 0.717 0.385 0.278 0.278 0.278 
0.479 0.774 0.606 0.679 0.308 0.222 0.222 0.222 
0.485 0.759 0.687 0.623 0.231 0.167 0.167 0.167 
0.439 0.802 0.746 0.698 0.308 0.222 0.222 0.222 
0.482 0.736 0.584 0.717 0.308 0.222 0.222 0.222 
0.512 0.722 0.599 0.679 0.308 0.222 0.222 0.222 
0.451 0.788 0.672 0.660 0.308 0.222 0.222 0.222 
0.467 0.788 0.747 0.660 0.308 0.222 0.222 0.222 
0.459 0.778 0.582 0.717 0.308 0.222 0.222 0.222 
0.477 0.755 0.578 0.717 0.385 0.278 0.278 0.278 
0.467 0.755 0.720 0.604 0.231 0.167 0.167 0.167 
0.494 0.750 0.620 0.679 0.308 0.222 0.222 0.222 
0.471 0.769 0.513 0.755 0.385 0.278 0.278 0.278 
0.438 0.774 0.758 0.604 0.154 0.111 0.111 0.111 
0.531 0.717 0.731 0.623 0.231 0.167 0.167 0.167 
0.450 0.783 0.521 0.736 0.538 0.389 0.389 0.389 
0.476 0.750 0.624 0.755 0.308 0.222 0.222 0.222 
0.464 0.783 0.714 0.698 0.308 0.222 0.222 0.222 
0.428 0.807 0.650 0.717 0.308 0.222 0.222 0.222 
0.460 0.759 0.680 0.679 0.308 0.222 0.222 0.222 
0.470 0.750 0.732 0.642 0.308 0.222 0.222 0.222 
0.462 0.750 0.776 0.623 0.308 0.222 0.222 0.222 
0.450 0.788 0.683 0.698 0.308 0.222 0.222 0.222 
0.450 0.778 0.650 0.698 0.308 0.222 0.278 0.222 
0.437 0.802 0.684 0.660 0.308 0.278 0.278 0.278 
0.463 0.764 0.671 0.679 0.231 0.167 0.167 0.167 
0.471 0.769 0.570 0.698 0.385 0.278 0.278 0.278 
0.470 0.745 0.562 0.679 0.385 0.278 0.278 0.278 
0.475 0.778 0.687 0.660 0.308 0.222 0.222 0.222 
0.433 0.788 0.681 0.717 0.308 0.222 0.222 0.222 
0.495 0.759 0.744 0.604 0.308 0.222 0.222 0.222 
0.476 0.750 0.677 0.717 0.308 0.222 0.222 0.222 
0.460 0.783 0.654 0.774 0.308 0.222 0.222 0.222 
0.474 0.769 0.696 0.717 0.308 0.222 0.222 0.222 
0.461 0.764 0.735 0.660 0.308 0.222 0.222 0.222 
0.462 0.778 0.618 0.736 0.308 0.222 0.222 0.222 
0.463 0.759 0.624 0.717 0.308 0.222 0.222 0.222 
0.489 0.764 0.597 0.755 0.308 0.222 0.222 0.222 
0.452 0.783 0.675 0.698 0.308 0.222 0.222 0.222 
0.480 0.769 0.654 0.717 0.308 0.222 0.222 0.222 
0.468 0.750 0.602 0.792 0.308 0.222 0.222 0.222 
0.452 0.769 0.771 0.679 0.308 0.222 0.222 0.222 
0.452 0.778 0.763 0.660 0.308 0.222 0.222 0.222 
0.447 0.778 0.686 0.755 0.308 0.222 0.222 0.222 
0.456 0.764 0.651 0.698 0.308 0.222 0.222 0.222 
0.512 0.759 0.705 0.642 0.231 0.167 0.167 0.167 
0.443 0.788 0.607 0.698 0.308 0.222 0.222 0.222 
0.444 0.797 0.610 0.660 0.308 0.222 0.222 0.222 
0.461 0.774 0.676 0.679 0.308 0.222 0.222 0.222 
0.439 0.778 0.851 0.679 0.308 0.222 0.222 0.222 
0.445 0.792 0.861 0.698 0.308 0.222 0.222 0.222 
0.434 0.792 0.781 0.698 0.308 0.222 0.222 0.222 
0.471 0.755 0.928 0.679 0.308 0.222 0.222 0.222 
0.446 0.778 0.969 0.717 0.308 0.222 0.222 0.222 
0.448 0.783 0.826 0.679 0.308 0.222 0.222 0.222 
0.420 0.807 0.734 0.585 0.308 0.222 0.222 0.222 
0.464 0.783 0.647 0.623 0.308 0.222 0.222 0.222 
0.484 0.755 0.647 0.717 0.308 0.222 0.222 0.222 
0.456 0.764 0.722 0.717 0.308 0.222 0.222 0.222 
0.465 0.769 0.777 0.642 0.308 0.222 0.222 0.222 
0.488 0.759 0.712 0.679 0.385 0.278 0.278 0.278 
0.436 0.788 0.690 0.698 0.385 0.278 0.278 0.278 
0.468 0.792 0.734 0.604 0.308 0.222 0.222 0.222 
0.458 0.788 0.689 0.698 0.308 0.222 0.222 0.222 
0.448 0.783 0.667 0.717 0.308 0.222 0.222 0.222 
0.453 0.769 0.684 0.679 0.308 0.222 0.222 0.222 
0.448 0.750 0.808 0.604 0.308 0.222 0.222 0.222 
0.435 0.821 0.743 0.698 0.308 0.222 0.222 0.222 
0.465 0.764 0.599 0.736 0.308 0.222 0.222 0.222 
0.465 0.788 0.690 0.679 0.231 0.167 0.167 0.167 
0.460 0.783 0.698 0.679 0.308 0.222 0.222 0.222 
0.437 0.797 0.562 0.792 0.308 0.222 0.222 0.222 
0.465 0.764 0.640 0.774 0.308 0.222 0.222 0.222 
0.463 0.783 0.803 0.660 0.308 0.222 0.222 0.222 
0.418 0.830 0.700 0.679 0.308 0.222 0.222 0.222 
0.448 0.783 0.737 0.623 0.231 0.167 0.167 0.167 
0.433 0.797 0.830 0.623 0.154 0.111 0.111 0.111 
0.473 0.769 0.764 0.660 0.308 0.222 0.222 0.222 
0.448 0.802 0.624 0.736 0.308 0.222 0.222 0.222 
0.456 0.769 0.599 0.660 0.385 0.278 0.278 0.278 
0.470 0.783 0.772 0.642 0.308 0.222 0.222 0.222 
0.454 0.788 0.729 0.679 0.308 0.222 0.222 0.222 
0.431 0.811 0.616 0.736 0.308 0.222 0.222 0.222 
0.445 0.788 0.602 0.717 0.308 0.222 0.222 0.222 
0.435 0.783 0.656 0.679 0.308 0.222 0.222 0.222 
0.425 0.797 0.682 0.660 0.308 0.222 0.222 0.222 
0.454 0.788 0.661 0.660 0.308 0.222 0.222 0.222 
0.447 0.764 0.645 0.698 0.308 0.222 0.222 0.222 
0.441 0.774 0.734 0.660 0.308 0.222 0.222 0.222 
0.438 0.788 0.711 0.679 0.308 0.222 0.222 0.222 
0.458 0.774 0.720 0.679 0.308 0.222 0.222 0.222 
0.441 0.783 0.723 0.660 0.308 0.222 0.222 0.222 
0.439 0.802 0.712 0.698 0.308 0.222 0.222 0.222 
0.448 0.764 0.639 0.717 0.308 0.222 0.222 0.222 
0.472 0.783 0.589 0.736 0.308 0.222 0.222 0.222 
0.437 0.769 0.598 0.736 0.385 0.278 0.278 0.278 
0.423 0.797 0.821 0.604 0.308 0.222 0.222 0.222 
0.450 0.802 0.857 0.623 0.308 0.222 0.222 0.222 
0.447 0.783 0.683 0.679 0.308 0.222 0.222 0.222 
0.446 0.802 0.778 0.623 0.231 0.167 0.167 0.167 
0.445 0.792 0.753 0.679 0.308 0.222 0.222 0.222 
0.448 0.783 0.640 0.755 0.308 0.222 0.222 0.222 
0.462 0.769 0.740 0.698 0.308 0.222 0.222 0.222 
0.469 0.778 0.818 0.642 0.308 0.222 0.222 0.222 
0.435 0.797 0.627 0.717 0.308 0.222 0.222 0.222 
0.450 0.788 0.622 0.717 0.308 0.222 0.222 0.222 
0.430 0.807 0.752 0.660 0.308 0.222 0.222 0.222 
0.444 0.774 0.743 0.679 0.308 0.222 0.222 0.222 
0.474 0.764 0.664 0.717 0.308 0.222 0.222 0.222 
0.441 0.792 0.633 0.698 0.308 0.222 0.222 0.222 
0.465 0.778 0.565 0.755 0.308 0.222 0.222 0.222 
0.462 0.764 0.571 0.774 0.385 0.278 0.278 0.278 
0.448 0.769 0.557 0.755 0.308 0.222 0.222 0.222 
0.429 0.797 0.611 0.679 0.231 0.167 0.167 0.167 
0.449 0.797 0.629 0.698 0.231 0.167 0.167 0.167 
0.453 0.764 0.646 0.698 0.308 0.222 0.222 0.222 
0.444 0.783 0.678 0.679 0.308 0.222 0.222 0.222 
0.460 0.764 0.726 0.660 0.308 0.222 0.222 0.222 
0.438 0.788 0.814 0.660 0.308 0.222 0.222 0.222 
0.398 0.816 0.900 0.660 0.154 0.111 0.111 0.111 
0.508 0.755 0.551 0.717 0.385 0.278 0.278 0.278 
0.460 0.788 0.588 0.698 0.615 0.444 0.444 0.444 
0.473 0.778 0.681 0.585 0.231 0.167 0.167 0.167 
0.422 0.783 0.861 0.623 0.308 0.222 0.222 0.222 
0.460 0.783 0.764 0.679 0.308 0.222 0.222 0.222 
0.441 0.788 0.618 0.698 0.385 0.278 0.278 0.278 
0.445 0.811 0.654 0.679 0.231 0.167 0.167 0.167 
0.437 0.788 0.737 0.642 0.231 0.167 0.167 0.167 
0.411 0.816 0.678 0.660 0.308 0.222 0.222 0.222 
0.438 0.788 0.573 0.717 0.385 0.278 0.278 0.278 
0.439 0.788 0.661 0.698 0.308 0.222 0.222 0.222 
0.459 0.802 0.696 0.679 0.231 0.167 0.167 0.167 
0.417 0.802 0.623 0.717 0.231 0.167 0.167 0.167 
0.457 0.797 0.669 0.698 0.308 0.222 0.222 0.222 
0.472 0.755 0.617 0.698 0.385 0.278 0.278 0.278 
0.439 0.783 0.648 0.698 0.308 0.222 0.222 0.222 
0.420 0.816 0.721 0.642 0.231 0.167 0.167 0.167 
0.443 0.774 0.721 0.642 0.231 0.167 0.167 0.167 
0.472 0.774 0.699 0.679 0.308 0.222 0.222 0.222 
0.421 0.769 0.626 0.736 0.308 0.222 0.222 0.222 
0.442 0.797 0.630 0.717 0.308 0.222 0.222 0.222 
0.485 0.745 0.677 0.717 0.308 0.222 0.222 0.222 
0.429 0.788 0.611 0.736 0.308 0.222 0.222 0.222 
0.482 0.755 0.746 0.660 0.231 0.167 0.167 0.167 
0.463 0.792 0.636 0.679 0.385 0.278 0.278 0.278 
0.442 0.774 0.672 0.660 0.385 0.278 0.278 0.278 
0.462 0.802 0.735 0.623 0.308 0.222 0.222 0.222 
0.438 0.755 0.688 0.698 0.308 0.222 0.222 0.222 
0.459 0.769 0.634 0.717 0.308 0.222 0.222 0.222 
0.445 0.783 0.724 0.585 0.385 0.278 0.278 0.278 
0.423 0.802 0.645 0.698 0.308 0.222 0.222 0.222 
0.432 0.783 0.547 0.698 0.385 0.278 0.278 0.278 
0.452 0.769 0.670 0.698 0.231 0.167 0.167 0.167 
0.454 0.788 0.717 0.585 0.231 0.167 0.167 0.167 
0.432 0.783 0.605 0.717 0.308 0.222 0.222 0.222 
0.427 0.788 0.625 0.679 0.308 0.222 0.222 0.222 
0.450 0.783 0.653 0.660 0.231 0.167 0.167 0.167 
0.453 0.788 0.602 0.698 0.308 0.222 0.222 0.222 
0.446 0.769 0.585 0.698 0.308 0.222 0.222 0.222 
0.430 0.778 0.629 0.717 0.231 0.167 0.167 0.167 
0.435 0.778 0.681 0.698 0.308 0.222 0.222 0.222 
0.417 0.807 0.725 0.698 0.231 0.167 0.167 0.167 
0.446 0.792 0.701 0.698 0.231 0.167 0.167 0.167 
0.425 0.792 0.611 0.698 0.308 0.222 0.222 0.222 
0.416 0.792 0.687 0.679 0.308 0.222 0.222 0.167 
0.524 0.741 0.742 0.717 0.385 0.278 0.278 0.278 
0.429 0.778 0.719 0.774 0.385 0.389 0.389 0.389 
0.450 0.783 0.607 0.698 0.385 0.278 0.278 0.278 
0.421 0.802 0.639 0.642 0.308 0.222 0.222 0.222 
0.467 0.769 0.709 0.679 0.308 0.222 0.222 0.222 
0.443 0.778 0.593 0.736 0.308 0.222 0.222 0.222 
0.480 0.778 0.772 0.604 0.231 0.167 0.167 0.167 
0.436 0.802 0.614 0.717 0.231 0.167 0.167 0.167 
0.452 0.788 0.662 0.698 0.308 0.222 0.222 0.222 
0.427 0.825 0.666 0.698 0.308 0.222 0.222 0.222 
0.433 0.778 0.649 0.698 0.308 0.222 0.222 0.222 
0.456 0.764 0.697 0.698 0.308 0.222 0.222 0.222 
0.440 0.778 0.662 0.698 0.308 0.222 0.222 0.222 
0.439 0.802 0.705 0.717 0.231 0.167 0.167 0.167 
0.445 0.792 0.653 0.698 0.308 0.222 0.222 0.222 
0.457 0.774 0.713 0.717 0.231 0.167 0.167 0.167 
0.442 0.783 0.681 0.717 0.231 0.167 0.167 0.167 
0.432 0.792 0.801 0.698 0.308 0.222 0.222 0.222 
0.465 0.774 0.683 0.698 0.308 0.222 0.222 0.222 
0.441 0.797 0.591 0.717 0.385 0.278 0.278 0.278 
0.428 0.807 0.750 0.717 0.231 0.167 0.167 0.167 
0.465 0.769 0.711 0.717 0.231 0.167 0.167 0.167 
0.438 0.783 0.635 0.736 0.308 0.222 0.278 0.222 
0.449 0.797 0.637 0.717 0.308 0.222 0.222 0.222 
0.444 0.774 0.645 0.717 0.385 0.278 0.278 0.278 
0.454 0.783 0.716 0.698 0.231 0.167 0.167 0.167 
0.415 0.821 0.660 0.679 0.231 0.167 0.222 0.222 
0.407 0.792 0.691 0.679 0.308 0.222 0.222 0.222 
0.481 0.764 0.793 0.679 0.231 0.167 0.167 0.167 
0.414 0.811 0.734 0.679 0.308 0.222 0.222 0.222 
0.428 0.816 0.764 0.698 0.308 0.222 0.222 0.222 
0.447 0.774 0.718 0.679 0.231 0.167 0.167 0.167 
0.433 0.788 0.725 0.717 0.231 0.167 0.167 0.167 
0.490 0.759 0.782 0.660 0.385 0.278 0.278 0.278 
0.434 0.778 0.634 0.717 0.385 0.278 0.278 0.278 
0.450 0.783 0.685 0.698 0.308 0.222 0.222 0.222 
0.417 0.797 0.762 0.698 0.308 0.222 0.222 0.222 
0.440 0.788 0.805 0.679 0.308 0.222 0.222 0.222 
0.448 0.802 0.672 0.679 0.308 0.222 0.222 0.222 
0.435 0.807 0.586 0.698 0.308 0.222 0.389 0.278 
0.472 0.764 0.748 0.679 0.231 0.167 0.167 0.167 
0.445 0.802 0.784 0.698 0.385 0.333 0.333 0.333 
0.549 0.722 0.654 0.717 0.462 0.389 0.444 0.389 
0.470 0.755 0.526 0.736 0.538 0.389 0.389 0.389 
0.438 0.802 0.624 0.679 0.308 0.222 0.222 0.222 
0.442 0.788 0.700 0.698 0.385 0.333 0.333 0.333 
0.460 0.759 0.754 0.717 0.385 0.278 0.333 0.278 
0.433 0.783 0.776 0.679 0.308 0.222 0.222 0.222 
0.479 0.788 0.701 0.698 0.385 0.278 0.278 0.278 
0.441 0.778 0.723 0.717 0.385 0.333 0.333 0.333 
0.467 0.736 0.669 0.698 0.308 0.222 0.278 0.222 
0.450 0.783 0.677 0.679 0.231 0.222 0.278 0.278 
0.443 0.778 0.541 0.717 0.308 0.278 0.278 0.278 
0.444 0.797 0.707 0.679 0.385 0.333 0.333 0.333 
0.438 0.792 0.902 0.679 0.154 0.111 0.111 0.111 
0.462 0.778 0.674 0.736 0.385 0.333 0.333 0.333 
0.476 0.741 0.657 0.717 0.385 0.333 0.333 0.333 
0.436 0.788 0.756 0.679 0.385 0.278 0.278 0.278 
0.450 0.802 0.797 0.660 0.231 0.167 0.167 0.167 
0.423 0.797 0.582 0.717 0.308 0.222 0.278 0.278 
0.461 0.745 0.705 0.717 0.308 0.222 0.222 0.222 
0.487 0.778 1.020 0.679 0.231 0.167 0.167 0.167 
0.390 0.792 0.763 0.660 0.385 0.278 0.278 0.278 
0.428 0.774 0.703 0.679 0.385 0.278 0.278 0.278 
0.460 0.778 0.840 0.679 0.231 0.167 0.167 0.167 
0.458 0.788 0.732 0.717 0.231 0.222 0.222 0.222 
0.426 0.792 0.614 0.717 0.231 0.222 0.222 0.222 
0.457 0.802 0.707 0.642 0.231 0.167 0.167 0.167 
0.418 0.788 0.680 0.736 0.231 0.167 0.222 0.222 
0.424 0.821 0.714 0.736 0.308 0.222 0.278 0.278 
0.436 0.783 0.672 0.660 0.231 0.167 0.222 0.167 
0.467 0.759 0.732 0.679 0.231 0.167 0.167 0.167 
0.444 0.778 0.698 0.736 0.308 0.222 0.222 0.222 
0.417 0.811 0.785 0.717 0.308 0.222 0.222 0.222 
0.435 0.811 0.856 0.642 0.231 0.167 0.167 0.167 
0.442 0.811 0.706 0.660 0.308 0.222 0.222 0.222 
0.442 0.788 0.614 0.679 0.385 0.333 0.333 0.333 
0.447 0.759 0.658 0.698 0.308 0.222 0.222 0.222 
0.414 0.802 0.701 0.698 0.231 0.167 0.167 0.167 
0.415 0.783 0.778 0.679 0.231 0.167 0.167 0.167 
0.443 0.755 0.818 0.717 0.308 0.222 0.222 0.222 
0.446 0.788 0.670 0.698 0.385 0.278 0.278 0.278 
0.422 0.802 0.632 0.717 0.231 0.167 0.167 0.167 
0.429 0.788 0.637 0.717 0.231 0.167 0.167 0.167 
0.440 0.802 0.578 0.717 0.231 0.222 0.222 0.222 
0.420 0.792 0.729 0.604 0.231 0.167 0.167 0.167 
0.454 0.769 0.683 0.679 0.385 0.278 0.278 0.278 
0.420 0.797 0.597 0.736 0.385 0.333 0.333 0.333 
0.429 0.774 0.647 0.698 0.308 0.222 0.222 0.222 
0.440 0.774 0.715 0.660 0.308 0.222 0.222 0.222 
0.422 0.802 0.729 0.679 0.385 0.278 0.278 0.278 
0.449 0.792 0.761 0.698 0.308 0.222 0.222 0.222 
0.443 0.764 0.827 0.642 0.154 0.111 0.111 0.111 
0.424 0.783 0.665 0.717 0.308 0.222 0.222 0.222 
0.470 0.774 0.637 0.698 0.385 0.278 0.278 0.278 
0.435 0.783 0.671 0.698 0.308 0.222 0.222 0.222 
0.424 0.802 0.666 0.698 0.231 0.167 0.167 0.167 
0.454 0.759 0.636 0.698 0.385 0.278 0.278 0.278 
0.420 0.802 0.563 0.717 0.385 0.278 0.278 0.278 
0.427 0.792 0.578 0.717 0.308 0.222 0.222 0.222 
0.452 0.778 0.611 0.717 0.231 0.167 0.167 0.167 
0.443 0.778 0.675 0.717 0.231 0.167 0.222 0.167 
0.433 0.778 0.743 0.755 0.231 0.167 0.222 0.167 
0.420 0.788 0.794 0.698 0.308 0.222 0.222 0.222 
0.399 0.825 0.793 0.660 0.231 0.167 0.167 0.167 
0.426 0.811 0.818 0.660 0.231 0.167 0.167 0.167 
0.416 0.816 0.901 0.679 0.231 0.167 0.167 0.167 
0.415 0.797 0.894 0.717 0.077 0.111 0.111 0.111 
0.410 0.778 0.782 0.679 0.231 0.167 0.167 0.167 
0.430 0.792 0.701 0.679 0.308 0.222 0.222 0.222 
0.430 0.821 0.664 0.717 0.231 0.167 0.167 0.167 
0.402 0.821 0.871 0.604 0.154 0.111 0.111 0.111 
0.521 0.755 0.554 0.698 0.385 0.278 0.333 0.278 
0.429 0.797 0.564 0.755 0.538 0.389 0.500 0.444 
0.504 0.745 0.569 0.679 0.462 0.333 0.333 0.333 
0.431 0.802 0.699 0.679 0.231 0.167 0.167 0.167 
0.439 0.783 0.669 0.736 0.231 0.167 0.167 0.167 
0.439 0.783 0.578 0.736 0.308 0.222 0.278 0.278 
0.476 0.778 0.581 0.717 0.462 0.389 0.389 0.389 
0.480 0.778 0.748 0.717 0.385 0.278 0.333 0.333 
0.467 0.774 0.634 0.717 0.308 0.222 0.222 0.222 
0.411 0.816 0.611 0.736 0.308 0.222 0.278 0.222 
0.419 0.807 0.668 0.717 0.308 0.222 0.278 0.222 
0.421 0.825 0.737 0.717 0.308 0.222 0.222 0.222 
0.412 0.788 0.717 0.660 0.231 0.167 0.167 0.167 
0.429 0.797 0.686 0.717 0.231 0.167 0.167 0.167 
0.437 0.778 0.724 0.736 0.385 0.278 0.333 0.278 
0.435 0.774 0.771 0.717 0.231 0.167 0.167 0.167 
0.414 0.830 0.730 0.698 0.308 0.222 0.222 0.222 
0.403 0.821 0.612 0.698 0.308 0.222 0.222 0.222 
0.435 0.792 0.584 0.717 0.308 0.222 0.222 0.222 
0.448 0.774 0.762 0.736 0.231 0.167 0.222 0.167 
0.428 0.797 0.726 0.736 0.308 0.278 0.278 0.278 
0.431 0.802 0.652 0.717 0.308 0.278 0.278 0.278 
0.463 0.764 0.558 0.698 0.308 0.278 0.333 0.278 
0.409 0.797 0.560 0.698 0.385 0.278 0.333 0.333 
0.427 0.783 0.859 0.660 0.231 0.167 0.167 0.167 
0.430 0.802 0.804 0.679 0.231 0.167 0.167 0.167 
0.448 0.778 0.620 0.717 0.308 0.222 0.222 0.222 
0.414 0.797 0.530 0.736 0.462 0.333 0.333 0.333 
0.411 0.816 0.722 0.698 0.308 0.222 0.222 0.222 
0.401 0.816 0.798 0.679 0.231 0.167 0.167 0.167 
0.429 0.811 0.756 0.698 0.231 0.167 0.222 0.222 
0.452 0.778 0.762 0.679 0.231 0.222 0.222 0.222 
0.416 0.797 0.728 0.698 0.308 0.278 0.278 0.278 
0.418 0.783 0.720 0.717 0.231 0.222 0.222 0.222 
0.428 0.788 0.660 0.698 0.231 0.222 0.222 0.222 
0.402 0.807 0.601 0.717 0.308 0.278 0.278 0.278 
0.439 0.792 0.772 0.717 0.231 0.222 0.222 0.222 
0.447 0.769 0.805 0.717 0.231 0.167 0.222 0.222 
0.428 0.774 0.724 0.717 0.231 0.167 0.222 0.222 
0.398 0.830 0.763 0.698 0.231 0.167 0.167 0.167 
0.422 0.830 0.856 0.698 0.385 0.222 0.278 0.278 
0.427 0.788 0.739 0.698 0.308 0.222 0.222 0.222 
0.407 0.807 0.799 0.698 0.231 0.167 0.167 0.167 
0.431 0.797 0.687 0.755 0.385 0.333 0.333 0.333 
0.426 0.797 0.656 0.698 0.385 0.278 0.278 0.278 
0.424 0.792 0.698 0.660 0.231 0.167 0.167 0.167 
0.413 0.825 0.675 0.698 0.231 0.167 0.167 0.167 
0.412 0.778 0.694 0.717 0.308 0.222 0.278 0.278 
0.419 0.792 0.783 0.717 0.308 0.222 0.278 0.278 
0.398 0.811 0.754 0.698 0.308 0.222 0.278 0.278 
0.443 0.807 0.653 0.717 0.385 0.333 0.333 0.333 
0.453 0.783 0.773 0.698 0.385 0.333 0.333 0.333 
0.460 0.764 0.708 0.679 0.308 0.222 0.278 0.222 
0.443 0.811 0.553 0.717 0.385 0.278 0.333 0.333 
0.422 0.778 0.679 0.679 0.308 0.222 0.222 0.222 
0.402 0.811 0.800 0.660 0.231 0.167 0.167 0.167 
0.435 0.783 0.785 0.717 0.231 0.167 0.167 0.167 
0.433 0.745 0.637 0.755 0.231 0.167 0.167 0.167 
0.407 0.811 0.777 0.717 0.385 0.278 0.278 0.278 
0.425 0.783 0.769 0.717 0.231 0.167 0.222 0.167 
0.423 0.792 0.633 0.755 0.308 0.222 0.222 0.222 
0.416 0.755 0.650 0.736 0.308 0.222 0.222 0.222 
0.414 0.802 0.656 0.717 0.308 0.222 0.222 0.222 
0.404 0.816 0.705 0.660 0.385 0.278 0.278 0.278 
0.432 0.811 0.674 0.660 0.308 0.278 0.278 0.278 
0.455 0.750 0.717 0.660 0.231 0.222 0.222 0.222 
0.430 0.774 0.604 0.717 0.385 0.333 0.333 0.333 
0.423 0.778 0.639 0.717 0.385 0.333 0.333 0.333 
0.430 0.811 0.722 0.679 0.231 0.167 0.167 0.167 
0.436 0.816 0.789 0.679 0.385 0.278 0.278 0.278 
0.431 0.807 0.753 0.717 0.385 0.333 0.333 0.333 
0.448 0.755 0.638 0.774 0.231 0.222 0.222 0.222 
0.436 0.774 0.707 0.660 0.385 0.278 0.278 0.278 
0.429 0.792 0.728 0.679 0.385 0.278 0.278 0.278 
0.425 0.802 0.603 0.755 0.462 0.333 0.389 0.389 
0.471 0.755 0.630 0.698 0.308 0.222 0.222 0.222 
0.401 0.825 0.707 0.717 0.308 0.167 0.278 0.222 
0.414 0.816 0.707 0.717 0.308 0.278 0.278 0.278 
0.450 0.759 0.728 0.736 0.308 0.222 0.278 0.278 
0.407 0.807 0.675 0.642 0.231 0.167 0.167 0.167 
0.418 0.811 0.646 0.717 0.231 0.167 0.222 0.167 
0.432 0.778 0.790 0.679 0.385 0.278 0.278 0.278 
0.449 0.778 0.918 0.585 0.231 0.167 0.167 0.167 
0.451 0.788 0.593 0.736 0.231 0.167 0.167 0.167 
0.449 0.783 0.540 0.736 0.462 0.333 0.389 0.389 
0.445 0.778 0.773 0.660 0.308 0.222 0.222 0.222 
0.441 0.797 0.780 0.642 0.231 0.167 0.167 0.167 
0.405 0.830 0.635 0.736 0.385 0.278 0.333 0.333 
0.423 0.788 0.578 0.717 0.385 0.333 0.333 0.333 
0.430 0.792 0.891 0.642 0.154 0.111 0.167 0.111 
0.407 0.807 0.731 0.698 0.308 0.222 0.278 0.222 
0.416 0.769 0.586 0.698 0.462 0.389 0.389 0.389 
0.416 0.797 0.679 0.698 0.231 0.222 0.222 0.222 
0.441 0.750 0.849 0.585 0.385 0.278 0.333 0.333 
0.433 0.816 0.688 0.717 0.385 0.333 0.333 0.333 
0.446 0.769 0.601 0.717 0.385 0.333 0.333 0.333 
0.408 0.802 0.712 0.717 0.308 0.222 0.278 0.278 
0.433 0.802 0.821 0.679 0.385 0.278 0.278 0.278 
0.436 0.759 0.789 0.717 0.385 0.278 0.333 0.333 
0.453 0.764 0.732 0.717 0.308 0.278 0.278 0.278 
0.401 0.816 0.707 0.698 0.231 0.167 0.167 0.167 
0.415 0.811 0.645 0.717 0.462 0.333 0.333 0.333 
0.410 0.792 0.653 0.660 0.462 0.333 0.333 0.333 
0.424 0.811 0.743 0.698 0.231 0.167 0.167 0.167 
0.453 0.764 0.625 0.717 0.231 0.222 0.222 0.222 
0.402 0.802 0.651 0.736 0.308 0.278 0.278 0.278 
0.459 0.764 0.727 0.698 0.385 0.333 0.333 0.333 
0.453 0.778 0.679 0.698 0.231 0.167 0.167 0.167 
0.432 0.783 0.636 0.698 0.231 0.167 0.167 0.167 
0.431 0.816 0.689 0.679 0.308 0.222 0.222 0.222 
0.431 0.769 0.846 0.755 0.308 0.222 0.278 0.278 
0.380 0.821 0.820 0.755 0.308 0.222 0.222 0.222 
0.427 0.783 0.742 0.717 0.231 0.167 0.167 0.167 
0.419 0.788 0.668 0.736 0.308 0.222 0.222 0.222 
0.429 0.769 0.675 0.755 0.231 0.167 0.222 0.167 
0.427 0.788 0.667 0.717 0.231 0.167 0.222 0.222 
0.409 0.792 0.637 0.698 0.231 0.167 0.222 0.222 
0.429 0.788 0.640 0.679 0.231 0.167 0.222 0.167 
0.390 0.802 0.646 0.717 0.308 0.222 0.278 0.278 
0.427 0.807 0.844 0.679 0.231 0.222 0.222 0.222 
0.396 0.816 0.841 0.736 0.231 0.222 0.222 0.222 
0.455 0.759 0.739 0.698 0.231 0.222 0.222 0.222 
0.394 0.816 0.644 0.736 0.231 0.222 0.222 0.222 
0.395 0.816 0.732 0.717 0.231 0.222 0.222 0.222 
0.395 0.816 0.802 0.679 0.231 0.167 0.222 0.222 
0.400 0.835 0.802 0.660 0.231 0.167 0.222 0.167 
0.477 0.759 0.658 0.660 0.462 0.333 0.389 0.333 
0.452 0.792 0.992 0.660 0.385 0.278 0.333 0.333 
0.485 0.783 0.783 0.698 0.308 0.222 0.222 0.222 
0.418 0.783 0.674 0.623 0.308 0.222 0.278 0.222 
0.437 0.807 0.603 0.774 0.308 0.278 0.278 0.278 
0.433 0.774 0.870 0.660 0.308 0.222 0.278 0.278 
0.436 0.811 0.834 0.679 0.308 0.222 0.222 0.222 
0.398 0.811 0.811 0.717 0.231 0.167 0.222 0.222 
0.398 0.811 0.798 0.717 0.231 0.167 0.222 0.222 
0.438 0.797 0.695 0.717 0.231 0.167 0.222 0.167 
0.428 0.807 0.647 0.717 0.385 0.278 0.333 0.333 
0.436 0.797 0.703 0.736 0.231 0.222 0.222 0.222 
0.435 0.792 0.643 0.717 0.308 0.278 0.278 0.278 
0.410 0.792 0.753 0.736 0.308 0.278 0.278 0.278 
0.426 0.802 0.600 0.755 0.231 0.222 0.278 0.222 
0.435 0.783 0.628 0.698 0.308 0.278 0.278 0.278 
0.454 0.778 0.844 0.642 0.231 0.167 0.222 0.167 
0.397 0.830 0.685 0.717 0.385 0.333 0.333 0.333 
0.444 0.759 0.546 0.717 0.385 0.333 0.333 0.333 
0.464 0.774 0.557 0.698 0.385 0.333 0.333 0.333 
0.414 0.802 0.661 0.679 0.385 0.333 0.333 0.333 
0.409 0.788 0.639 0.736 0.385 0.333 0.333 0.333 
0.433 0.788 0.696 0.717 0.231 0.167 0.167 0.167 
0.459 0.755 0.736 0.698 0.385 0.278 0.278 0.278 
0.403 0.797 0.747 0.717 0.385 0.333 0.333 0.333 
0.443 0.811 0.860 0.679 0.385 0.333 0.333 0.333 
0.426 0.783 1.018 0.660 0.154 0.111 0.111 0.111 
0.443 0.774 0.615 0.736 0.385 0.333 0.333 0.333 
0.421 0.788 0.522 0.736 0.615 0.500 0.500 0.500 
0.444 0.755 0.607 0.736 0.385 0.333 0.333 0.333 
0.424 0.788 0.811 0.660 0.231 0.222 0.222 0.222 
0.443 0.778 0.663 0.698 0.308 0.278 0.278 0.278 
0.438 0.802 0.552 0.717 0.308 0.278 0.278 0.278 
0.448 0.764 0.641 0.736 0.231 0.222 0.222 0.222 
0.404 0.816 0.662 0.736 0.231 0.222 0.222 0.222 
0.390 0.807 0.592 0.698 0.308 0.278 0.278 0.278 
0.410 0.825 0.650 0.717 0.231 0.278 0.278 0.278 
0.427 0.802 0.628 0.679 0.308 0.222 0.278 0.278 
0.421 0.797 0.849 0.698 0.308 0.222 0.278 0.278 
0.431 0.792 0.740 0.698 0.308 0.278 0.278 0.278 
0.410 0.807 0.622 0.736 0.231 0.222 0.222 0.222 
0.404 0.830 0.631 0.755 0.308 0.222 0.333 0.278 
0.432 0.797 0.759 0.660 0.385 0.278 0.278 0.278 
0.430 0.769 0.734 0.736 0.231 0.167 0.222 0.222 
0.451 0.778 0.694 0.679 0.308 0.278 0.278 0.278 
0.427 0.816 0.637 0.698 0.462 0.389 0.389 0.389 
0.435 0.802 0.712 0.717 0.385 0.389 0.389 0.389 
0.459 0.759 0.733 0.717 0.308 0.278 0.278 0.278 
0.437 0.788 0.701 0.660 0.308 0.278 0.278 0.278 
0.418 0.802 0.540 0.736 0.308 0.278 0.278 0.278 
0.458 0.750 0.806 0.717 0.308 0.278 0.278 0.278 
0.494 0.802 0.831 0.717 0.231 0.222 0.222 0.222 
0.402 0.807 0.643 0.698 0.462 0.389 0.389 0.389 
0.448 0.774 0.568 0.717 0.462 0.389 0.389 0.389 
0.438 0.821 0.688 0.717 0.308 0.278 0.278 0.278 
0.400 0.830 0.730 0.717 0.385 0.333 0.333 0.333 
0.410 0.778 0.603 0.774 0.308 0.278 0.333 0.278 
0.436 0.783 0.702 0.679 0.231 0.167 0.222 0.167 
0.404 0.807 0.657 0.660 0.308 0.278 0.278 0.278 
0.408 0.816 0.589 0.698 0.308 0.278 0.278 0.278 
0.416 0.792 0.674 0.736 0.231 0.222 0.222 0.222 
0.445 0.774 0.716 0.717 0.231 0.222 0.222 0.222 
0.375 0.835 0.619 0.717 0.231 0.222 0.222 0.222 
0.398 0.792 0.607 0.755 0.231 0.222 0.222 0.222 
0.434 0.778 0.641 0.736 0.308 0.278 0.278 0.278 
0.433 0.788 0.635 0.717 0.231 0.222 0.222 0.222 
0.416 0.816 0.676 0.698 0.231 0.222 0.222 0.222 
0.402 0.825 0.748 0.717 0.231 0.222 0.222 0.222 
0.409 0.802 0.664 0.717 0.231 0.222 0.222 0.222 
0.390 0.830 0.598 0.642 0.308 0.222 0.222 0.222 
0.387 0.825 0.802 0.660 0.231 0.167 0.167 0.167 
0.391 0.821 0.696 0.717 0.231 0.167 0.222 0.222 
0.403 0.835 0.632 0.698 0.308 0.278 0.278 0.278 
0.421 0.807 0.623 0.698 0.308 0.222 0.278 0.278 
0.442 0.778 0.679 0.736 0.231 0.222 0.222 0.222 
0.417 0.783 0.725 0.717 0.385 0.333 0.333 0.333 
0.415 0.797 0.734 0.698 0.231 0.222 0.222 0.222 
0.434 0.764 0.800 0.698 0.231 0.222 0.222 0.222 
0.430 0.797 0.705 0.736 0.231 0.222 0.222 0.222 
0.411 0.802 0.620 0.698 0.385 0.333 0.333 0.333 
0.394 0.816 0.726 0.736 0.231 0.222 0.278 0.222 
0.440 0.797 0.848 0.717 0.231 0.167 0.222 0.222 
0.400 0.825 0.723 0.736 0.308 0.278 0.278 0.278 
0.423 0.802 0.730 0.698 0.231 0.222 0.222 0.222 
0.421 0.807 0.701 0.698 0.231 0.278 0.278 0.278 
0.416 0.816 0.608 0.717 0.231 0.278 0.278 0.278 
0.415 0.797 0.643 0.698 0.308 0.278 0.278 0.278 
0.414 0.802 0.728 0.698 0.231 0.222 0.222 0.222 
0.401 0.821 0.643 0.717 0.308 0.278 0.278 0.278 
0.397 0.830 0.621 0.698 0.308 0.278 0.278 0.278 
0.392 0.830 0.711 0.698 0.308 0.222 0.278 0.278 
0.394 0.792 0.681 0.698 0.231 0.222 0.278 0.222 
0.437 0.802 0.683 0.717 0.231 0.222 0.222 0.222 
0.378 0.825 0.722 0.717 0.385 0.333 0.333 0.333 
0.421 0.792 0.820 0.698 0.308 0.278 0.333 0.278 
0.452 0.759 0.692 0.717 0.308 0.278 0.278 0.278 
0.398 0.788 0.633 0.698 0.308 0.278 0.278 0.278 
0.401 0.811 0.656 0.717 0.231 0.222 0.222 0.222 
