0.679 0.589 0.696 0.487 0.000 0.000 0.000 0.000 
0.653 0.630 0.692 0.487 0.000 0.000 0.000 0.000 
0.619 0.673 0.694 0.487 0.000 0.000 0.000 0.000 
0.630 0.673 0.682 0.513 0.055 0.053 0.021 0.011 
0.622 0.691 0.709 0.497 0.275 0.358 0.116 0.021 
0.595 0.713 0.703 0.518 0.297 0.326 0.168 0.158 
0.564 0.722 0.733 0.513 0.308 0.316 0.242 0.242 
0.579 0.720 0.716 0.554 0.989 0.989 0.989 0.947 
0.557 0.727 0.870 0.497 0.407 0.442 0.211 0.116 
0.564 0.734 0.673 0.626 0.538 0.589 0.495 0.432 
0.543 0.704 0.649 0.626 0.989 0.989 0.979 0.937 
0.520 0.729 0.881 0.503 0.220 0.263 0.158 0.147 
0.518 0.739 0.784 0.533 0.791 0.821 0.653 0.653 
0.527 0.724 1.387 0.492 0.132 0.147 0.074 0.095 
0.535 0.732 1.211 0.508 0.352 0.305 0.232 0.168 
0.508 0.748 0.954 0.503 0.330 0.347 0.274 0.242 
0.483 0.746 1.219 0.497 0.396 0.400 0.347 0.274 
0.487 0.775 0.911 0.518 0.758 0.779 0.642 0.642 
0.480 0.770 1.460 0.487 0.209 0.274 0.168 0.158 
0.495 0.769 1.533 0.487 0.516 0.600 0.442 0.421 
0.514 0.755 1.484 0.497 0.429 0.400 0.284 0.189 
0.515 0.761 1.238 0.487 0.571 0.589 0.495 0.432 
0.517 0.766 1.113 0.503 0.626 0.653 0.526 0.442 
0.471 0.787 1.344 0.477 0.341 0.358 0.211 0.168 
0.468 0.783 1.068 0.508 0.516 0.505 0.389 0.337 
0.490 0.779 0.963 0.513 0.648 0.663 0.526 0.453 
0.472 0.774 1.334 0.497 0.066 0.105 0.042 0.074 
0.495 0.773 0.977 0.508 0.352 0.368 0.326 0.211 
0.468 0.802 0.752 0.605 0.451 0.432 0.326 0.326 
0.464 0.785 0.718 0.615 0.670 0.758 0.579 0.611 
0.448 0.801 0.712 0.621 0.747 0.758 0.674 0.632 
0.426 0.797 1.247 0.487 0.286 0.316 0.242 0.168 
0.437 0.806 1.102 0.492 0.462 0.474 0.358 0.326 
0.424 0.811 0.994 0.533 0.615 0.632 0.495 0.505 
0.437 0.812 1.236 0.513 0.275 0.274 0.200 0.179 
0.434 0.794 0.830 0.579 0.538 0.568 0.453 0.358 
0.442 0.817 1.068 0.508 0.198 0.253 0.158 0.137 
0.431 0.819 1.240 0.497 0.396 0.368 0.358 0.253 
0.453 0.799 0.648 0.672 0.780 0.811 0.737 0.653 
0.478 0.802 1.330 0.518 0.011 0.021 0.011 0.042 
0.458 0.798 0.739 0.615 0.462 0.505 0.411 0.379 
0.398 0.822 1.245 0.523 0.110 0.147 0.084 0.137 
0.417 0.821 0.626 0.697 0.692 0.705 0.621 0.589 
0.421 0.822 1.208 0.487 0.253 0.295 0.200 0.147 
0.423 0.822 0.719 0.646 0.462 0.484 0.432 0.442 
0.451 0.816 0.641 0.697 0.374 0.368 0.337 0.316 
0.460 0.816 1.337 0.508 0.022 0.032 0.021 0.053 
0.441 0.797 0.750 0.651 0.758 0.768 0.695 0.600 
0.418 0.821 0.596 0.733 0.791 0.842 0.779 0.674 
0.383 0.822 0.808 0.595 0.275 0.326 0.242 0.189 
0.355 0.833 0.990 0.559 0.121 0.147 0.084 0.126 
0.387 0.837 0.668 0.687 0.462 0.484 0.453 0.453 
0.381 0.838 1.141 0.533 0.582 0.579 0.484 0.421 
0.423 0.826 0.678 0.682 0.912 0.968 0.968 0.916 
0.428 0.815 1.219 0.497 0.374 0.432 0.326 0.189 
0.397 0.820 0.614 0.723 0.901 0.958 0.958 0.863 
0.389 0.831 0.572 0.718 0.648 0.674 0.547 0.558 
0.380 0.835 0.993 0.554 0.066 0.105 0.063 0.137 
0.387 0.811 0.603 0.708 0.747 0.789 0.768 0.747 
0.368 0.845 0.639 0.708 0.549 0.589 0.505 0.495 
0.384 0.839 0.759 0.631 0.407 0.421 0.347 0.295 
0.374 0.840 0.599 0.769 0.802 0.905 0.832 0.768 
0.417 0.828 0.571 0.738 0.451 0.421 0.389 0.305 
0.395 0.842 0.575 0.774 0.681 0.758 0.674 0.674 
0.388 0.854 0.529 0.749 0.692 0.768 0.663 0.642 
0.398 0.835 0.581 0.723 0.593 0.632 0.526 0.558 
0.367 0.849 0.574 0.723 0.747 0.842 0.768 0.684 
0.353 0.849 0.575 0.733 0.714 0.842 0.747 0.716 
0.335 0.862 0.572 0.738 0.549 0.579 0.505 0.474 
0.357 0.862 0.561 0.744 0.275 0.295 0.263 0.337 
0.346 0.854 0.562 0.733 0.615 0.684 0.611 0.568 
0.385 0.821 0.603 0.718 0.374 0.421 0.316 0.305 
0.347 0.853 0.789 0.636 0.604 0.611 0.516 0.495 
0.369 0.852 0.606 0.728 0.890 0.947 0.937 0.800 
0.353 0.838 0.568 0.769 0.923 0.958 0.958 0.916 
0.357 0.860 1.137 0.574 0.011 0.042 0.032 0.074 
0.370 0.840 0.818 0.641 0.484 0.568 0.474 0.463 
0.355 0.857 0.677 0.723 0.088 0.105 0.042 0.179 
0.411 0.826 0.966 0.610 0.440 0.505 0.453 0.463 
0.346 0.858 0.517 0.785 0.835 0.937 0.905 0.737 
0.325 0.866 0.591 0.754 0.637 0.705 0.611 0.558 
0.306 0.883 0.646 0.692 0.341 0.463 0.305 0.295 
0.304 0.868 0.638 0.723 0.330 0.379 0.263 0.211 
0.299 0.868 0.626 0.738 0.055 0.063 0.042 0.137 
0.291 0.881 0.579 0.713 0.308 0.368 0.337 0.316 
0.348 0.867 0.593 0.733 0.670 0.758 0.642 0.663 
0.350 0.840 0.680 0.713 0.659 0.716 0.642 0.653 
0.398 0.798 0.635 0.682 0.593 0.663 0.516 0.589 
0.317 0.847 0.563 0.754 0.791 0.916 0.832 0.811 
0.369 0.877 0.543 0.769 0.780 0.863 0.747 0.758 
0.332 0.861 0.722 0.697 0.187 0.242 0.137 0.168 
0.301 0.870 0.625 0.744 0.802 0.905 0.800 0.811 
0.330 0.865 0.735 0.682 0.407 0.463 0.411 0.368 
0.284 0.875 0.715 0.677 0.516 0.537 0.495 0.411 
0.310 0.868 1.000 0.579 0.055 0.116 0.053 0.126 
0.339 0.849 0.679 0.733 0.670 0.768 0.800 0.695 
0.325 0.866 0.664 0.754 0.978 1.000 0.989 0.989 
0.304 0.880 0.533 0.744 0.703 0.800 0.747 0.663 
0.310 0.885 0.498 0.785 0.209 0.232 0.211 0.274 
0.293 0.876 0.950 0.585 0.978 1.000 1.000 0.979 
0.274 0.879 0.529 0.764 0.560 0.621 0.547 0.463 
0.275 0.886 0.543 0.785 0.802 0.916 0.874 0.853 
0.270 0.883 0.530 0.764 0.615 0.642 0.611 0.600 
0.305 0.899 0.553 0.764 0.769 0.916 0.905 0.821 
0.302 0.866 0.520 0.774 0.516 0.568 0.558 0.495 
0.274 0.881 0.581 0.749 0.791 0.895 0.874 0.768 
0.275 0.885 0.501 0.759 0.429 0.463 0.411 0.411 
0.255 0.922 0.508 0.785 0.165 0.189 0.211 0.284 
0.283 0.894 0.503 0.790 0.615 0.695 0.737 0.674 
0.257 0.900 0.552 0.785 0.033 0.042 0.032 0.147 
0.260 0.895 0.557 0.779 0.549 0.621 0.632 0.589 
0.274 0.899 0.536 0.744 0.495 0.558 0.516 0.442 
0.270 0.891 0.532 0.754 0.681 0.747 0.726 0.695 
0.257 0.881 0.846 0.651 0.022 0.032 0.011 0.042 
0.256 0.890 0.508 0.790 0.231 0.295 0.326 0.358 
0.240 0.897 0.490 0.779 0.593 0.674 0.663 0.653 
0.293 0.905 0.754 0.703 0.022 0.032 0.084 0.168 
0.342 0.866 0.824 0.656 0.692 0.768 0.779 0.800 
0.356 0.858 0.750 0.677 0.110 0.137 0.095 0.189 
0.333 0.877 0.608 0.738 0.505 0.547 0.526 0.495 
0.291 0.888 0.506 0.795 0.648 0.705 0.705 0.674 
0.300 0.877 0.481 0.764 0.198 0.189 0.274 0.389 
0.282 0.856 0.702 0.677 0.967 1.000 1.000 0.968 
0.246 0.891 0.505 0.764 0.538 0.621 0.589 0.516 
0.230 0.905 0.503 0.805 0.615 0.674 0.611 0.589 
0.249 0.905 0.496 0.779 0.099 0.074 0.095 0.200 
0.288 0.894 0.601 0.749 0.077 0.147 0.158 0.200 
0.331 0.885 0.617 0.728 0.747 0.874 0.832 0.832 
0.341 0.870 0.494 0.769 0.484 0.632 0.653 0.568 
0.254 0.908 0.733 0.697 0.033 0.032 0.011 0.053 
0.267 0.905 0.495 0.790 0.538 0.632 0.632 0.568 
0.244 0.916 0.546 0.754 0.297 0.337 0.389 0.411 
0.246 0.898 0.514 0.779 0.330 0.379 0.432 0.421 
0.282 0.884 0.537 0.785 0.538 0.642 0.611 0.558 
0.328 0.894 0.538 0.749 0.571 0.705 0.726 0.642 
0.288 0.900 0.517 0.785 0.648 0.758 0.737 0.663 
0.265 0.921 0.584 0.744 0.110 0.105 0.137 0.200 
0.258 0.902 0.511 0.785 0.132 0.126 0.168 0.316 
0.261 0.916 0.502 0.774 0.341 0.442 0.379 0.453 
0.276 0.902 0.921 0.646 0.989 0.989 1.000 1.000 
0.290 0.893 0.534 0.774 0.912 0.937 0.916 0.863 
0.334 0.886 0.778 0.662 0.659 0.716 0.768 0.695 
0.302 0.874 0.581 0.774 0.418 0.400 0.421 0.379 
0.275 0.893 0.651 0.764 0.791 0.863 0.821 0.747 
0.216 0.916 0.648 0.708 0.769 0.853 0.884 0.811 
0.215 0.912 0.515 0.749 0.516 0.611 0.589 0.474 
0.236 0.928 0.535 0.805 0.747 0.863 0.811 0.758 
0.213 0.917 0.512 0.779 0.648 0.705 0.695 0.611 
0.250 0.921 0.619 0.769 0.143 0.200 0.137 0.158 
0.269 0.885 0.571 0.774 0.429 0.547 0.516 0.389 
0.221 0.907 0.537 0.779 0.681 0.789 0.768 0.737 
0.229 0.898 0.487 0.785 0.473 0.537 0.484 0.442 
0.241 0.899 0.506 0.769 0.582 0.663 0.716 0.663 
0.450 0.894 0.655 0.744 0.868 0.958 0.937 0.874 
0.359 0.858 0.925 0.662 0.066 0.147 0.105 0.137 
0.369 0.849 0.599 0.718 0.615 0.653 0.695 0.589 
0.259 0.898 0.559 0.790 0.780 0.863 0.905 0.842 
0.225 0.905 0.618 0.749 0.374 0.432 0.316 0.274 
0.194 0.920 0.527 0.805 0.604 0.747 0.716 0.632 
0.263 0.930 0.500 0.774 0.560 0.716 0.674 0.568 
0.206 0.913 0.634 0.754 0.231 0.284 0.211 0.189 
0.252 0.923 0.735 0.677 0.637 0.758 0.779 0.768 
0.234 0.893 0.934 0.636 0.077 0.095 0.074 0.032 
0.232 0.904 0.621 0.759 0.813 0.905 0.884 0.811 
0.306 0.902 0.490 0.800 0.429 0.589 0.537 0.463 
0.279 0.880 0.713 0.703 0.055 0.063 0.021 0.105 
0.278 0.913 0.819 0.646 0.132 0.095 0.095 0.158 
0.262 0.893 0.597 0.738 0.286 0.379 0.295 0.284 
0.269 0.904 0.557 0.764 0.637 0.758 0.747 0.600 
0.259 0.911 0.665 0.728 0.505 0.621 0.537 0.432 
0.364 0.904 0.648 0.713 0.352 0.432 0.347 0.316 
0.279 0.893 0.745 0.703 0.747 0.789 0.737 0.705 
0.249 0.908 0.475 0.800 0.725 0.821 0.737 0.684 
0.239 0.900 0.805 0.656 0.967 0.968 0.989 0.958 
0.257 0.890 0.726 0.728 0.780 0.895 0.863 0.874 
0.229 0.920 0.577 0.764 0.681 0.779 0.758 0.705 
0.218 0.927 0.509 0.774 0.451 0.600 0.547 0.474 
0.232 0.907 0.478 0.790 0.648 0.789 0.789 0.705 
0.238 0.927 0.602 0.769 0.473 0.547 0.558 0.505 
0.231 0.891 0.620 0.744 0.264 0.316 0.295 0.284 
0.184 0.927 0.515 0.764 0.363 0.400 0.368 0.305 
0.187 0.921 0.614 0.744 0.396 0.484 0.389 0.389 
0.202 0.916 0.463 0.785 0.484 0.642 0.589 0.526 
0.211 0.923 0.536 0.795 0.604 0.747 0.705 0.663 
0.214 0.918 0.745 0.708 0.440 0.589 0.537 0.568 
0.199 0.911 0.828 0.738 0.637 0.758 0.758 0.768 
0.309 0.903 0.544 0.738 0.769 0.863 0.800 0.821 
0.368 0.863 1.363 0.600 0.747 0.726 0.779 0.726 
0.261 0.886 0.706 0.692 0.703 0.821 0.768 0.737 
0.204 0.917 0.493 0.800 0.363 0.442 0.368 0.358 
0.215 0.923 0.523 0.800 0.462 0.600 0.484 0.453 
0.213 0.926 0.610 0.764 0.659 0.726 0.737 0.705 
0.248 0.903 0.994 0.595 0.956 0.968 1.000 0.989 
0.244 0.894 0.522 0.795 0.440 0.421 0.411 0.337 
0.213 0.920 0.707 0.697 0.330 0.358 0.305 0.253 
0.182 0.930 0.462 0.790 0.484 0.600 0.568 0.474 
0.190 0.936 0.504 0.785 0.484 0.684 0.621 0.600 
0.222 0.932 0.540 0.795 0.780 0.853 0.832 0.768 
0.248 0.891 0.601 0.774 0.879 0.905 0.916 0.853 
0.226 0.920 0.624 0.759 0.824 0.905 0.874 0.789 
0.187 0.936 0.584 0.785 0.824 0.916 0.863 0.779 
0.166 0.936 0.509 0.795 0.505 0.653 0.621 0.505 
0.168 0.935 0.439 0.815 0.516 0.695 0.642 0.537 
0.207 0.941 0.574 0.810 0.769 0.874 0.853 0.789 
0.174 0.931 0.548 0.769 0.648 0.779 0.726 0.705 
0.176 0.940 0.513 0.810 0.549 0.747 0.674 0.621 
0.221 0.932 0.499 0.821 0.462 0.621 0.632 0.537 
0.193 0.918 0.579 0.815 0.527 0.674 0.705 0.611 
0.197 0.930 0.658 0.744 0.901 0.947 0.947 0.905 
0.178 0.932 0.493 0.810 0.473 0.611 0.568 0.505 
0.246 0.918 0.484 0.774 0.527 0.737 0.632 0.579 
0.203 0.908 0.556 0.805 0.681 0.789 0.800 0.726 
0.160 0.944 0.596 0.821 0.714 0.789 0.768 0.716 
0.162 0.943 0.520 0.805 0.615 0.747 0.737 0.642 
0.212 0.930 0.597 0.785 0.582 0.737 0.726 0.642 
0.195 0.931 0.528 0.800 0.670 0.800 0.789 0.705 
0.159 0.944 0.532 0.821 0.538 0.663 0.632 0.568 
0.149 0.943 0.500 0.815 0.484 0.621 0.589 0.558 
0.177 0.934 0.479 0.805 0.407 0.495 0.495 0.463 
0.168 0.945 0.670 0.764 0.220 0.274 0.305 0.368 
0.154 0.936 0.586 0.810 0.648 0.779 0.737 0.726 
0.169 0.948 0.513 0.774 0.407 0.442 0.400 0.358 
0.146 0.940 0.489 0.785 0.560 0.663 0.632 0.558 
0.154 0.940 0.538 0.790 0.396 0.442 0.411 0.358 
0.144 0.945 0.551 0.821 0.385 0.484 0.400 0.368 
0.142 0.943 0.506 0.815 0.374 0.400 0.358 0.326 
0.181 0.950 0.570 0.774 0.407 0.484 0.484 0.389 
0.196 0.908 0.731 0.723 0.363 0.389 0.368 0.305 
0.173 0.951 0.583 0.785 0.407 0.537 0.537 0.421 
0.208 0.918 0.784 0.723 0.593 0.705 0.737 0.653 
0.170 0.936 0.672 0.764 0.571 0.716 0.747 0.674 
0.184 0.925 0.740 0.718 0.440 0.589 0.558 0.505 
0.199 0.930 0.641 0.785 0.604 0.716 0.737 0.695 
0.245 0.905 0.658 0.774 0.637 0.705 0.716 0.600 
0.216 0.912 0.949 0.656 0.989 1.000 1.000 0.979 
0.214 0.918 0.678 0.754 0.407 0.463 0.358 0.326 
0.239 0.925 0.632 0.774 0.582 0.705 0.600 0.558 
0.183 0.927 0.822 0.697 0.560 0.684 0.674 0.642 
0.198 0.928 0.620 0.779 0.648 0.768 0.758 0.674 
0.192 0.917 0.539 0.815 0.703 0.821 0.779 0.674 
0.171 0.928 0.540 0.754 0.527 0.653 0.632 0.484 
0.181 0.937 0.474 0.800 0.626 0.768 0.768 0.663 
0.183 0.927 0.564 0.769 0.527 0.663 0.642 0.516 
0.221 0.921 0.560 0.774 0.418 0.537 0.495 0.400 
0.187 0.936 0.683 0.733 0.516 0.674 0.589 0.547 
0.168 0.937 0.837 0.692 0.429 0.495 0.442 0.316 
0.144 0.948 0.561 0.805 0.692 0.842 0.832 0.800 
0.171 0.948 0.566 0.836 0.462 0.621 0.547 0.453 
0.224 0.935 0.622 0.779 0.538 0.684 0.632 0.516 
0.177 0.939 0.616 0.800 0.330 0.347 0.326 0.253 
0.159 0.935 0.732 0.749 0.626 0.737 0.747 0.674 
0.177 0.946 0.505 0.805 0.495 0.632 0.600 0.547 
0.189 0.934 0.578 0.800 0.396 0.505 0.495 0.411 
0.182 0.937 0.573 0.795 0.659 0.789 0.800 0.747 
0.149 0.936 0.635 0.754 0.462 0.558 0.600 0.526 
0.134 0.951 0.547 0.769 0.429 0.505 0.484 0.432 
0.135 0.945 0.561 0.785 0.396 0.421 0.463 0.442 
0.168 0.939 0.616 0.800 0.560 0.674 0.642 0.547 
0.165 0.927 0.667 0.744 0.341 0.358 0.305 0.263 
0.193 0.913 0.647 0.774 0.374 0.463 0.442 0.379 
0.226 0.934 1.848 0.554 1.000 0.979 1.000 0.989 
0.166 0.936 0.551 0.779 0.516 0.684 0.663 0.600 
0.136 0.954 0.823 0.708 0.846 0.884 0.937 0.884 
0.152 0.950 0.744 0.749 0.912 0.968 0.979 0.895 
0.147 0.944 0.603 0.795 0.703 0.789 0.800 0.705 
0.158 0.945 0.547 0.769 0.604 0.726 0.737 0.642 
0.160 0.941 0.776 0.682 0.308 0.326 0.274 0.284 
0.212 0.927 1.252 0.610 0.989 0.979 1.000 0.989 
0.296 0.891 0.791 0.713 0.802 0.884 0.853 0.768 
0.238 0.903 0.741 0.749 0.868 0.895 0.958 0.905 
0.197 0.928 0.603 0.779 0.484 0.653 0.632 0.568 
0.179 0.939 0.657 0.785 0.451 0.642 0.589 0.516 
0.143 0.943 0.648 0.738 0.363 0.411 0.389 0.379 
0.180 0.955 0.657 0.785 0.495 0.695 0.642 0.589 
0.160 0.936 1.013 0.672 0.725 0.832 0.853 0.821 
0.154 0.951 0.538 0.815 0.418 0.579 0.484 0.442 
0.159 0.940 0.813 0.733 0.923 0.958 0.958 0.874 
0.152 0.941 0.715 0.749 0.879 0.916 0.937 0.874 
0.184 0.950 1.486 0.579 1.000 0.979 1.000 0.989 
0.259 0.902 0.735 0.764 0.714 0.811 0.842 0.758 
0.197 0.922 0.846 0.708 0.451 0.537 0.558 0.526 
0.167 0.941 0.644 0.769 0.846 0.947 0.968 0.905 
0.185 0.931 0.572 0.785 0.802 0.895 0.905 0.832 
0.186 0.934 0.530 0.779 0.681 0.832 0.842 0.737 
0.178 0.921 0.592 0.774 0.462 0.579 0.516 0.442 
0.151 0.935 0.731 0.749 0.714 0.811 0.895 0.800 
0.120 0.951 0.576 0.779 0.582 0.695 0.705 0.600 
0.147 0.955 0.565 0.754 0.637 0.768 0.737 0.621 
0.165 0.934 0.779 0.764 0.967 0.947 0.979 0.916 
0.219 0.945 0.665 0.779 0.934 0.926 0.968 0.905 
0.190 0.957 0.720 0.754 0.835 0.916 0.947 0.874 
0.147 0.945 0.794 0.738 0.879 0.926 0.926 0.863 
0.183 0.935 0.635 0.769 0.516 0.579 0.547 0.368 
0.206 0.926 1.487 0.595 0.714 0.821 0.800 0.789 
0.246 0.932 0.729 0.779 0.374 0.421 0.389 0.305 
0.218 0.907 0.985 0.718 0.967 0.979 0.989 0.895 
0.214 0.925 0.615 0.795 0.934 0.958 0.968 0.895 
0.258 0.903 0.665 0.759 1.000 0.989 0.979 0.958 
0.336 0.890 0.975 0.697 1.000 1.000 1.000 0.989 
0.153 0.940 0.619 0.754 0.659 0.779 0.779 0.653 
0.131 0.953 0.589 0.810 0.703 0.884 0.832 0.737 
0.160 0.953 0.540 0.805 0.593 0.705 0.663 0.537 
0.126 0.953 0.561 0.815 0.505 0.621 0.611 0.505 
0.147 0.955 0.487 0.800 0.385 0.442 0.411 0.316 
0.166 0.950 0.506 0.790 0.516 0.674 0.642 0.526 
0.150 0.951 0.554 0.795 0.538 0.632 0.621 0.526 
0.123 0.962 0.554 0.815 0.451 0.579 0.589 0.495 
0.127 0.950 0.558 0.800 0.538 0.642 0.684 0.600 
0.112 0.962 0.738 0.779 0.747 0.853 0.863 0.842 
0.129 0.962 0.515 0.826 0.659 0.821 0.800 0.737 
0.161 0.953 0.522 0.815 0.626 0.768 0.758 0.642 
0.116 0.960 0.729 0.779 0.868 0.916 0.979 0.863 
0.110 0.951 0.591 0.805 0.604 0.737 0.716 0.632 
0.124 0.957 0.635 0.800 0.714 0.874 0.884 0.789 
0.128 0.959 0.545 0.815 0.648 0.747 0.747 0.621 
0.128 0.951 0.512 0.774 0.462 0.600 0.589 0.516 
0.119 0.959 0.511 0.815 0.670 0.789 0.789 0.695 
0.146 0.958 0.794 0.733 0.923 0.937 0.979 0.916 
0.116 0.951 0.779 0.749 0.923 0.937 0.989 0.958 
0.144 0.950 0.527 0.810 0.615 0.758 0.779 0.726 
0.120 0.951 0.733 0.738 0.538 0.674 0.726 0.663 
0.098 0.960 0.533 0.815 0.374 0.453 0.495 0.463 
0.107 0.955 0.595 0.810 0.571 0.674 0.695 0.695 
0.101 0.966 0.664 0.821 0.593 0.737 0.747 0.726 
0.127 0.957 0.567 0.821 0.560 0.653 0.642 0.579 
0.184 0.948 0.577 0.774 0.418 0.495 0.484 0.358 
0.232 0.926 0.637 0.795 0.868 0.926 0.937 0.842 
0.157 0.950 1.103 0.651 1.000 1.000 1.000 1.000 
0.137 0.954 0.559 0.815 0.802 0.905 0.895 0.779 
0.113 0.953 0.533 0.744 0.780 0.884 0.895 0.800 
0.103 0.959 0.552 0.805 0.802 0.916 0.916 0.789 
0.132 0.959 0.542 0.785 0.681 0.811 0.758 0.632 
0.131 0.950 0.589 0.759 0.648 0.768 0.737 0.632 
0.108 0.963 0.609 0.759 0.615 0.716 0.705 0.611 
0.103 0.968 0.550 0.800 0.593 0.747 0.695 0.568 
0.116 0.953 0.532 0.774 0.582 0.716 0.695 0.600 
0.154 0.955 0.711 0.815 0.670 0.832 0.779 0.737 
0.154 0.953 0.810 0.754 0.626 0.758 0.747 0.684 
0.098 0.968 0.574 0.831 0.516 0.663 0.632 0.558 
0.117 0.962 0.546 0.810 0.648 0.779 0.737 0.653 
0.153 0.959 0.642 0.790 0.473 0.600 0.589 0.463 
0.124 0.946 0.603 0.779 0.725 0.874 0.842 0.695 
0.180 0.953 0.559 0.810 0.857 0.916 0.926 0.832 
0.179 0.940 0.670 0.815 0.593 0.726 0.684 0.568 
0.137 0.957 0.773 0.769 0.989 0.979 1.000 0.968 
0.127 0.959 0.795 0.795 0.901 0.916 0.958 0.884 
0.108 0.960 0.628 0.815 0.725 0.789 0.768 0.663 
0.135 0.958 0.643 0.800 0.769 0.905 0.884 0.789 
0.115 0.954 0.748 0.790 0.802 0.874 0.916 0.811 
0.164 0.953 0.625 0.831 0.868 0.916 0.968 0.842 
0.141 0.945 0.834 0.754 0.945 0.947 0.979 0.937 
0.124 0.963 0.593 0.774 0.527 0.579 0.589 0.505 
0.113 0.957 0.790 0.769 0.912 0.916 0.968 0.916 
0.102 0.966 0.575 0.821 0.725 0.853 0.842 0.726 
0.113 0.959 0.668 0.810 0.835 0.905 0.958 0.863 
0.151 0.966 0.565 0.800 0.582 0.674 0.621 0.537 
0.144 0.949 0.552 0.826 0.451 0.516 0.495 0.368 
0.152 0.948 0.620 0.805 0.857 0.895 0.926 0.821 
0.129 0.945 0.711 0.774 0.912 0.937 0.968 0.916 
0.098 0.968 0.647 0.810 0.791 0.895 0.895 0.779 
0.094 0.962 0.644 0.805 0.791 0.905 0.895 0.811 
0.110 0.960 0.684 0.800 0.736 0.853 0.832 0.726 
0.117 0.963 0.577 0.821 0.659 0.758 0.705 0.600 
0.161 0.946 0.666 0.795 0.791 0.895 0.905 0.789 
0.122 0.955 0.887 0.769 0.912 0.916 0.958 0.853 
0.143 0.944 0.610 0.749 0.758 0.895 0.821 0.684 
0.143 0.951 0.764 0.785 0.879 0.926 0.926 0.821 
0.178 0.957 0.650 0.785 0.879 0.926 0.926 0.800 
0.139 0.951 0.790 0.759 0.978 0.958 0.989 0.947 
0.119 0.955 0.575 0.815 0.681 0.800 0.758 0.642 
0.126 0.963 0.583 0.800 0.659 0.811 0.768 0.653 
0.111 0.959 0.558 0.785 0.451 0.568 0.589 0.505 
0.123 0.959 0.695 0.764 0.901 0.926 0.947 0.863 
0.134 0.954 0.649 0.779 0.560 0.674 0.621 0.495 
0.114 0.966 0.609 0.815 0.538 0.663 0.600 0.484 
0.153 0.960 0.574 0.800 0.681 0.779 0.758 0.653 
0.127 0.943 0.555 0.795 0.549 0.684 0.568 0.453 
0.124 0.960 0.867 0.718 0.725 0.853 0.874 0.811 
0.115 0.954 0.646 0.779 0.615 0.758 0.758 0.653 
0.093 0.967 0.687 0.785 0.549 0.674 0.642 0.568 
0.124 0.964 0.620 0.815 0.582 0.726 0.716 0.642 
0.089 0.969 0.590 0.790 0.527 0.579 0.621 0.537 
0.083 0.980 0.540 0.831 0.527 0.663 0.663 0.600 
0.107 0.972 0.535 0.810 0.681 0.800 0.768 0.737 
0.143 0.954 0.781 0.774 0.758 0.884 0.884 0.821 
0.171 0.954 1.013 0.708 0.780 0.832 0.842 0.716 
0.228 0.914 0.748 0.754 0.648 0.747 0.716 0.611 
0.144 0.960 0.814 0.733 0.879 0.905 0.968 0.895 
0.127 0.950 0.787 0.728 0.626 0.758 0.705 0.579 
0.138 0.950 0.606 0.774 0.538 0.684 0.695 0.589 
0.117 0.968 0.979 0.677 0.868 0.926 1.000 0.926 
0.136 0.951 1.004 0.687 0.670 0.779 0.821 0.779 
0.151 0.960 0.925 0.733 0.901 0.937 0.958 0.926 
0.092 0.963 0.646 0.805 0.703 0.821 0.811 0.695 
0.097 0.976 0.591 0.769 0.560 0.663 0.663 0.495 
0.109 0.966 0.889 0.744 0.319 0.337 0.295 0.211 
0.118 0.955 0.606 0.805 0.736 0.811 0.747 0.589 
0.123 0.960 0.596 0.810 0.912 0.926 0.989 0.926 
0.120 0.939 0.604 0.805 0.780 0.853 0.884 0.758 
0.098 0.969 0.556 0.815 0.648 0.779 0.800 0.705 
0.107 0.962 0.604 0.810 0.626 0.779 0.758 0.684 
0.099 0.976 0.621 0.805 0.615 0.789 0.758 0.674 
0.091 0.971 0.623 0.815 0.758 0.874 0.895 0.779 
0.102 0.968 0.568 0.805 0.747 0.874 0.863 0.737 
0.102 0.976 0.554 0.790 0.659 0.800 0.789 0.674 
0.092 0.972 0.532 0.800 0.736 0.884 0.863 0.726 
0.091 0.977 0.567 0.810 0.780 0.916 0.884 0.811 
0.099 0.959 0.630 0.810 0.692 0.789 0.758 0.642 
0.090 0.972 0.622 0.836 0.670 0.768 0.726 0.674 
0.094 0.980 0.586 0.831 0.648 0.758 0.716 0.653 
0.083 0.981 0.590 0.810 0.505 0.600 0.600 0.526 
0.085 0.964 0.671 0.810 0.692 0.842 0.842 0.768 
0.092 0.968 0.499 0.836 0.670 0.821 0.800 0.695 
0.134 0.967 0.767 0.728 0.418 0.495 0.495 0.358 
0.120 0.959 0.729 0.774 0.363 0.400 0.389 0.295 
0.108 0.967 0.564 0.836 0.769 0.884 0.863 0.747 
0.092 0.969 0.541 0.795 0.725 0.874 0.821 0.705 
0.094 0.974 0.554 0.815 0.901 0.937 0.968 0.895 
0.099 0.977 0.584 0.810 0.769 0.895 0.874 0.747 
0.113 0.968 0.647 0.754 0.593 0.747 0.695 0.600 
0.090 0.976 0.700 0.764 0.582 0.705 0.684 0.558 
0.097 0.971 0.632 0.795 0.538 0.663 0.653 0.526 
0.090 0.969 0.630 0.790 0.604 0.726 0.716 0.600 
0.075 0.974 0.581 0.826 0.648 0.789 0.758 0.653 
0.083 0.976 0.657 0.821 0.791 0.884 0.905 0.800 
0.094 0.966 0.679 0.815 0.769 0.884 0.863 0.737 
0.125 0.964 0.634 0.810 0.791 0.905 0.916 0.863 
0.194 0.944 0.680 0.790 0.615 0.747 0.758 0.632 
0.115 0.957 0.674 0.800 0.626 0.768 0.768 0.653 
0.112 0.971 0.677 0.795 0.890 0.916 0.968 0.916 
0.141 0.966 0.590 0.826 0.703 0.853 0.874 0.747 
0.113 0.955 0.663 0.821 0.725 0.884 0.884 0.779 
0.091 0.968 0.646 0.769 0.725 0.895 0.811 0.747 
0.076 0.973 0.584 0.795 0.703 0.842 0.811 0.684 
0.072 0.973 0.595 0.805 0.747 0.895 0.832 0.768 
0.104 0.981 0.591 0.810 0.813 0.905 0.884 0.811 
0.130 0.962 0.651 0.810 0.824 0.842 0.884 0.768 
0.095 0.969 0.713 0.764 0.626 0.726 0.695 0.632 
0.079 0.976 0.703 0.821 0.835 0.884 0.916 0.811 
0.071 0.981 0.628 0.836 0.780 0.853 0.905 0.789 
0.080 0.977 0.722 0.805 0.813 0.874 0.884 0.779 
0.102 0.968 0.827 0.754 0.769 0.863 0.863 0.789 
0.111 0.969 0.951 0.744 0.758 0.821 0.821 0.747 
0.097 0.967 1.339 0.667 0.912 0.916 0.958 0.905 
0.103 0.960 0.646 0.815 0.813 0.884 0.905 0.842 
0.116 0.971 0.579 0.821 0.758 0.863 0.905 0.758 
0.101 0.958 0.744 0.800 0.835 0.905 0.947 0.884 
0.091 0.969 0.586 0.800 0.549 0.663 0.653 0.526 
0.076 0.969 0.638 0.795 0.769 0.874 0.863 0.768 
0.073 0.978 0.605 0.826 0.714 0.811 0.832 0.705 
0.083 0.973 0.686 0.800 0.637 0.737 0.726 0.611 
0.115 0.966 0.666 0.764 0.451 0.589 0.642 0.547 
0.081 0.969 0.730 0.810 0.901 0.926 0.979 0.895 
0.075 0.978 0.595 0.795 0.857 0.926 0.926 0.853 
0.084 0.971 0.684 0.821 0.791 0.832 0.842 0.747 
0.080 0.972 0.642 0.810 0.758 0.832 0.842 0.726 
0.088 0.981 0.600 0.815 0.747 0.853 0.853 0.747 
0.102 0.959 0.641 0.815 0.593 0.737 0.674 0.611 
0.089 0.971 0.598 0.821 0.692 0.789 0.811 0.684 
0.082 0.973 0.624 0.810 0.527 0.632 0.600 0.484 
0.078 0.973 0.639 0.795 0.407 0.484 0.505 0.421 
0.085 0.964 0.674 0.795 0.670 0.800 0.768 0.684 
0.086 0.969 0.651 0.774 0.549 0.684 0.600 0.463 
0.082 0.969 0.628 0.810 0.725 0.874 0.884 0.779 
0.107 0.974 0.615 0.815 0.747 0.842 0.853 0.768 
0.095 0.971 0.646 0.785 0.670 0.821 0.779 0.705 
0.099 0.974 0.699 0.821 0.747 0.842 0.863 0.789 
0.093 0.971 0.573 0.805 0.714 0.832 0.842 0.779 
0.090 0.968 0.684 0.815 0.659 0.800 0.779 0.758 
0.093 0.963 0.591 0.841 0.637 0.811 0.779 0.716 
0.212 0.964 0.635 0.810 0.780 0.863 0.895 0.800 
0.270 0.931 0.644 0.810 0.923 0.937 0.979 0.895 
0.129 0.966 0.716 0.800 0.659 0.832 0.832 0.747 
0.139 0.962 0.710 0.764 0.527 0.642 0.600 0.484 
0.089 0.968 0.726 0.774 0.473 0.568 0.537 0.442 
0.068 0.973 0.573 0.821 0.736 0.842 0.853 0.705 
0.058 0.985 0.680 0.826 0.703 0.842 0.811 0.695 
0.075 0.974 0.756 0.836 0.736 0.853 0.842 0.758 
0.063 0.981 0.730 0.790 0.725 0.832 0.842 0.758 
0.079 0.977 0.611 0.841 0.714 0.853 0.863 0.779 
0.082 0.983 0.629 0.821 0.725 0.832 0.874 0.747 
0.078 0.976 0.854 0.800 0.747 0.884 0.905 0.800 
0.069 0.976 0.656 0.790 0.703 0.821 0.832 0.684 
0.072 0.978 0.577 0.810 0.736 0.884 0.884 0.747 
0.099 0.972 0.665 0.800 0.758 0.853 0.863 0.674 
0.106 0.972 0.675 0.810 0.714 0.853 0.842 0.705 
0.185 0.964 0.905 0.728 0.495 0.611 0.611 0.474 
0.153 0.943 0.992 0.697 0.462 0.537 0.484 0.347 
0.094 0.976 0.709 0.826 0.549 0.705 0.642 0.495 
0.097 0.964 0.611 0.805 0.571 0.716 0.695 0.547 
0.078 0.977 0.649 0.800 0.780 0.884 0.895 0.811 
0.106 0.972 0.673 0.805 0.692 0.821 0.800 0.653 
0.090 0.968 0.676 0.805 0.923 0.947 0.958 0.874 
0.080 0.977 0.612 0.790 0.527 0.705 0.632 0.463 
0.057 0.980 0.641 0.795 0.659 0.811 0.716 0.611 
0.066 0.986 0.671 0.810 0.714 0.832 0.832 0.674 
0.073 0.983 0.626 0.810 0.758 0.863 0.842 0.737 
0.069 0.981 0.662 0.815 0.681 0.832 0.779 0.695 
0.126 0.980 0.699 0.826 0.703 0.789 0.789 0.716 
0.092 0.974 0.710 0.785 0.703 0.821 0.811 0.726 
0.117 0.969 0.582 0.800 0.725 0.884 0.853 0.705 
0.068 0.974 0.643 0.815 0.780 0.895 0.905 0.811 
0.059 0.987 0.584 0.831 0.714 0.874 0.863 0.768 
0.070 0.987 0.665 0.841 0.868 0.916 0.937 0.832 
0.069 0.983 0.588 0.810 0.846 0.905 0.926 0.821 
0.064 0.981 0.689 0.815 0.923 0.926 0.958 0.884 
0.072 0.969 0.678 0.821 0.791 0.884 0.895 0.789 
0.067 0.986 0.680 0.810 0.780 0.884 0.863 0.758 
0.087 0.986 0.605 0.810 0.725 0.811 0.821 0.705 
0.068 0.980 0.554 0.826 0.780 0.884 0.863 0.768 
0.081 0.987 0.597 0.826 0.824 0.905 0.926 0.832 
0.067 0.980 0.650 0.805 0.835 0.895 0.895 0.811 
0.086 0.978 0.626 0.790 0.747 0.853 0.874 0.747 
0.111 0.967 0.816 0.805 0.978 0.947 0.989 0.958 
0.074 0.974 0.636 0.785 0.802 0.895 0.863 0.768 
0.067 0.978 0.657 0.785 0.659 0.800 0.716 0.579 
0.109 0.977 0.599 0.815 0.769 0.884 0.884 0.726 
0.090 0.976 0.681 0.754 0.769 0.895 0.874 0.768 
0.077 0.977 0.543 0.836 0.791 0.895 0.884 0.800 
0.069 0.977 0.727 0.815 0.890 0.916 0.968 0.874 
0.059 0.985 0.674 0.826 0.758 0.842 0.853 0.747 
0.075 0.986 0.809 0.815 0.813 0.916 0.947 0.863 
0.060 0.986 0.787 0.795 0.879 0.916 0.979 0.863 
0.071 0.982 0.625 0.826 0.747 0.874 0.874 0.779 
0.073 0.982 0.639 0.831 0.692 0.832 0.768 0.674 
0.077 0.974 0.510 0.826 0.703 0.863 0.821 0.716 
0.065 0.985 0.782 0.810 0.670 0.768 0.768 0.642 
0.076 0.978 0.720 0.805 0.648 0.737 0.726 0.632 
0.062 0.983 0.692 0.795 0.582 0.758 0.695 0.579 
0.079 0.981 0.719 0.795 0.495 0.684 0.621 0.505 
0.092 0.982 0.645 0.821 0.582 0.716 0.674 0.526 
0.082 0.981 0.663 0.831 0.747 0.874 0.905 0.811 
0.073 0.978 0.603 0.826 0.637 0.789 0.747 0.632 
0.066 0.982 0.541 0.846 0.791 0.884 0.937 0.832 
0.070 0.981 0.633 0.841 0.681 0.832 0.800 0.705 
0.100 0.986 0.620 0.831 0.725 0.853 0.853 0.758 
0.075 0.981 0.651 0.815 0.582 0.758 0.674 0.589 
0.075 0.981 0.650 0.815 0.681 0.821 0.789 0.674 
0.062 0.985 0.633 0.826 0.615 0.768 0.758 0.632 
0.052 0.987 0.760 0.805 0.703 0.863 0.863 0.747 
0.065 0.982 0.606 0.836 0.714 0.874 0.853 0.758 
0.060 0.980 0.610 0.821 0.846 0.895 0.947 0.853 
0.052 0.987 0.607 0.815 0.703 0.853 0.832 0.747 
0.067 0.987 0.674 0.810 0.670 0.789 0.726 0.589 
0.068 0.978 0.751 0.821 0.681 0.821 0.779 0.674 
0.065 0.987 0.863 0.785 0.857 0.916 0.968 0.916 
0.056 0.989 0.759 0.821 0.681 0.779 0.779 0.684 
0.087 0.981 0.653 0.810 0.637 0.768 0.726 0.632 
0.065 0.980 0.658 0.831 0.802 0.916 0.916 0.853 
0.084 0.983 0.704 0.790 0.714 0.832 0.811 0.726 
0.075 0.977 0.661 0.800 0.714 0.832 0.874 0.768 
0.065 0.978 0.753 0.821 0.846 0.905 0.947 0.884 
0.062 0.978 0.715 0.810 0.703 0.821 0.832 0.737 
0.058 0.989 0.624 0.800 0.692 0.800 0.800 0.705 
0.054 0.983 0.668 0.790 0.714 0.832 0.832 0.758 
0.109 0.981 0.682 0.815 0.857 0.905 0.958 0.884 
0.119 0.971 0.738 0.769 0.923 0.926 0.989 0.926 
0.108 0.963 0.833 0.754 0.791 0.874 0.884 0.758 
0.059 0.981 0.739 0.800 0.890 0.916 0.947 0.874 
0.071 0.978 0.731 0.821 0.791 0.905 0.895 0.832 
0.137 0.981 0.631 0.805 0.714 0.853 0.853 0.737 
0.119 0.963 0.699 0.790 0.604 0.737 0.695 0.579 
0.104 0.974 0.721 0.785 0.560 0.716 0.663 0.516 
0.106 0.968 0.630 0.821 0.758 0.895 0.884 0.779 
0.096 0.978 0.698 0.810 0.780 0.884 0.874 0.747 
0.060 0.981 0.890 0.779 0.769 0.874 0.884 0.821 
0.048 0.990 0.602 0.810 0.758 0.874 0.874 0.811 
0.063 0.982 0.643 0.821 0.791 0.884 0.895 0.832 
0.055 0.985 0.666 0.800 0.769 0.884 0.863 0.821 
0.054 0.985 0.600 0.810 0.703 0.853 0.832 0.705 
0.063 0.982 0.642 0.805 0.681 0.832 0.811 0.674 
0.057 0.981 0.751 0.826 0.692 0.853 0.821 0.674 
0.061 0.986 0.642 0.826 0.736 0.863 0.863 0.779 
0.091 0.980 0.622 0.821 0.670 0.768 0.758 0.600 
0.097 0.971 0.822 0.815 0.758 0.853 0.884 0.789 
0.055 0.980 0.733 0.815 0.670 0.758 0.800 0.747 
0.059 0.985 0.653 0.831 0.593 0.716 0.695 0.589 
0.056 0.989 0.666 0.815 0.835 0.905 0.916 0.863 
0.081 0.986 0.690 0.805 0.747 0.863 0.863 0.726 
0.079 0.971 0.928 0.749 0.890 0.926 0.968 0.895 
0.076 0.982 0.716 0.790 0.791 0.884 0.884 0.800 
0.056 0.987 0.895 0.764 0.571 0.653 0.621 0.463 
0.058 0.986 0.696 0.785 0.692 0.821 0.800 0.684 
0.056 0.990 0.673 0.821 0.769 0.884 0.884 0.811 
0.048 0.989 0.702 0.826 0.648 0.747 0.737 0.611 
0.097 0.987 0.661 0.821 0.736 0.832 0.863 0.779 
0.071 0.980 0.802 0.805 0.769 0.884 0.926 0.884 
0.100 0.982 0.659 0.795 0.549 0.600 0.568 0.484 
0.095 0.972 0.865 0.785 0.670 0.758 0.758 0.632 
0.080 0.977 0.693 0.826 0.703 0.821 0.789 0.758 
0.063 0.980 0.749 0.810 0.670 0.779 0.747 0.684 
0.058 0.990 0.700 0.810 0.692 0.800 0.800 0.726 
0.079 0.980 0.601 0.805 0.703 0.811 0.789 0.705 
0.078 0.976 0.719 0.785 0.527 0.663 0.600 0.453 
0.051 0.989 0.728 0.826 0.538 0.684 0.632 0.558 
0.051 0.991 0.866 0.790 0.725 0.842 0.811 0.747 
0.063 0.986 0.677 0.831 0.659 0.737 0.737 0.653 
0.062 0.985 0.694 0.826 0.615 0.695 0.705 0.589 
0.069 0.981 0.765 0.805 0.549 0.705 0.674 0.558 
0.078 0.973 0.792 0.821 0.538 0.684 0.684 0.579 
0.055 0.983 0.768 0.800 0.593 0.695 0.716 0.611 
0.066 0.986 0.628 0.815 0.659 0.779 0.747 0.632 
0.049 0.986 0.653 0.810 0.703 0.821 0.811 0.726 
0.082 0.981 0.633 0.821 0.703 0.832 0.811 0.758 
0.067 0.980 0.642 0.805 0.670 0.737 0.768 0.684 
0.061 0.982 0.732 0.815 0.670 0.779 0.789 0.695 
0.071 0.985 0.695 0.810 0.835 0.905 0.958 0.874 
0.072 0.987 0.627 0.831 0.846 0.905 0.947 0.863 
0.081 0.992 0.692 0.805 0.648 0.705 0.684 0.558 
0.078 0.969 0.652 0.821 0.571 0.663 0.653 0.526 
0.083 0.985 0.685 0.815 0.604 0.716 0.758 0.695 
0.063 0.981 0.692 0.810 0.637 0.737 0.758 0.705 
0.056 0.987 0.726 0.836 0.703 0.811 0.811 0.758 
0.047 0.989 0.684 0.800 0.802 0.884 0.926 0.863 
0.048 0.986 0.692 0.836 0.637 0.800 0.758 0.642 
0.070 0.987 0.673 0.836 0.714 0.842 0.842 0.779 
0.054 0.982 0.722 0.815 0.714 0.832 0.853 0.768 
0.055 0.982 0.730 0.826 0.714 0.832 0.821 0.747 
0.052 0.987 0.790 0.800 0.846 0.884 0.947 0.863 
0.068 0.989 0.610 0.805 0.648 0.811 0.758 0.663 
0.072 0.982 0.689 0.810 0.582 0.726 0.705 0.589 
0.059 0.986 0.610 0.810 0.659 0.768 0.768 0.695 
0.051 0.986 0.679 0.836 0.648 0.768 0.747 0.632 
0.054 0.986 0.653 0.836 0.626 0.737 0.726 0.653 
0.048 0.991 0.772 0.821 0.648 0.768 0.758 0.663 
0.056 0.987 0.685 0.821 0.714 0.821 0.832 0.758 
0.097 0.987 0.712 0.826 0.670 0.779 0.789 0.705 
0.059 0.991 0.662 0.821 0.703 0.789 0.821 0.716 
0.056 0.985 0.631 0.779 0.516 0.621 0.600 0.505 
0.050 0.982 0.595 0.821 0.549 0.684 0.663 0.579 
0.064 0.990 0.643 0.821 0.725 0.863 0.884 0.800 
0.067 0.977 0.624 0.815 0.582 0.747 0.726 0.600 
0.049 0.985 0.667 0.810 0.495 0.547 0.568 0.463 
0.053 0.990 0.675 0.826 0.582 0.737 0.716 0.600 
0.060 0.983 0.750 0.841 0.549 0.653 0.653 0.589 
0.080 0.987 0.782 0.821 0.648 0.747 0.779 0.705 
0.082 0.971 0.696 0.826 0.538 0.642 0.653 0.579 
0.080 0.981 0.781 0.764 0.604 0.726 0.716 0.600 
0.084 0.983 0.722 0.810 0.736 0.821 0.895 0.779 
0.102 0.985 0.798 0.805 0.736 0.842 0.895 0.789 
0.094 0.987 1.280 0.723 0.934 0.958 0.989 0.958 
0.102 0.980 0.722 0.795 0.538 0.705 0.726 0.579 
0.055 0.981 0.680 0.774 0.593 0.768 0.716 0.642 
0.062 0.985 0.685 0.810 0.692 0.800 0.821 0.695 
0.050 0.986 0.652 0.810 0.659 0.779 0.768 0.642 
0.049 0.991 0.631 0.815 0.681 0.789 0.800 0.684 
0.046 0.990 0.717 0.831 0.659 0.758 0.779 0.695 
0.061 0.989 0.606 0.810 0.670 0.779 0.789 0.716 
0.085 0.980 0.674 0.815 0.659 0.789 0.789 0.716 
0.050 0.985 0.695 0.836 0.791 0.874 0.926 0.853 
0.065 0.985 0.705 0.826 0.813 0.874 0.916 0.842 
0.113 0.989 0.669 0.815 0.835 0.905 0.968 0.874 
0.047 0.987 0.921 0.759 0.505 0.547 0.505 0.389 
0.047 0.991 0.713 0.800 0.571 0.737 0.684 0.611 
0.050 0.990 0.693 0.821 0.538 0.674 0.653 0.547 
0.054 0.986 0.836 0.795 0.692 0.779 0.800 0.768 
0.062 0.985 0.761 0.821 0.703 0.800 0.811 0.758 
0.068 0.981 0.672 0.826 0.516 0.611 0.568 0.505 
0.050 0.989 0.729 0.785 0.484 0.579 0.568 0.432 
0.070 0.986 0.739 0.805 0.648 0.747 0.737 0.653 
0.131 0.977 0.658 0.810 0.692 0.779 0.779 0.674 
0.094 0.977 0.861 0.800 0.923 0.926 0.979 0.916 
0.073 0.985 0.673 0.795 0.725 0.800 0.811 0.716 
0.076 0.985 0.696 0.821 0.736 0.821 0.863 0.758 
0.054 0.981 0.579 0.831 0.813 0.895 0.905 0.884 
0.043 0.987 0.699 0.821 0.637 0.768 0.737 0.653 
0.042 0.990 0.616 0.826 0.648 0.758 0.737 0.663 
0.044 0.994 0.654 0.826 0.736 0.832 0.874 0.779 
0.060 0.989 0.652 0.821 0.637 0.747 0.758 0.684 
0.059 0.982 0.663 0.826 0.604 0.684 0.684 0.611 
0.048 0.983 0.715 0.831 0.703 0.779 0.789 0.705 
0.050 0.982 0.669 0.810 0.692 0.800 0.821 0.716 
0.045 0.990 0.728 0.821 0.681 0.768 0.779 0.695 
0.059 0.990 0.686 0.836 0.747 0.842 0.863 0.800 
0.096 0.983 0.695 0.800 0.857 0.905 0.926 0.853 
0.058 0.986 0.843 0.785 0.813 0.874 0.947 0.863 
0.080 0.982 0.693 0.841 0.714 0.811 0.821 0.726 
0.052 0.983 0.765 0.841 0.714 0.842 0.863 0.779 
0.048 0.990 0.728 0.779 0.780 0.874 0.916 0.832 
0.045 0.987 0.765 0.815 0.725 0.821 0.821 0.758 
0.047 0.990 0.601 0.826 0.725 0.821 0.853 0.726 
0.080 0.989 0.687 0.821 0.670 0.747 0.747 0.642 
0.048 0.986 0.861 0.805 0.527 0.589 0.547 0.442 
0.052 0.989 0.714 0.826 0.703 0.811 0.811 0.716 
0.093 0.983 0.724 0.836 0.681 0.811 0.800 0.695 
0.051 0.985 0.668 0.826 0.648 0.737 0.726 0.653 
0.044 0.992 0.668 0.826 0.703 0.800 0.811 0.716 
0.112 0.986 0.706 0.826 0.703 0.832 0.842 0.768 
0.128 0.982 0.763 0.810 0.670 0.789 0.811 0.695 
0.052 0.987 0.833 0.805 0.527 0.653 0.632 0.526 
0.054 0.989 0.697 0.836 0.714 0.853 0.863 0.800 
0.044 0.987 0.653 0.826 0.703 0.842 0.842 0.737 
0.040 0.990 0.740 0.821 0.758 0.863 0.905 0.821 
0.080 0.992 0.782 0.836 0.725 0.863 0.874 0.811 
0.058 0.983 0.716 0.831 0.714 0.779 0.842 0.758 
0.042 0.992 0.684 0.831 0.714 0.811 0.853 0.768 
0.052 0.992 0.711 0.826 0.626 0.758 0.747 0.684 
0.068 0.986 0.715 0.790 0.473 0.558 0.558 0.463 
0.064 0.989 0.802 0.779 0.648 0.758 0.768 0.747 
0.052 0.986 0.715 0.805 0.692 0.779 0.832 0.789 
0.078 0.981 0.610 0.815 0.659 0.737 0.726 0.642 
0.049 0.992 0.720 0.810 0.582 0.642 0.642 0.568 
0.062 0.989 0.710 0.815 0.725 0.842 0.853 0.779 
0.042 0.992 0.679 0.815 0.560 0.611 0.600 0.516 
0.044 0.994 0.725 0.810 0.560 0.621 0.621 0.526 
0.045 0.992 0.728 0.810 0.604 0.695 0.663 0.579 
0.048 0.989 0.688 0.810 0.615 0.705 0.684 0.600 
0.059 0.983 0.619 0.841 0.681 0.758 0.779 0.695 
0.043 0.991 0.756 0.826 0.736 0.842 0.842 0.747 
0.040 0.992 0.706 0.836 0.703 0.821 0.821 0.737 
0.046 0.994 0.722 0.826 0.670 0.758 0.768 0.674 
0.103 0.989 0.610 0.810 0.692 0.789 0.779 0.705 
0.052 0.989 0.681 0.831 0.791 0.874 0.947 0.842 
0.055 0.990 0.642 0.800 0.659 0.768 0.747 0.642 
0.083 0.989 0.736 0.800 0.868 0.905 0.947 0.895 
0.047 0.987 0.638 0.815 0.714 0.853 0.853 0.779 
0.042 0.994 0.723 0.815 0.703 0.832 0.853 0.747 
0.063 0.982 0.612 0.821 0.747 0.853 0.895 0.800 
0.039 0.991 0.639 0.826 0.670 0.779 0.737 0.642 
0.058 0.986 0.672 0.826 0.714 0.821 0.853 0.768 
0.048 0.990 0.758 0.805 0.802 0.863 0.916 0.821 
0.074 0.989 0.666 0.815 0.703 0.811 0.789 0.726 
0.041 0.990 0.737 0.815 0.538 0.663 0.589 0.484 
0.096 0.989 0.751 0.821 0.560 0.716 0.663 0.568 
0.057 0.987 0.743 0.795 0.747 0.842 0.905 0.832 
0.048 0.994 0.766 0.805 0.769 0.884 0.926 0.863 
0.046 0.990 0.744 0.826 0.725 0.842 0.884 0.832 
0.062 0.989 0.792 0.815 0.681 0.758 0.779 0.695 
0.066 0.989 0.818 0.790 0.538 0.653 0.632 0.568 
0.048 0.986 0.734 0.826 0.527 0.642 0.621 0.579 
0.071 0.992 0.572 0.826 0.505 0.632 0.632 0.537 
0.049 0.991 0.658 0.831 0.505 0.621 0.611 0.579 
0.082 0.991 0.765 0.815 0.703 0.800 0.811 0.737 
0.052 0.987 0.966 0.764 0.681 0.789 0.842 0.758 
0.042 0.989 0.704 0.810 0.549 0.705 0.663 0.568 
0.042 0.987 0.692 0.841 0.615 0.705 0.705 0.621 
0.044 0.995 0.643 0.836 0.670 0.768 0.800 0.684 
0.045 0.991 0.789 0.800 0.725 0.821 0.884 0.789 
0.039 0.991 0.665 0.831 0.692 0.779 0.811 0.716 
0.040 0.990 0.635 0.821 0.615 0.716 0.716 0.642 
0.040 0.990 0.691 0.836 0.648 0.726 0.716 0.674 
0.045 0.994 0.743 0.836 0.648 0.737 0.726 0.695 
0.044 0.996 0.715 0.831 0.637 0.705 0.716 0.663 
0.048 0.986 0.806 0.836 0.659 0.726 0.737 0.663 
0.043 0.994 0.687 0.836 0.681 0.758 0.779 0.705 
0.054 0.992 0.715 0.836 0.703 0.811 0.821 0.758 
0.049 0.990 0.671 0.821 0.681 0.758 0.768 0.674 
0.038 0.992 0.637 0.821 0.670 0.737 0.716 0.674 
0.131 0.992 0.756 0.821 0.692 0.779 0.779 0.695 
0.045 0.990 0.728 0.805 0.560 0.716 0.705 0.558 
0.051 0.983 0.648 0.821 0.615 0.737 0.726 0.642 
0.065 0.991 0.676 0.810 0.703 0.800 0.842 0.768 
0.061 0.982 0.897 0.769 0.824 0.895 0.947 0.874 
0.049 0.986 0.750 0.810 0.758 0.853 0.863 0.821 
0.042 0.990 0.647 0.821 0.670 0.779 0.800 0.684 
0.043 0.987 0.695 0.836 0.736 0.853 0.884 0.779 
0.034 0.994 0.698 0.841 0.736 0.842 0.863 0.789 
0.062 0.990 0.698 0.831 0.703 0.821 0.842 0.779 
0.057 0.985 0.613 0.836 0.747 0.863 0.905 0.842 
0.039 0.995 0.678 0.805 0.824 0.895 0.958 0.884 
0.044 0.989 0.611 0.821 0.780 0.863 0.905 0.821 
0.044 0.991 0.616 0.846 0.670 0.758 0.758 0.674 
0.054 0.994 0.696 0.826 0.648 0.726 0.705 0.653 
0.050 0.987 0.695 0.826 0.571 0.695 0.653 0.589 
0.047 0.990 0.668 0.831 0.692 0.758 0.800 0.737 
0.066 0.986 0.784 0.826 0.714 0.832 0.895 0.832 
0.056 0.990 0.750 0.815 0.692 0.768 0.800 0.747 
0.050 0.990 0.720 0.821 0.681 0.737 0.758 0.726 
0.049 0.986 0.704 0.841 0.681 0.768 0.800 0.768 
0.058 0.990 0.857 0.754 0.835 0.863 0.947 0.905 
0.040 0.995 0.952 0.749 0.835 0.895 0.947 0.905 
0.047 0.985 0.771 0.821 0.747 0.842 0.905 0.811 
0.038 0.989 0.705 0.826 0.681 0.832 0.863 0.779 
0.041 0.994 0.710 0.841 0.769 0.853 0.895 0.811 
0.043 0.991 0.708 0.831 0.758 0.842 0.874 0.789 
0.034 0.991 0.699 0.841 0.714 0.832 0.853 0.758 
0.049 0.987 0.588 0.821 0.681 0.779 0.800 0.716 
0.042 0.989 0.751 0.836 0.703 0.789 0.853 0.758 
0.035 0.991 0.717 0.831 0.758 0.842 0.884 0.821 
0.040 0.996 0.664 0.846 0.725 0.832 0.884 0.800 
0.060 0.989 0.612 0.841 0.703 0.768 0.811 0.737 
0.042 0.992 0.684 0.821 0.659 0.705 0.674 0.611 
0.043 0.987 0.655 0.836 0.681 0.758 0.779 0.747 
0.053 0.986 0.776 0.774 0.758 0.842 0.884 0.821 
0.038 0.990 0.699 0.821 0.703 0.800 0.832 0.768 
0.040 0.994 0.695 0.831 0.604 0.726 0.663 0.621 
0.050 0.990 0.752 0.831 0.659 0.737 0.737 0.632 
0.046 0.990 0.668 0.836 0.692 0.758 0.737 0.674 
0.048 0.992 0.768 0.821 0.593 0.674 0.663 0.589 
0.070 0.989 0.746 0.810 0.582 0.674 0.653 0.558 
0.090 0.980 0.760 0.749 0.560 0.705 0.653 0.558 
0.053 0.989 0.700 0.826 0.484 0.621 0.632 0.526 
0.073 0.989 0.677 0.815 0.670 0.737 0.737 0.695 
0.077 0.981 0.848 0.779 0.703 0.779 0.863 0.779 
0.046 0.989 0.818 0.810 0.604 0.737 0.716 0.611 
0.048 0.987 0.799 0.815 0.549 0.695 0.674 0.579 
0.053 0.992 0.645 0.815 0.615 0.737 0.747 0.653 
0.058 0.992 0.792 0.821 0.681 0.747 0.758 0.737 
0.054 0.990 0.740 0.795 0.626 0.642 0.705 0.684 
0.037 0.991 0.609 0.821 0.527 0.558 0.642 0.611 
0.052 0.995 0.675 0.815 0.582 0.642 0.663 0.621 
0.043 0.994 0.739 0.836 0.505 0.568 0.611 0.558 
0.047 0.997 0.791 0.831 0.571 0.705 0.695 0.632 
0.043 0.991 0.664 0.821 0.604 0.705 0.716 0.653 
0.041 0.991 0.678 0.826 0.495 0.632 0.642 0.579 
0.038 0.992 0.686 0.831 0.582 0.695 0.674 0.621 
0.047 0.994 0.765 0.836 0.648 0.737 0.737 0.705 
0.039 0.994 0.697 0.810 0.637 0.737 0.726 0.653 
0.044 0.991 0.759 0.836 0.615 0.726 0.674 0.611 
0.078 0.989 0.744 0.826 0.703 0.789 0.821 0.768 
0.087 0.989 0.630 0.836 0.659 0.747 0.726 0.663 
0.073 0.987 0.725 0.846 0.670 0.789 0.800 0.674 
0.052 0.983 0.674 0.815 0.582 0.726 0.653 0.579 
0.050 0.992 0.645 0.836 0.615 0.705 0.674 0.611 
0.052 0.992 0.649 0.846 0.670 0.747 0.726 0.674 
0.056 0.986 0.679 0.846 0.615 0.716 0.674 0.632 
0.078 0.983 0.683 0.851 0.681 0.747 0.737 0.695 
0.066 0.989 0.715 0.821 0.692 0.747 0.768 0.705 
0.041 0.992 0.663 0.821 0.538 0.600 0.621 0.526 
0.056 0.991 0.646 0.815 0.593 0.653 0.642 0.600 
0.053 0.995 0.708 0.821 0.571 0.674 0.663 0.589 
0.043 0.995 0.697 0.831 0.571 0.642 0.642 0.579 
0.049 0.989 0.662 0.831 0.615 0.716 0.695 0.642 
0.038 0.990 0.715 0.836 0.516 0.621 0.642 0.568 
0.042 0.990 0.629 0.836 0.593 0.684 0.674 0.642 
0.044 0.991 0.756 0.836 0.626 0.716 0.716 0.674 
0.034 0.992 0.847 0.795 0.692 0.758 0.789 0.789 
0.038 0.995 0.811 0.821 0.692 0.768 0.789 0.768 
0.035 0.995 0.821 0.821 0.692 0.758 0.779 0.747 
0.045 0.990 0.722 0.836 0.692 0.737 0.758 0.695 
0.047 0.995 0.773 0.841 0.637 0.705 0.684 0.653 
0.063 0.994 0.733 0.836 0.681 0.726 0.737 0.684 
0.061 0.990 0.753 0.831 0.692 0.747 0.779 0.695 
0.058 0.990 0.679 0.810 0.626 0.726 0.716 0.642 
0.049 0.994 0.737 0.836 0.670 0.737 0.737 0.653 
0.043 0.992 0.709 0.805 0.692 0.789 0.811 0.800 
0.048 0.991 0.727 0.841 0.692 0.737 0.768 0.716 
0.049 0.991 0.695 0.810 0.736 0.821 0.884 0.853 
0.045 0.992 0.712 0.836 0.670 0.737 0.779 0.758 
0.062 0.987 0.707 0.826 0.637 0.726 0.726 0.663 
0.036 0.994 0.698 0.826 0.659 0.716 0.758 0.674 
0.035 0.990 0.703 0.841 0.670 0.726 0.758 0.674 
0.037 0.992 0.678 0.846 0.681 0.726 0.758 0.674 
0.056 0.994 0.708 0.831 0.692 0.758 0.779 0.705 
0.035 0.992 0.668 0.826 0.626 0.674 0.663 0.611 
0.060 0.994 0.694 0.826 0.626 0.663 0.663 0.600 
0.055 0.991 0.704 0.810 0.692 0.768 0.800 0.726 
0.041 0.990 0.761 0.805 0.692 0.768 0.811 0.758 
0.040 0.992 0.700 0.821 0.703 0.821 0.863 0.789 
0.036 0.994 0.753 0.831 0.681 0.747 0.758 0.684 
0.043 0.994 0.725 0.831 0.692 0.779 0.832 0.726 
0.035 0.994 0.668 0.821 0.681 0.758 0.747 0.663 
0.040 0.995 0.663 0.836 0.692 0.768 0.811 0.716 
0.058 0.995 0.690 0.841 0.736 0.811 0.853 0.779 
0.036 0.992 0.785 0.831 0.769 0.853 0.895 0.853 
0.066 0.992 0.697 0.841 0.736 0.832 0.863 0.779 
0.068 0.995 0.773 0.785 0.791 0.884 0.937 0.884 
0.117 0.992 0.753 0.821 0.747 0.842 0.895 0.853 
0.043 0.989 0.789 0.810 0.725 0.768 0.811 0.747 
0.037 0.992 0.776 0.836 0.681 0.747 0.747 0.674 
0.042 0.991 0.698 0.846 0.692 0.758 0.789 0.726 
0.050 0.992 0.635 0.841 0.670 0.747 0.758 0.684 
0.037 0.992 0.661 0.836 0.692 0.747 0.789 0.705 
0.048 0.990 0.686 0.831 0.648 0.737 0.747 0.737 
0.045 0.987 0.725 0.800 0.418 0.474 0.432 0.326 
0.035 0.992 0.766 0.841 0.484 0.621 0.600 0.526 
0.041 0.991 0.661 0.836 0.626 0.726 0.705 0.684 
0.040 0.991 0.807 0.821 0.681 0.737 0.747 0.747 
0.045 0.990 0.789 0.821 0.692 0.747 0.758 0.726 
0.039 0.994 0.717 0.836 0.703 0.758 0.821 0.779 
0.039 0.992 0.688 0.841 0.703 0.758 0.800 0.726 
0.042 0.992 0.618 0.831 0.582 0.716 0.684 0.611 
0.045 0.989 0.637 0.841 0.604 0.726 0.684 0.632 
0.082 0.990 0.779 0.821 0.681 0.747 0.800 0.758 
0.100 0.982 0.817 0.779 0.780 0.874 0.916 0.884 
0.044 0.990 0.828 0.779 0.857 0.905 0.968 0.937 
0.042 0.992 0.685 0.836 0.714 0.832 0.863 0.758 
0.031 0.997 0.707 0.810 0.626 0.726 0.684 0.621 
0.039 0.989 0.633 0.831 0.659 0.747 0.768 0.695 
0.069 0.990 0.669 0.836 0.725 0.811 0.863 0.800 
0.050 0.995 0.805 0.810 0.780 0.895 0.895 0.863 
0.035 0.990 0.689 0.836 0.659 0.747 0.758 0.695 
0.033 0.995 0.720 0.841 0.637 0.726 0.695 0.642 
0.044 0.994 0.701 0.841 0.604 0.726 0.695 0.632 
0.044 0.995 0.701 0.831 0.626 0.737 0.674 0.632 
0.038 0.995 0.767 0.815 0.615 0.684 0.674 0.632 
0.037 0.995 0.666 0.831 0.505 0.632 0.621 0.516 
0.043 0.989 0.671 0.836 0.615 0.726 0.684 0.611 
0.054 0.994 0.698 0.836 0.637 0.726 0.695 0.663 
0.039 0.994 0.654 0.815 0.582 0.674 0.695 0.642 
0.038 0.991 0.732 0.836 0.560 0.632 0.632 0.589 
0.046 0.990 0.646 0.836 0.571 0.695 0.653 0.589 
0.034 0.995 0.677 0.836 0.615 0.716 0.684 0.611 
0.033 0.995 0.691 0.841 0.637 0.726 0.695 0.653 
0.036 0.990 0.707 0.821 0.659 0.758 0.737 0.684 
0.049 0.990 0.713 0.836 0.648 0.747 0.716 0.674 
0.032 0.997 0.663 0.831 0.703 0.768 0.800 0.758 
0.074 0.987 0.718 0.856 0.703 0.768 0.811 0.747 
0.061 0.991 0.722 0.821 0.736 0.842 0.853 0.821 
0.058 0.990 0.684 0.821 0.725 0.832 0.863 0.842 
0.043 0.992 0.685 0.831 0.659 0.747 0.758 0.663 
0.054 0.989 0.613 0.836 0.637 0.726 0.684 0.642 
0.058 0.989 0.713 0.831 0.681 0.747 0.716 0.663 
0.041 0.990 0.735 0.800 0.670 0.737 0.747 0.716 
0.091 0.992 0.697 0.841 0.648 0.747 0.758 0.674 
0.033 0.991 0.708 0.826 0.659 0.758 0.737 0.705 
0.041 0.992 0.695 0.846 0.626 0.726 0.705 0.642 
0.055 0.991 0.735 0.831 0.692 0.758 0.811 0.737 
0.034 0.994 0.842 0.805 0.681 0.758 0.811 0.726 
0.056 0.987 0.693 0.841 0.637 0.737 0.716 0.684 
0.051 0.994 0.681 0.815 0.615 0.726 0.684 0.653 
0.036 0.994 0.648 0.815 0.637 0.726 0.684 0.600 
0.033 0.996 0.686 0.836 0.670 0.758 0.779 0.695 
0.031 0.994 0.738 0.836 0.681 0.747 0.800 0.705 
0.035 0.992 0.820 0.836 0.681 0.758 0.789 0.737 
0.063 0.992 0.760 0.826 0.703 0.758 0.821 0.768 
0.048 0.991 0.785 0.821 0.692 0.758 0.821 0.737 
0.058 0.992 0.669 0.815 0.604 0.695 0.674 0.600 
0.061 0.986 0.710 0.810 0.593 0.705 0.653 0.579 
0.052 0.985 0.711 0.815 0.462 0.526 0.537 0.421 
0.052 0.992 0.664 0.836 0.604 0.705 0.684 0.611 
0.047 0.986 0.657 0.815 0.659 0.737 0.716 0.684 
0.052 0.992 0.702 0.836 0.648 0.726 0.705 0.663 
0.054 0.991 0.686 0.846 0.648 0.737 0.705 0.684 
0.039 0.996 0.683 0.841 0.604 0.705 0.695 0.621 
0.070 0.991 0.622 0.826 0.615 0.705 0.674 0.600 
0.051 0.996 0.669 0.836 0.692 0.768 0.811 0.726 
0.054 0.990 0.772 0.821 0.725 0.832 0.853 0.779 
0.037 0.997 0.643 0.836 0.637 0.716 0.674 0.600 
0.031 0.990 0.682 0.826 0.637 0.737 0.684 0.621 
0.035 0.991 0.741 0.836 0.637 0.726 0.695 0.663 
0.036 0.994 0.722 0.846 0.659 0.768 0.758 0.737 
0.062 0.994 0.743 0.831 0.692 0.779 0.779 0.737 
0.037 0.991 0.750 0.821 0.714 0.779 0.832 0.789 
0.048 0.992 0.664 0.841 0.648 0.758 0.726 0.716 
0.085 0.992 0.637 0.815 0.604 0.705 0.684 0.589 
0.040 0.990 0.711 0.821 0.604 0.705 0.653 0.589 
0.043 0.987 0.650 0.821 0.637 0.737 0.684 0.642 
0.035 0.990 0.739 0.836 0.648 0.747 0.768 0.737 
0.059 0.991 0.728 0.841 0.648 0.747 0.758 0.726 
0.039 0.996 0.692 0.831 0.637 0.726 0.695 0.653 
0.033 0.996 0.710 0.831 0.637 0.716 0.674 0.642 
0.034 0.999 0.706 0.831 0.637 0.726 0.695 0.642 
0.035 0.996 0.742 0.831 0.637 0.726 0.695 0.642 
0.041 0.994 0.681 0.836 0.593 0.705 0.674 0.632 
0.059 0.989 0.667 0.831 0.637 0.737 0.726 0.684 
0.054 0.995 0.608 0.841 0.637 0.747 0.726 0.716 
0.037 0.995 0.694 0.846 0.637 0.726 0.716 0.663 
0.080 0.994 0.740 0.836 0.604 0.695 0.684 0.621 
0.070 0.991 0.782 0.826 0.659 0.737 0.726 0.695 
0.038 0.996 0.734 0.826 0.681 0.747 0.779 0.737 
0.040 0.991 0.709 0.841 0.626 0.726 0.705 0.674 
0.052 0.992 0.770 0.836 0.659 0.779 0.821 0.758 
0.031 0.996 0.717 0.826 0.791 0.863 0.926 0.853 
0.038 0.994 0.726 0.831 0.692 0.789 0.811 0.768 
0.038 0.994 0.680 0.831 0.703 0.779 0.800 0.758 
0.063 0.987 0.666 0.831 0.637 0.737 0.705 0.684 
0.036 0.992 0.693 0.815 0.648 0.737 0.726 0.695 
0.036 0.996 0.669 0.831 0.681 0.747 0.768 0.705 
0.033 0.994 0.701 0.836 0.692 0.747 0.800 0.716 
0.039 0.995 0.774 0.831 0.670 0.737 0.768 0.705 
0.032 0.994 0.702 0.836 0.681 0.737 0.800 0.726 
0.033 0.996 0.656 0.831 0.637 0.737 0.737 0.705 
0.030 0.996 0.715 0.846 0.637 0.737 0.747 0.705 
0.033 0.992 0.712 0.831 0.637 0.737 0.758 0.695 
0.035 0.996 0.746 0.841 0.670 0.737 0.758 0.705 
0.029 0.996 0.781 0.831 0.692 0.747 0.811 0.768 
0.068 0.996 0.671 0.841 0.637 0.737 0.695 0.674 
0.046 0.989 0.753 0.815 0.615 0.705 0.663 0.579 
0.048 0.992 0.811 0.836 0.626 0.716 0.674 0.579 
0.029 0.996 0.691 0.841 0.648 0.737 0.737 0.674 
0.044 0.999 0.777 0.841 0.703 0.758 0.811 0.726 
0.054 0.995 0.681 0.841 0.714 0.800 0.842 0.800 
0.053 0.994 0.684 0.841 0.714 0.779 0.832 0.737 
0.050 0.991 0.732 0.821 0.495 0.600 0.589 0.516 
0.037 0.994 0.627 0.841 0.626 0.726 0.695 0.653 
0.032 0.996 0.838 0.831 0.703 0.768 0.811 0.768 
0.035 0.996 0.664 0.846 0.692 0.779 0.832 0.768 
0.038 0.992 0.723 0.836 0.692 0.768 0.811 0.716 
0.033 0.994 0.714 0.836 0.637 0.737 0.695 0.674 
0.029 0.996 0.755 0.841 0.637 0.747 0.737 0.674 
0.043 0.995 0.643 0.831 0.637 0.747 0.737 0.684 
0.031 0.995 0.744 0.826 0.615 0.726 0.674 0.579 
0.034 0.995 0.721 0.836 0.637 0.737 0.705 0.632 
0.034 0.992 0.701 0.846 0.615 0.747 0.716 0.642 
0.031 0.992 0.623 0.846 0.692 0.768 0.789 0.705 
0.034 0.991 0.676 0.846 0.703 0.758 0.800 0.716 
0.065 0.994 0.710 0.846 0.648 0.768 0.779 0.737 
0.034 0.996 0.915 0.785 0.714 0.779 0.842 0.779 
0.040 0.991 0.748 0.836 0.681 0.758 0.789 0.726 
0.033 0.996 0.732 0.846 0.637 0.747 0.726 0.674 
0.034 0.999 0.693 0.846 0.615 0.737 0.684 0.642 
0.041 0.996 0.772 0.836 0.615 0.716 0.684 0.632 
0.056 0.991 0.709 0.841 0.615 0.726 0.684 0.632 
0.033 0.992 0.718 0.851 0.560 0.705 0.674 0.600 
0.051 0.991 0.624 0.841 0.626 0.747 0.779 0.674 
0.082 0.990 0.678 0.821 0.648 0.737 0.716 0.642 
0.046 0.991 0.674 0.815 0.648 0.737 0.747 0.663 
0.041 0.995 0.648 0.826 0.714 0.779 0.821 0.737 
0.029 0.997 0.632 0.831 0.692 0.758 0.800 0.705 
