0.621 0.641 0.692 0.531 1.000 1.000 1.000 1.000 
0.569 0.725 0.696 0.531 1.000 1.000 1.000 1.000 
0.550 0.733 0.724 0.523 1.000 1.000 1.000 1.000 
0.561 0.736 0.784 0.484 1.000 1.000 1.000 1.000 
0.521 0.738 0.777 0.477 1.000 1.000 1.000 1.000 
0.544 0.739 0.820 0.516 1.000 1.000 1.000 1.000 
0.523 0.765 0.915 0.492 1.000 1.000 1.000 1.000 
0.478 0.756 0.986 0.484 1.000 1.000 1.000 1.000 
0.514 0.733 0.910 0.531 1.000 1.000 1.000 1.000 
0.511 0.777 1.001 0.484 1.000 1.000 1.000 1.000 
0.495 0.769 1.101 0.492 1.000 1.000 1.000 1.000 
0.513 0.775 0.761 0.523 1.000 1.000 1.000 1.000 
0.475 0.760 1.006 0.547 1.000 1.000 1.000 1.000 
0.508 0.771 1.115 0.516 1.000 1.000 1.000 1.000 
0.482 0.785 1.068 0.539 1.000 1.000 1.000 1.000 
0.481 0.771 0.994 0.523 1.000 1.000 1.000 1.000 
0.457 0.777 0.939 0.445 1.000 1.000 1.000 1.000 
0.468 0.783 0.820 0.555 1.000 1.000 1.000 1.000 
0.512 0.782 0.960 0.516 1.000 1.000 1.000 1.000 
0.474 0.765 0.800 0.578 1.000 1.000 1.000 1.000 
0.450 0.787 1.106 0.508 1.000 1.000 1.000 1.000 
0.448 0.807 0.792 0.523 1.000 1.000 1.000 1.000 
0.437 0.807 0.927 0.531 1.000 1.000 1.000 1.000 
0.483 0.785 1.488 0.523 1.000 1.000 1.000 1.000 
0.453 0.796 0.656 0.625 1.000 1.000 1.000 1.000 
0.413 0.807 1.266 0.469 1.000 1.000 1.000 1.000 
0.412 0.798 0.731 0.547 1.000 1.000 1.000 1.000 
0.431 0.794 0.900 0.523 1.000 1.000 1.000 1.000 
0.446 0.812 0.980 0.523 1.000 1.000 1.000 1.000 
0.412 0.807 0.679 0.594 1.000 1.000 1.000 1.000 
0.426 0.817 0.974 0.547 1.000 1.000 1.000 1.000 
0.412 0.835 0.828 0.562 1.000 1.000 1.000 1.000 
0.391 0.810 0.767 0.586 1.000 1.000 1.000 1.000 
0.439 0.843 0.676 0.602 1.000 1.000 1.000 1.000 
0.413 0.787 1.227 0.484 1.000 1.000 1.000 1.000 
0.413 0.801 1.361 0.531 1.000 1.000 1.000 1.000 
0.453 0.820 0.685 0.594 1.000 1.000 1.000 1.000 
0.421 0.833 1.009 0.523 1.000 1.000 1.000 1.000 
0.382 0.814 0.702 0.625 1.000 1.000 1.000 1.000 
0.370 0.842 0.691 0.664 1.000 1.000 1.000 1.000 
0.397 0.824 1.624 0.492 1.000 1.000 1.000 1.000 
0.386 0.838 0.732 0.594 1.000 1.000 1.000 1.000 
0.416 0.828 0.938 0.570 1.000 1.000 1.000 1.000 
0.372 0.831 0.635 0.672 1.000 1.000 1.000 0.989 
0.398 0.820 1.318 0.570 1.000 1.000 1.000 1.000 
0.384 0.844 1.165 0.508 1.000 1.000 1.000 1.000 
0.381 0.838 0.999 0.523 1.000 1.000 1.000 1.000 
0.399 0.825 0.655 0.617 1.000 1.000 1.000 1.000 
0.397 0.837 0.885 0.500 1.000 1.000 1.000 1.000 
0.376 0.826 0.744 0.586 1.000 1.000 1.000 1.000 
0.365 0.838 1.318 0.500 1.000 1.000 1.000 1.000 
0.384 0.811 1.999 0.516 1.000 1.000 1.000 1.000 
0.395 0.821 0.816 0.586 1.000 1.000 1.000 1.000 
0.364 0.829 0.724 0.656 1.000 1.000 1.000 1.000 
0.328 0.862 0.631 0.688 1.000 1.000 1.000 1.000 
0.379 0.849 1.143 0.539 1.000 1.000 1.000 1.000 
0.374 0.840 1.636 0.547 1.000 1.000 1.000 1.000 
0.442 0.824 0.826 0.516 1.000 1.000 1.000 1.000 
0.411 0.842 0.736 0.617 1.000 1.000 1.000 1.000 
0.400 0.811 1.009 0.547 1.000 1.000 1.000 1.000 
0.368 0.842 0.605 0.688 0.989 1.000 1.000 0.968 
0.338 0.851 0.898 0.516 1.000 1.000 1.000 1.000 
0.348 0.842 1.131 0.547 1.000 1.000 1.000 1.000 
0.348 0.858 0.598 0.688 1.000 1.000 1.000 1.000 
0.352 0.849 0.629 0.680 1.000 1.000 1.000 1.000 
0.368 0.831 0.617 0.742 1.000 1.000 1.000 0.989 
0.356 0.857 0.848 0.555 1.000 1.000 1.000 1.000 
0.344 0.860 1.017 0.531 1.000 1.000 1.000 1.000 
0.367 0.839 1.008 0.555 1.000 1.000 1.000 1.000 
0.343 0.839 0.869 0.555 1.000 1.000 1.000 1.000 
0.326 0.871 0.774 0.609 1.000 1.000 1.000 1.000 
0.347 0.866 0.636 0.664 1.000 1.000 1.000 1.000 
0.358 0.856 1.179 0.586 1.000 1.000 1.000 1.000 
0.392 0.829 0.500 0.773 0.989 1.000 0.989 0.979 
0.376 0.829 0.669 0.688 1.000 1.000 1.000 1.000 
0.340 0.854 1.852 0.547 1.000 1.000 1.000 1.000 
0.385 0.858 0.614 0.703 1.000 1.000 1.000 1.000 
0.339 0.847 0.601 0.719 0.857 0.895 0.800 0.789 
0.392 0.828 1.419 0.516 1.000 1.000 1.000 1.000 
0.365 0.853 0.568 0.719 1.000 1.000 1.000 1.000 
0.342 0.875 0.705 0.625 1.000 1.000 1.000 1.000 
0.328 0.849 0.688 0.641 0.923 0.968 0.863 0.747 
0.350 0.875 1.515 0.516 1.000 1.000 1.000 1.000 
0.341 0.866 1.171 0.562 1.000 1.000 1.000 1.000 
0.389 0.879 2.647 0.492 1.000 1.000 1.000 1.000 
0.340 0.857 1.005 0.516 1.000 1.000 1.000 1.000 
0.339 0.867 0.970 0.562 1.000 1.000 1.000 1.000 
0.374 0.828 0.566 0.742 1.000 1.000 1.000 1.000 
0.366 0.838 0.863 0.602 1.000 1.000 1.000 1.000 
0.348 0.866 1.021 0.562 1.000 1.000 1.000 1.000 
0.329 0.868 1.470 0.562 1.000 1.000 1.000 1.000 
0.350 0.874 1.251 0.555 1.000 1.000 1.000 1.000 
0.346 0.835 0.913 0.531 1.000 1.000 1.000 1.000 
0.308 0.884 1.076 0.578 1.000 1.000 1.000 1.000 
0.301 0.872 1.279 0.578 1.000 1.000 1.000 1.000 
0.307 0.879 1.173 0.555 1.000 1.000 1.000 1.000 
0.318 0.877 0.667 0.711 0.978 1.000 0.979 0.979 
0.334 0.871 1.048 0.547 1.000 1.000 1.000 1.000 
0.335 0.848 0.610 0.703 1.000 1.000 1.000 1.000 
0.302 0.876 0.827 0.609 1.000 1.000 1.000 1.000 
0.319 0.868 0.647 0.625 1.000 1.000 1.000 1.000 
0.359 0.833 1.383 0.523 1.000 1.000 1.000 1.000 
0.356 0.842 0.881 0.562 1.000 1.000 1.000 1.000 
0.300 0.870 1.206 0.555 1.000 1.000 1.000 1.000 
0.300 0.889 0.918 0.562 1.000 1.000 1.000 1.000 
0.323 0.880 1.479 0.523 1.000 1.000 1.000 1.000 
0.348 0.863 0.816 0.625 1.000 1.000 1.000 1.000 
0.328 0.875 0.993 0.547 1.000 1.000 1.000 1.000 
0.317 0.868 0.693 0.680 1.000 1.000 1.000 1.000 
0.338 0.893 0.617 0.719 1.000 1.000 1.000 1.000 
0.290 0.895 0.821 0.625 1.000 1.000 1.000 1.000 
0.289 0.889 0.931 0.578 1.000 1.000 1.000 1.000 
0.301 0.885 0.595 0.727 1.000 1.000 1.000 1.000 
0.293 0.880 0.477 0.820 1.000 1.000 0.989 1.000 
0.300 0.889 1.378 0.500 1.000 1.000 1.000 1.000 
0.319 0.891 0.993 0.578 1.000 1.000 1.000 1.000 
0.291 0.880 1.518 0.523 1.000 1.000 1.000 1.000 
0.315 0.862 1.707 0.484 1.000 1.000 1.000 1.000 
0.290 0.902 0.784 0.664 1.000 1.000 1.000 1.000 
0.300 0.871 0.716 0.641 1.000 1.000 1.000 1.000 
0.281 0.890 1.070 0.539 1.000 1.000 1.000 1.000 
0.279 0.888 0.955 0.539 1.000 1.000 1.000 1.000 
0.279 0.899 1.086 0.547 1.000 1.000 1.000 1.000 
0.262 0.886 0.696 0.672 1.000 1.000 1.000 1.000 
0.284 0.889 1.135 0.586 1.000 1.000 1.000 1.000 
0.296 0.871 1.054 0.547 1.000 1.000 1.000 1.000 
0.286 0.900 1.364 0.547 1.000 1.000 1.000 1.000 
0.273 0.895 1.005 0.602 1.000 1.000 1.000 1.000 
0.301 0.884 0.720 0.641 1.000 1.000 1.000 1.000 
0.298 0.888 0.665 0.695 1.000 1.000 1.000 1.000 
0.376 0.875 0.748 0.617 1.000 1.000 1.000 1.000 
0.351 0.886 0.595 0.734 0.989 1.000 0.979 0.958 
0.303 0.898 0.703 0.695 1.000 1.000 1.000 1.000 
0.268 0.904 1.199 0.562 1.000 1.000 1.000 1.000 
0.261 0.891 0.766 0.664 1.000 1.000 1.000 1.000 
0.286 0.897 0.988 0.594 1.000 1.000 1.000 1.000 
0.264 0.908 0.867 0.617 1.000 1.000 1.000 1.000 
0.278 0.888 0.557 0.766 0.868 0.958 0.853 0.663 
0.291 0.891 1.836 0.516 1.000 1.000 1.000 1.000 
0.316 0.866 0.771 0.672 1.000 1.000 1.000 1.000 
0.269 0.895 1.164 0.570 1.000 1.000 1.000 1.000 
0.270 0.891 1.132 0.562 1.000 1.000 1.000 1.000 
0.321 0.884 0.624 0.711 1.000 1.000 1.000 1.000 
0.327 0.874 0.715 0.672 1.000 1.000 1.000 1.000 
0.278 0.905 0.689 0.656 1.000 1.000 1.000 1.000 
0.309 0.897 1.027 0.594 1.000 1.000 1.000 1.000 
0.279 0.909 1.067 0.570 1.000 1.000 1.000 1.000 
0.277 0.904 0.828 0.664 1.000 1.000 1.000 1.000 
0.261 0.902 1.239 0.578 1.000 1.000 1.000 1.000 
0.253 0.897 1.104 0.586 1.000 1.000 1.000 1.000 
0.234 0.905 0.726 0.711 1.000 1.000 0.968 0.989 
0.260 0.902 0.597 0.703 1.000 1.000 1.000 1.000 
0.290 0.889 0.723 0.695 1.000 1.000 0.979 1.000 
0.288 0.880 0.893 0.641 1.000 1.000 1.000 1.000 
0.286 0.870 1.135 0.555 1.000 1.000 1.000 1.000 
0.272 0.890 0.953 0.586 1.000 1.000 1.000 1.000 
0.253 0.913 1.714 0.508 1.000 1.000 1.000 1.000 
0.278 0.890 1.119 0.609 1.000 1.000 1.000 1.000 
0.238 0.908 0.952 0.617 1.000 1.000 0.989 0.947 
0.256 0.895 1.018 0.594 1.000 1.000 1.000 1.000 
0.250 0.899 0.974 0.625 1.000 1.000 1.000 1.000 
0.242 0.899 0.828 0.633 1.000 1.000 1.000 1.000 
0.283 0.888 0.585 0.766 1.000 1.000 1.000 1.000 
0.275 0.884 1.160 0.531 1.000 1.000 1.000 1.000 
0.255 0.909 1.234 0.555 1.000 1.000 1.000 1.000 
0.319 0.903 1.507 0.547 1.000 1.000 1.000 1.000 
0.305 0.875 1.750 0.539 1.000 1.000 1.000 1.000 
0.305 0.866 1.141 0.578 1.000 1.000 1.000 1.000 
0.251 0.912 0.717 0.641 1.000 1.000 1.000 1.000 
0.291 0.899 1.060 0.547 1.000 1.000 1.000 1.000 
0.263 0.897 0.585 0.719 1.000 1.000 1.000 0.979 
0.264 0.891 0.749 0.656 1.000 0.989 1.000 1.000 
0.256 0.914 0.757 0.648 1.000 0.989 1.000 1.000 
0.250 0.918 0.820 0.703 0.879 0.905 0.821 0.642 
0.280 0.879 0.824 0.648 1.000 1.000 1.000 1.000 
0.285 0.923 0.661 0.688 1.000 1.000 1.000 1.000 
0.284 0.907 0.499 0.773 1.000 1.000 0.979 0.979 
0.260 0.904 1.302 0.570 1.000 1.000 1.000 1.000 
0.230 0.928 0.601 0.711 0.956 0.958 0.884 0.737 
0.279 0.899 1.323 0.539 1.000 1.000 1.000 1.000 
0.249 0.907 1.206 0.523 1.000 1.000 1.000 1.000 
0.236 0.913 0.849 0.672 1.000 1.000 1.000 1.000 
0.219 0.923 0.610 0.742 0.945 0.989 0.926 0.895 
0.241 0.920 2.013 0.555 1.000 1.000 1.000 1.000 
0.276 0.876 1.170 0.562 1.000 1.000 1.000 1.000 
0.264 0.912 0.530 0.773 1.000 1.000 1.000 1.000 
0.288 0.899 1.030 0.602 1.000 1.000 1.000 1.000 
0.237 0.931 0.712 0.664 1.000 1.000 1.000 1.000 
0.258 0.905 0.661 0.742 1.000 1.000 1.000 1.000 
0.233 0.905 0.711 0.719 1.000 1.000 1.000 1.000 
0.232 0.909 0.645 0.781 1.000 1.000 0.989 0.958 
0.235 0.905 1.110 0.617 1.000 1.000 1.000 1.000 
0.271 0.898 0.623 0.719 0.846 0.895 0.874 0.768 
0.299 0.879 2.217 0.523 1.000 1.000 1.000 1.000 
0.238 0.903 1.047 0.609 1.000 1.000 1.000 1.000 
0.265 0.916 0.938 0.633 1.000 1.000 1.000 1.000 
0.280 0.897 0.757 0.672 1.000 1.000 0.979 0.989 
0.233 0.898 0.684 0.695 1.000 1.000 1.000 1.000 
0.204 0.917 0.735 0.695 1.000 1.000 1.000 1.000 
0.214 0.922 0.546 0.695 1.000 1.000 0.989 1.000 
0.197 0.937 0.547 0.734 1.000 1.000 0.989 1.000 
0.226 0.926 0.914 0.680 1.000 1.000 1.000 1.000 
0.251 0.931 0.598 0.727 1.000 1.000 0.979 0.989 
0.206 0.934 0.810 0.656 1.000 1.000 1.000 1.000 
0.216 0.909 0.751 0.703 1.000 0.989 0.979 0.979 
0.222 0.931 0.872 0.648 1.000 1.000 1.000 1.000 
0.215 0.931 0.544 0.781 1.000 1.000 0.989 0.979 
0.215 0.918 0.696 0.719 1.000 1.000 1.000 1.000 
0.187 0.932 0.839 0.641 1.000 1.000 1.000 1.000 
0.228 0.927 0.604 0.703 0.813 0.884 0.811 0.537 
0.260 0.888 1.236 0.570 1.000 1.000 1.000 1.000 
0.255 0.913 0.947 0.586 1.000 1.000 1.000 1.000 
0.220 0.912 0.613 0.750 1.000 1.000 1.000 0.989 
0.200 0.928 0.624 0.711 1.000 1.000 1.000 0.989 
0.195 0.930 0.460 0.797 1.000 1.000 0.968 0.958 
0.208 0.934 0.633 0.703 1.000 1.000 0.968 0.958 
0.189 0.931 0.572 0.742 1.000 1.000 0.958 0.979 
0.248 0.921 0.862 0.695 1.000 1.000 0.979 0.989 
0.248 0.909 1.257 0.578 1.000 1.000 1.000 1.000 
0.232 0.922 0.949 0.664 1.000 1.000 1.000 1.000 
0.240 0.911 0.525 0.797 1.000 1.000 0.979 0.968 
0.191 0.932 0.853 0.656 1.000 1.000 1.000 1.000 
0.190 0.941 0.940 0.648 1.000 1.000 1.000 1.000 
0.192 0.931 0.668 0.734 1.000 1.000 0.968 0.947 
0.233 0.932 0.796 0.672 1.000 1.000 1.000 1.000 
0.216 0.920 0.948 0.633 1.000 1.000 1.000 1.000 
0.226 0.927 0.760 0.727 0.989 1.000 0.958 0.989 
0.207 0.934 0.740 0.680 0.967 0.968 0.979 0.884 
0.234 0.920 1.238 0.594 1.000 1.000 1.000 1.000 
0.249 0.885 0.927 0.656 1.000 1.000 1.000 1.000 
0.190 0.934 0.691 0.703 1.000 0.989 1.000 1.000 
0.191 0.934 0.848 0.672 1.000 1.000 1.000 1.000 
0.185 0.934 0.789 0.695 1.000 0.989 1.000 1.000 
0.196 0.937 0.729 0.703 0.989 0.979 0.968 0.874 
0.250 0.911 0.661 0.711 0.989 0.989 0.989 0.979 
0.199 0.921 0.533 0.766 1.000 1.000 1.000 0.958 
0.193 0.941 0.971 0.648 1.000 1.000 1.000 1.000 
0.193 0.943 0.669 0.734 1.000 1.000 0.979 0.968 
0.204 0.927 0.632 0.766 1.000 1.000 1.000 0.989 
0.204 0.918 1.436 0.516 1.000 1.000 1.000 1.000 
0.196 0.932 0.788 0.656 1.000 1.000 1.000 1.000 
0.220 0.928 0.474 0.766 1.000 1.000 0.958 0.916 
0.196 0.927 0.783 0.664 1.000 1.000 1.000 1.000 
0.197 0.943 0.594 0.742 1.000 1.000 1.000 1.000 
0.182 0.932 0.736 0.711 1.000 1.000 1.000 0.989 
0.186 0.944 0.827 0.688 1.000 1.000 1.000 1.000 
0.189 0.936 1.161 0.625 1.000 1.000 1.000 1.000 
0.185 0.944 0.590 0.766 1.000 1.000 0.968 0.989 
0.182 0.941 0.648 0.773 1.000 1.000 1.000 1.000 
0.209 0.931 0.836 0.703 1.000 1.000 1.000 1.000 
0.186 0.926 0.863 0.664 1.000 1.000 1.000 1.000 
0.192 0.931 0.793 0.688 1.000 1.000 1.000 1.000 
0.168 0.931 1.107 0.633 1.000 1.000 1.000 1.000 
0.175 0.939 0.854 0.656 1.000 1.000 1.000 1.000 
0.176 0.935 0.799 0.664 1.000 1.000 1.000 1.000 
0.251 0.939 0.712 0.703 0.989 1.000 1.000 1.000 
0.170 0.937 0.588 0.773 1.000 1.000 0.979 0.947 
0.195 0.931 0.584 0.758 1.000 1.000 1.000 1.000 
0.184 0.937 0.537 0.789 0.989 0.958 0.937 0.789 
0.245 0.936 0.745 0.656 1.000 1.000 1.000 1.000 
0.225 0.914 0.571 0.750 0.978 0.968 0.958 0.884 
0.218 0.911 0.633 0.719 1.000 1.000 1.000 1.000 
0.182 0.939 0.929 0.672 1.000 1.000 1.000 0.989 
0.185 0.934 0.561 0.773 1.000 0.989 1.000 0.979 
0.162 0.946 0.724 0.727 0.989 0.979 0.968 0.926 
0.201 0.937 0.626 0.766 1.000 1.000 0.989 0.979 
0.160 0.946 0.694 0.750 1.000 1.000 1.000 1.000 
0.184 0.936 0.773 0.734 1.000 0.989 1.000 1.000 
0.193 0.928 0.702 0.750 1.000 0.989 1.000 1.000 
0.175 0.937 0.648 0.758 1.000 1.000 0.979 0.968 
0.192 0.939 0.609 0.750 1.000 1.000 1.000 1.000 
0.250 0.932 0.823 0.656 1.000 0.979 0.989 0.947 
0.270 0.879 0.945 0.602 1.000 1.000 1.000 0.979 
0.197 0.932 1.597 0.539 1.000 1.000 1.000 1.000 
0.235 0.927 0.524 0.789 0.989 1.000 0.958 0.937 
0.167 0.941 0.535 0.750 1.000 0.989 0.958 0.947 
0.182 0.941 0.710 0.750 0.989 1.000 0.958 0.916 
0.163 0.939 1.643 0.531 1.000 1.000 1.000 1.000 
0.169 0.937 0.770 0.703 1.000 1.000 0.989 0.958 
0.165 0.949 0.593 0.766 1.000 1.000 1.000 0.968 
0.207 0.931 1.195 0.625 1.000 1.000 1.000 1.000 
0.178 0.940 0.865 0.672 1.000 1.000 1.000 1.000 
0.171 0.928 0.999 0.625 1.000 1.000 1.000 1.000 
0.185 0.949 0.824 0.758 1.000 1.000 0.989 0.989 
0.178 0.934 0.866 0.641 1.000 1.000 1.000 1.000 
0.289 0.928 0.691 0.719 0.945 0.937 0.905 0.853 
0.289 0.902 1.121 0.594 1.000 0.989 0.979 0.968 
0.193 0.916 0.674 0.711 1.000 0.968 0.968 0.905 
0.171 0.948 0.601 0.766 1.000 1.000 1.000 0.989 
0.187 0.932 0.585 0.719 0.989 0.958 0.926 0.811 
0.169 0.939 0.724 0.695 1.000 0.989 1.000 0.968 
0.171 0.940 1.096 0.625 1.000 1.000 1.000 1.000 
0.173 0.925 0.618 0.719 0.923 0.937 0.947 0.874 
0.165 0.948 0.653 0.688 1.000 1.000 1.000 0.989 
0.297 0.949 0.722 0.711 1.000 1.000 0.979 0.968 
0.261 0.894 0.915 0.688 1.000 0.989 1.000 1.000 
0.242 0.889 1.304 0.578 1.000 1.000 1.000 1.000 
0.203 0.918 0.533 0.797 0.989 1.000 0.968 0.905 
0.198 0.946 0.692 0.727 1.000 1.000 0.989 0.989 
0.189 0.940 0.563 0.758 1.000 1.000 1.000 1.000 
0.189 0.946 0.829 0.680 1.000 1.000 1.000 1.000 
0.174 0.944 0.466 0.828 1.000 1.000 0.958 0.979 
0.153 0.946 0.479 0.789 0.967 0.958 0.947 0.863 
0.157 0.945 0.789 0.742 1.000 1.000 1.000 1.000 
0.157 0.959 0.532 0.789 1.000 0.979 0.979 0.947 
0.182 0.946 0.505 0.789 0.978 0.958 0.926 0.800 
0.184 0.944 0.598 0.781 1.000 0.989 1.000 0.979 
0.197 0.943 0.626 0.703 0.681 0.832 0.726 0.463 
0.254 0.890 0.692 0.734 1.000 0.989 1.000 0.989 
0.189 0.934 0.603 0.773 0.989 0.989 0.989 0.968 
0.203 0.916 0.575 0.781 0.989 1.000 0.958 0.884 
0.181 0.953 0.684 0.719 1.000 0.989 0.968 0.947 
0.160 0.946 0.701 0.727 1.000 1.000 1.000 0.989 
0.218 0.946 0.671 0.734 1.000 0.989 0.979 0.989 
0.158 0.936 1.882 0.555 1.000 1.000 1.000 1.000 
0.191 0.944 0.592 0.781 1.000 1.000 0.979 0.989 
0.144 0.953 1.088 0.656 1.000 0.989 1.000 1.000 
0.145 0.945 0.598 0.758 1.000 1.000 1.000 1.000 
0.177 0.948 0.590 0.750 0.989 1.000 0.968 0.937 
0.176 0.946 0.575 0.781 0.956 0.947 0.926 0.811 
0.138 0.949 0.893 0.672 1.000 1.000 1.000 1.000 
0.157 0.950 0.775 0.703 1.000 0.989 1.000 1.000 
0.153 0.941 0.617 0.750 1.000 0.989 1.000 1.000 
0.130 0.954 0.535 0.781 1.000 1.000 0.979 0.958 
0.149 0.954 0.459 0.836 1.000 0.968 0.979 0.895 
0.179 0.941 1.121 0.617 1.000 1.000 1.000 1.000 
0.297 0.914 0.627 0.758 0.956 0.937 0.895 0.779 
0.265 0.912 0.599 0.766 0.989 0.989 0.958 0.863 
0.231 0.926 0.796 0.711 1.000 1.000 1.000 1.000 
0.179 0.935 0.639 0.766 0.978 0.989 0.968 0.916 
0.209 0.923 0.959 0.641 1.000 1.000 1.000 1.000 
0.172 0.941 0.626 0.703 0.967 0.958 0.958 0.905 
0.169 0.928 0.706 0.750 1.000 1.000 0.958 0.832 
0.156 0.958 0.654 0.773 1.000 1.000 0.989 0.979 
0.146 0.946 0.603 0.758 1.000 1.000 1.000 1.000 
0.171 0.954 0.647 0.750 1.000 1.000 0.989 0.989 
0.154 0.954 0.571 0.734 0.813 0.874 0.905 0.674 
0.173 0.944 1.009 0.648 1.000 1.000 1.000 1.000 
0.185 0.948 0.780 0.688 0.901 0.947 0.895 0.716 
0.257 0.909 0.772 0.711 1.000 1.000 1.000 1.000 
0.177 0.939 1.255 0.594 1.000 1.000 1.000 1.000 
0.192 0.943 0.780 0.727 1.000 1.000 0.989 0.979 
0.172 0.937 1.341 0.641 1.000 1.000 1.000 1.000 
0.144 0.949 1.181 0.656 1.000 1.000 1.000 1.000 
0.171 0.943 0.684 0.766 1.000 0.989 0.989 0.958 
0.153 0.944 0.719 0.719 1.000 1.000 1.000 1.000 
0.140 0.963 0.686 0.773 1.000 1.000 0.989 0.989 
0.175 0.949 0.566 0.789 0.989 0.989 0.958 0.842 
0.131 0.955 0.644 0.773 1.000 1.000 1.000 0.979 
0.158 0.955 0.708 0.750 1.000 1.000 0.979 0.947 
0.254 0.954 0.781 0.734 1.000 1.000 0.979 0.968 
0.187 0.921 1.925 0.586 1.000 1.000 1.000 1.000 
0.167 0.934 0.621 0.766 1.000 1.000 0.979 0.947 
0.147 0.939 0.685 0.766 1.000 1.000 1.000 0.968 
0.166 0.943 0.819 0.695 1.000 1.000 0.989 0.947 
0.163 0.945 0.618 0.805 0.989 1.000 0.968 0.937 
0.161 0.957 0.567 0.805 0.989 0.989 0.968 0.895 
0.149 0.950 0.630 0.781 0.978 0.979 0.958 0.863 
0.131 0.951 0.588 0.773 1.000 0.989 0.979 0.926 
0.134 0.957 0.693 0.766 1.000 0.989 1.000 0.979 
0.139 0.953 0.671 0.742 0.989 0.947 0.989 0.895 
0.132 0.959 0.653 0.797 0.989 0.968 0.968 0.884 
0.124 0.960 0.659 0.766 1.000 1.000 0.979 0.968 
0.198 0.955 0.710 0.742 0.912 0.916 0.916 0.695 
0.214 0.894 1.029 0.664 1.000 1.000 1.000 1.000 
0.149 0.945 0.718 0.727 1.000 1.000 1.000 1.000 
0.136 0.957 0.609 0.766 1.000 1.000 0.979 0.926 
0.137 0.950 0.569 0.789 1.000 1.000 0.979 0.968 
0.133 0.953 0.762 0.703 1.000 1.000 1.000 1.000 
0.124 0.957 0.784 0.727 1.000 1.000 0.989 0.947 
0.149 0.959 0.718 0.758 0.989 0.989 0.968 0.895 
0.154 0.948 0.808 0.711 1.000 0.989 1.000 0.979 
0.175 0.932 0.541 0.820 0.989 0.979 0.958 0.926 
0.142 0.946 0.636 0.758 0.967 0.958 0.947 0.768 
0.136 0.953 0.763 0.758 1.000 1.000 0.989 0.979 
0.160 0.953 0.647 0.758 1.000 1.000 0.968 0.947 
0.240 0.945 0.862 0.711 1.000 0.989 0.989 0.968 
0.232 0.939 0.939 0.656 0.989 1.000 0.979 0.989 
0.300 0.900 1.297 0.609 1.000 1.000 1.000 1.000 
0.213 0.922 1.016 0.664 1.000 1.000 1.000 1.000 
0.208 0.946 1.441 0.578 1.000 1.000 1.000 1.000 
0.181 0.932 0.613 0.781 1.000 0.989 0.989 0.895 
0.156 0.948 0.634 0.742 1.000 1.000 1.000 1.000 
0.139 0.950 0.649 0.758 1.000 1.000 0.968 0.916 
0.122 0.968 0.812 0.734 1.000 1.000 1.000 1.000 
0.111 0.971 0.926 0.719 1.000 1.000 1.000 0.989 
0.143 0.963 0.816 0.734 1.000 0.968 0.968 0.884 
0.203 0.941 0.536 0.773 1.000 0.979 0.968 0.937 
0.144 0.966 0.700 0.734 1.000 0.989 0.989 0.979 
0.165 0.950 0.444 0.820 1.000 1.000 1.000 1.000 
0.163 0.945 0.638 0.766 0.912 0.926 0.863 0.674 
0.142 0.943 0.856 0.711 1.000 1.000 1.000 1.000 
0.142 0.960 0.954 0.711 1.000 1.000 1.000 1.000 
0.222 0.948 0.675 0.742 1.000 1.000 1.000 1.000 
0.163 0.943 0.835 0.711 1.000 1.000 1.000 1.000 
0.140 0.940 0.711 0.781 1.000 0.989 0.989 0.947 
0.142 0.957 0.767 0.727 1.000 0.989 0.989 0.926 
0.170 0.946 0.652 0.805 1.000 0.968 0.968 0.916 
0.163 0.954 0.545 0.781 1.000 0.989 0.989 0.958 
0.142 0.957 0.683 0.773 0.989 1.000 0.979 0.958 
0.148 0.953 1.017 0.664 1.000 1.000 1.000 0.989 
0.128 0.966 0.534 0.781 1.000 1.000 1.000 0.979 
0.184 0.951 0.917 0.680 1.000 1.000 1.000 0.989 
0.183 0.945 0.938 0.703 0.989 0.979 0.989 0.947 
0.158 0.939 0.654 0.750 0.956 0.968 0.937 0.758 
0.106 0.962 0.618 0.789 1.000 0.989 0.968 0.916 
0.108 0.969 0.632 0.734 1.000 0.989 0.989 0.968 
0.107 0.969 0.743 0.719 1.000 0.989 0.989 0.958 
0.115 0.959 0.752 0.766 1.000 1.000 1.000 1.000 
0.120 0.960 0.639 0.742 1.000 1.000 0.989 0.968 
0.112 0.959 0.543 0.781 0.989 1.000 0.958 0.884 
0.120 0.958 0.695 0.766 1.000 1.000 1.000 1.000 
0.148 0.959 0.704 0.742 1.000 1.000 1.000 1.000 
0.126 0.960 0.566 0.789 1.000 0.989 0.947 0.842 
0.137 0.969 0.479 0.820 0.989 0.989 0.979 0.937 
0.153 0.963 0.871 0.695 1.000 1.000 1.000 1.000 
0.146 0.963 0.729 0.758 0.967 0.989 0.968 0.937 
0.112 0.951 0.967 0.688 1.000 1.000 1.000 0.989 
0.135 0.963 0.753 0.758 1.000 1.000 1.000 0.979 
0.113 0.966 0.805 0.742 1.000 1.000 1.000 0.968 
0.130 0.969 0.596 0.781 1.000 0.989 0.979 0.905 
0.118 0.966 0.676 0.758 0.978 0.947 0.937 0.811 
0.146 0.948 0.906 0.727 1.000 1.000 1.000 0.968 
0.151 0.958 1.353 0.609 1.000 1.000 1.000 1.000 
0.153 0.939 1.096 0.680 1.000 1.000 0.989 1.000 
0.124 0.948 0.684 0.742 0.967 0.989 0.947 0.789 
0.103 0.964 0.566 0.812 1.000 0.989 0.968 0.916 
0.114 0.963 0.674 0.781 0.989 0.989 0.968 0.916 
0.128 0.959 0.650 0.781 1.000 0.989 0.989 0.947 
0.119 0.960 0.911 0.695 1.000 1.000 1.000 1.000 
0.138 0.959 0.736 0.789 0.978 0.989 0.958 0.811 
0.184 0.936 0.862 0.734 1.000 1.000 0.989 0.968 
0.229 0.922 0.855 0.719 1.000 1.000 1.000 0.979 
0.166 0.935 1.254 0.648 1.000 1.000 1.000 1.000 
0.132 0.955 0.633 0.758 1.000 0.989 0.989 0.958 
0.138 0.962 0.734 0.727 1.000 0.989 0.979 0.926 
0.114 0.964 0.843 0.703 1.000 1.000 1.000 0.989 
0.094 0.968 0.723 0.773 1.000 1.000 0.958 0.926 
0.099 0.972 0.591 0.820 0.989 1.000 0.968 0.905 
0.109 0.966 0.699 0.750 1.000 1.000 0.989 0.989 
0.108 0.968 0.528 0.805 0.989 0.968 0.979 0.926 
0.105 0.972 0.913 0.750 1.000 1.000 0.989 0.958 
0.132 0.954 0.731 0.742 0.934 0.968 0.979 0.916 
0.203 0.950 0.741 0.758 0.967 0.947 0.947 0.874 
0.132 0.969 0.479 0.789 1.000 1.000 0.979 0.916 
0.135 0.964 0.626 0.781 0.780 0.842 0.916 0.695 
0.153 0.958 1.044 0.703 1.000 1.000 1.000 0.989 
0.140 0.954 0.883 0.711 1.000 1.000 0.989 0.968 
0.120 0.945 0.953 0.727 1.000 1.000 1.000 1.000 
0.133 0.960 0.974 0.719 1.000 1.000 1.000 1.000 
0.157 0.948 0.760 0.766 1.000 1.000 1.000 0.989 
0.129 0.962 0.554 0.789 0.989 0.989 0.947 0.884 
0.123 0.966 0.690 0.734 1.000 0.989 1.000 0.979 
0.114 0.954 0.842 0.750 1.000 1.000 0.989 0.968 
0.101 0.968 0.614 0.805 1.000 1.000 0.979 0.916 
0.151 0.972 0.641 0.766 0.989 0.968 0.979 0.905 
0.112 0.957 0.691 0.758 0.989 0.958 0.979 0.874 
0.093 0.976 0.631 0.758 0.967 0.958 0.947 0.821 
0.121 0.964 0.638 0.789 1.000 0.979 0.979 0.874 
0.122 0.954 0.665 0.797 0.989 0.968 0.947 0.800 
0.126 0.946 1.659 0.570 1.000 0.989 1.000 0.989 
0.210 0.958 1.016 0.695 1.000 0.989 1.000 0.979 
0.152 0.941 0.828 0.766 0.989 0.989 0.979 0.916 
0.140 0.957 0.746 0.781 1.000 0.989 0.989 0.968 
0.101 0.969 0.788 0.750 0.989 0.989 0.979 0.947 
0.091 0.971 1.127 0.672 1.000 0.989 1.000 0.989 
0.112 0.971 0.898 0.703 1.000 0.989 0.989 0.947 
0.111 0.968 1.120 0.664 1.000 1.000 1.000 1.000 
0.121 0.963 0.768 0.742 1.000 0.989 0.979 0.905 
0.126 0.963 0.781 0.742 1.000 1.000 0.989 0.989 
0.110 0.964 0.744 0.734 1.000 1.000 0.989 0.968 
0.111 0.967 0.849 0.750 1.000 1.000 0.989 0.958 
0.106 0.968 1.410 0.664 1.000 1.000 1.000 0.979 
0.105 0.958 1.137 0.680 1.000 1.000 1.000 1.000 
0.104 0.964 0.612 0.812 1.000 1.000 0.989 0.937 
0.119 0.964 0.745 0.773 1.000 1.000 1.000 0.979 
0.139 0.967 0.948 0.695 1.000 1.000 1.000 1.000 
0.160 0.967 0.658 0.812 1.000 0.989 0.989 0.968 
0.116 0.955 0.759 0.766 0.901 0.937 0.905 0.726 
0.106 0.958 0.929 0.734 1.000 0.989 1.000 0.968 
0.092 0.973 0.654 0.797 1.000 0.989 0.979 0.905 
0.121 0.968 0.752 0.773 1.000 0.968 0.937 0.811 
0.122 0.959 1.166 0.672 1.000 1.000 0.989 0.979 
0.135 0.959 0.697 0.758 1.000 1.000 1.000 0.989 
0.183 0.936 0.823 0.703 1.000 1.000 1.000 1.000 
0.120 0.957 1.472 0.641 1.000 1.000 1.000 1.000 
0.125 0.963 0.824 0.758 1.000 0.989 0.979 0.884 
0.118 0.954 0.801 0.742 1.000 0.989 0.979 0.884 
0.109 0.963 0.884 0.766 1.000 0.989 0.979 0.884 
0.148 0.951 1.360 0.648 1.000 0.989 1.000 0.979 
0.129 0.967 2.323 0.531 1.000 1.000 1.000 1.000 
0.125 0.943 0.785 0.719 1.000 1.000 1.000 0.989 
0.140 0.957 0.670 0.750 0.956 0.968 0.947 0.768 
0.119 0.955 0.766 0.742 0.989 0.989 0.958 0.811 
0.104 0.963 0.623 0.781 1.000 0.989 0.979 0.905 
0.100 0.960 0.705 0.781 1.000 0.989 0.968 0.811 
0.104 0.963 0.704 0.766 1.000 0.968 0.947 0.789 
0.111 0.967 0.983 0.727 1.000 0.989 1.000 0.968 
0.090 0.974 0.900 0.711 1.000 0.979 1.000 0.979 
0.086 0.973 0.886 0.758 1.000 0.989 1.000 0.968 
0.084 0.981 0.611 0.773 1.000 0.989 0.989 0.958 
0.116 0.977 0.728 0.805 1.000 0.989 0.979 0.916 
0.117 0.966 0.604 0.758 1.000 0.968 0.958 0.884 
0.114 0.966 0.812 0.750 1.000 0.968 0.968 0.832 
0.176 0.962 0.812 0.758 0.945 0.947 0.926 0.747 
0.200 0.943 0.857 0.758 0.912 0.916 0.884 0.684 
0.115 0.969 0.692 0.750 1.000 1.000 1.000 0.989 
0.095 0.973 0.647 0.758 1.000 1.000 0.968 0.937 
0.101 0.977 0.698 0.781 0.989 1.000 0.958 0.895 
0.112 0.953 0.655 0.789 0.989 0.979 0.958 0.821 
0.092 0.977 0.798 0.727 1.000 1.000 0.989 0.947 
0.144 0.971 0.573 0.750 1.000 0.989 0.958 0.905 
0.106 0.960 0.925 0.727 1.000 0.989 0.979 0.937 
0.095 0.971 0.920 0.695 1.000 0.989 1.000 0.979 
0.098 0.971 0.914 0.750 1.000 0.989 0.979 0.905 
0.086 0.974 0.622 0.742 1.000 1.000 1.000 0.937 
0.092 0.973 0.720 0.766 1.000 1.000 0.958 0.842 
0.108 0.971 0.711 0.734 1.000 0.989 0.979 0.926 
0.104 0.973 0.900 0.742 1.000 1.000 0.989 0.947 
0.106 0.968 1.089 0.719 1.000 1.000 1.000 0.979 
0.126 0.962 0.524 0.805 0.989 0.989 0.958 0.874 
0.079 0.973 0.742 0.750 1.000 0.989 0.958 0.779 
0.093 0.976 0.913 0.727 1.000 0.989 0.979 0.884 
0.107 0.973 0.760 0.773 0.989 0.989 0.958 0.821 
0.109 0.966 0.813 0.750 1.000 0.989 0.989 0.958 
0.110 0.949 1.111 0.688 1.000 0.989 1.000 0.968 
0.146 0.966 0.656 0.781 1.000 1.000 1.000 0.989 
0.110 0.964 0.782 0.766 1.000 0.989 1.000 0.979 
0.101 0.969 0.692 0.750 1.000 0.989 0.989 0.916 
0.142 0.968 0.861 0.719 1.000 0.968 0.958 0.853 
0.095 0.971 1.349 0.609 1.000 0.989 1.000 0.979 
0.079 0.973 0.809 0.742 1.000 0.989 0.989 0.968 
0.110 0.972 0.663 0.781 1.000 0.979 0.968 0.842 
0.094 0.967 0.657 0.766 0.989 0.947 0.947 0.811 
0.106 0.971 0.554 0.812 0.879 0.937 0.916 0.674 
0.102 0.964 1.085 0.688 1.000 1.000 1.000 0.979 
0.107 0.967 0.825 0.727 1.000 1.000 0.989 0.937 
0.111 0.968 0.696 0.789 1.000 0.989 0.968 0.821 
0.092 0.968 0.816 0.766 1.000 1.000 0.989 0.958 
0.099 0.971 0.715 0.773 1.000 1.000 0.989 0.968 
0.125 0.967 0.937 0.727 0.989 0.968 0.958 0.874 
0.084 0.978 0.721 0.781 0.989 0.989 0.968 0.895 
0.094 0.967 0.812 0.766 1.000 0.989 0.979 0.884 
0.098 0.983 0.726 0.766 1.000 0.989 0.979 0.842 
0.204 0.973 0.819 0.742 1.000 1.000 1.000 0.979 
0.083 0.980 1.254 0.602 1.000 1.000 1.000 1.000 
0.088 0.977 0.757 0.758 1.000 0.989 0.989 0.916 
0.072 0.983 0.656 0.750 0.989 0.989 0.968 0.842 
0.131 0.976 0.829 0.688 1.000 0.989 0.989 0.958 
0.163 0.949 0.688 0.766 0.967 0.989 0.947 0.832 
0.150 0.937 0.888 0.695 0.989 1.000 0.958 0.916 
0.161 0.969 0.903 0.711 1.000 1.000 1.000 0.989 
0.132 0.963 0.762 0.750 1.000 1.000 0.958 0.916 
0.124 0.958 0.681 0.789 1.000 0.989 0.958 0.884 
0.071 0.972 0.830 0.742 1.000 0.989 0.979 0.916 
0.090 0.972 0.785 0.766 1.000 0.989 0.968 0.926 
0.075 0.974 0.751 0.766 1.000 0.989 0.968 0.926 
0.083 0.978 0.597 0.789 1.000 0.989 0.979 0.884 
0.102 0.973 0.562 0.805 0.978 0.958 0.968 0.811 
0.088 0.976 0.825 0.758 1.000 0.989 0.979 0.895 
0.073 0.976 0.851 0.727 1.000 0.989 0.989 0.916 
0.090 0.980 0.727 0.773 1.000 0.989 0.979 0.863 
0.093 0.967 0.794 0.758 1.000 1.000 0.979 0.905 
0.128 0.977 1.201 0.688 1.000 1.000 0.989 0.979 
0.118 0.967 1.987 0.578 1.000 1.000 1.000 1.000 
0.081 0.972 0.676 0.820 1.000 0.989 0.979 0.958 
0.132 0.967 1.036 0.727 1.000 1.000 1.000 0.979 
0.191 0.951 0.747 0.797 1.000 0.989 0.958 0.916 
0.155 0.958 0.789 0.773 1.000 0.989 0.979 0.937 
0.096 0.962 0.750 0.750 0.989 0.989 0.979 0.947 
0.092 0.981 0.744 0.766 1.000 0.989 0.968 0.895 
0.074 0.974 0.920 0.750 1.000 0.989 1.000 0.937 
0.071 0.977 0.723 0.773 1.000 0.989 0.968 0.874 
0.075 0.981 0.761 0.742 1.000 0.989 0.989 0.937 
0.084 0.978 0.685 0.797 0.945 0.968 0.937 0.789 
0.118 0.973 0.494 0.836 0.967 0.979 0.947 0.821 
0.120 0.968 1.039 0.711 1.000 1.000 1.000 0.979 
0.084 0.973 0.789 0.766 0.989 1.000 0.968 0.916 
0.192 0.974 0.636 0.781 0.989 0.968 0.958 0.853 
0.104 0.963 1.162 0.719 1.000 0.989 0.989 0.968 
0.092 0.971 0.955 0.734 1.000 1.000 1.000 1.000 
0.120 0.980 0.847 0.758 1.000 0.968 0.947 0.832 
0.085 0.978 0.892 0.734 0.835 0.916 0.863 0.621 
0.076 0.980 0.682 0.789 0.989 0.958 0.947 0.768 
0.076 0.974 0.687 0.766 1.000 1.000 0.979 0.947 
0.097 0.974 0.806 0.766 1.000 0.989 0.947 0.821 
0.097 0.973 0.856 0.742 1.000 0.989 0.968 0.926 
0.136 0.974 1.009 0.734 1.000 0.989 0.968 0.884 
0.106 0.963 1.368 0.672 1.000 1.000 1.000 0.979 
0.111 0.957 0.687 0.758 1.000 1.000 1.000 0.947 
0.084 0.974 0.708 0.773 1.000 1.000 0.968 0.884 
0.074 0.980 0.637 0.789 1.000 1.000 0.968 0.895 
0.084 0.973 0.925 0.734 1.000 0.989 0.989 0.947 
0.081 0.982 0.835 0.742 1.000 1.000 0.989 0.979 
0.107 0.971 0.967 0.734 1.000 1.000 0.989 0.947 
0.076 0.974 0.776 0.781 1.000 1.000 0.989 0.968 
0.076 0.977 0.540 0.789 1.000 0.968 0.958 0.895 
0.097 0.976 0.785 0.781 0.967 0.958 0.958 0.768 
0.098 0.973 0.874 0.750 1.000 0.979 0.989 0.895 
0.081 0.981 0.733 0.773 1.000 0.989 0.989 0.947 
0.117 0.981 0.676 0.797 0.989 1.000 0.958 0.884 
0.098 0.976 0.865 0.727 1.000 1.000 0.979 0.947 
0.098 0.974 0.616 0.766 1.000 0.989 0.989 0.926 
0.096 0.976 0.819 0.750 1.000 0.989 0.989 0.916 
0.082 0.973 0.675 0.766 1.000 0.989 0.979 0.905 
0.075 0.976 0.861 0.742 1.000 0.989 0.979 0.905 
0.108 0.974 0.640 0.773 0.989 0.989 0.968 0.884 
0.091 0.978 0.736 0.773 1.000 0.989 0.989 0.947 
0.117 0.969 0.692 0.773 0.989 0.989 0.958 0.863 
0.102 0.967 0.776 0.773 0.923 0.947 0.916 0.747 
0.078 0.981 1.306 0.641 1.000 0.989 1.000 0.979 
0.081 0.978 0.752 0.766 1.000 0.989 1.000 0.979 
0.078 0.981 0.770 0.750 1.000 0.989 1.000 0.958 
0.080 0.977 0.692 0.773 1.000 0.989 0.989 0.895 
0.081 0.974 0.814 0.750 1.000 0.979 0.968 0.874 
0.079 0.983 0.704 0.797 1.000 0.989 0.989 0.926 
0.078 0.978 0.809 0.766 1.000 0.968 0.968 0.863 
0.074 0.983 0.735 0.773 1.000 0.968 0.979 0.895 
0.056 0.986 0.703 0.750 1.000 0.979 0.989 0.874 
0.078 0.978 0.772 0.734 1.000 0.989 0.979 0.926 
0.107 0.980 0.716 0.766 1.000 0.989 0.989 0.937 
0.102 0.973 0.969 0.719 1.000 1.000 0.989 0.947 
0.092 0.966 0.719 0.781 0.989 0.958 0.968 0.853 
0.097 0.966 1.057 0.703 1.000 0.989 0.989 0.947 
0.100 0.969 0.743 0.789 1.000 0.968 0.989 0.916 
0.080 0.967 0.682 0.797 0.934 0.958 0.926 0.789 
0.064 0.985 0.903 0.734 1.000 0.989 0.989 0.926 
0.104 0.976 0.860 0.781 1.000 0.979 0.979 0.874 
0.071 0.980 0.592 0.805 0.989 0.989 0.989 0.863 
0.078 0.981 0.623 0.789 1.000 0.989 0.979 0.884 
0.069 0.976 0.959 0.719 1.000 0.989 0.989 0.926 
0.066 0.980 0.952 0.750 1.000 0.989 0.989 0.937 
0.086 0.973 0.982 0.742 1.000 0.968 0.979 0.916 
0.074 0.978 0.760 0.789 0.978 0.937 0.926 0.789 
0.193 0.976 0.738 0.766 1.000 0.989 0.989 0.926 
0.090 0.973 1.399 0.672 1.000 1.000 1.000 0.979 
0.141 0.980 0.807 0.750 1.000 0.989 0.989 0.916 
0.095 0.962 1.026 0.703 1.000 0.989 1.000 0.916 
0.063 0.983 0.817 0.750 1.000 0.989 1.000 0.947 
0.061 0.985 0.950 0.742 1.000 0.989 0.989 0.916 
0.113 0.977 0.751 0.758 1.000 0.989 0.989 0.905 
0.078 0.974 1.263 0.703 0.989 0.989 1.000 0.958 
0.066 0.976 1.040 0.703 1.000 0.989 1.000 0.947 
0.119 0.981 0.688 0.812 1.000 0.989 0.979 0.842 
0.083 0.966 0.646 0.797 0.912 0.937 0.926 0.684 
0.083 0.983 0.654 0.789 1.000 0.989 0.989 0.905 
0.127 0.974 0.891 0.766 1.000 0.989 0.958 0.863 
0.112 0.971 0.849 0.734 1.000 0.989 0.989 0.947 
0.129 0.983 0.886 0.758 1.000 0.989 0.989 0.916 
0.093 0.983 0.923 0.719 1.000 0.989 0.989 0.937 
0.062 0.982 1.045 0.758 1.000 0.989 1.000 0.968 
0.061 0.983 0.865 0.750 1.000 1.000 0.989 0.968 
0.089 0.977 0.880 0.719 1.000 1.000 0.989 0.937 
0.083 0.981 0.756 0.773 1.000 0.968 0.968 0.853 
0.096 0.981 0.741 0.812 0.978 0.947 0.958 0.832 
0.098 0.980 0.943 0.719 0.989 0.968 0.989 0.905 
0.085 0.982 0.899 0.719 1.000 0.979 0.989 0.937 
0.081 0.986 1.373 0.695 1.000 0.989 1.000 0.979 
0.086 0.980 0.687 0.773 1.000 0.989 0.989 0.937 
0.072 0.981 0.637 0.773 1.000 0.989 0.979 0.895 
0.076 0.974 0.598 0.812 1.000 0.989 0.979 0.916 
0.070 0.982 0.861 0.742 1.000 0.979 0.979 0.926 
0.082 0.982 0.881 0.766 0.989 0.968 0.958 0.832 
0.069 0.977 0.839 0.773 0.978 0.968 0.958 0.800 
0.084 0.983 0.857 0.727 1.000 0.989 0.989 0.958 
0.079 0.977 0.653 0.805 1.000 1.000 0.979 0.947 
0.065 0.983 0.771 0.789 0.956 0.968 0.958 0.821 
0.066 0.981 0.840 0.734 1.000 1.000 0.979 0.926 
0.203 0.982 0.672 0.789 1.000 0.968 0.979 0.916 
0.073 0.978 0.750 0.750 0.978 0.947 0.968 0.853 
0.088 0.972 0.780 0.789 1.000 0.989 0.979 0.905 
0.085 0.974 0.868 0.734 1.000 0.989 0.979 0.905 
0.092 0.974 0.966 0.742 1.000 0.989 0.989 0.937 
0.106 0.983 1.026 0.734 1.000 0.989 0.989 0.947 
0.068 0.980 0.754 0.766 0.978 0.989 0.979 0.916 
0.070 0.985 0.630 0.797 0.989 0.979 0.958 0.874 
0.120 0.971 0.768 0.766 0.978 0.958 0.937 0.758 
0.089 0.973 0.719 0.750 1.000 0.989 0.979 0.874 
0.076 0.978 1.274 0.688 1.000 1.000 1.000 0.958 
0.084 0.982 1.041 0.695 1.000 1.000 1.000 0.968 
0.081 0.978 0.965 0.711 1.000 1.000 0.979 0.926 
0.065 0.972 0.693 0.797 0.967 0.968 0.937 0.758 
0.084 0.981 0.916 0.766 1.000 0.968 0.979 0.874 
0.091 0.976 1.028 0.727 1.000 1.000 1.000 0.989 
0.067 0.987 0.668 0.773 1.000 0.989 0.989 0.937 
0.066 0.977 0.640 0.805 0.989 0.968 0.947 0.811 
0.064 0.987 0.658 0.805 1.000 0.968 0.979 0.874 
0.065 0.990 0.647 0.797 0.956 0.968 0.968 0.863 
0.057 0.985 0.701 0.805 1.000 0.989 0.989 0.958 
0.059 0.983 0.770 0.789 0.923 0.968 0.937 0.789 
0.070 0.976 0.871 0.742 1.000 0.989 0.979 0.916 
0.072 0.983 0.861 0.758 1.000 0.989 0.979 0.916 
0.057 0.986 0.668 0.781 1.000 0.968 0.979 0.926 
0.063 0.986 0.828 0.766 0.956 0.968 0.968 0.832 
0.079 0.986 0.757 0.789 0.956 0.968 0.968 0.853 
0.060 0.978 0.889 0.719 1.000 0.968 0.979 0.905 
0.068 0.989 0.709 0.781 1.000 0.979 0.979 0.895 
0.055 0.983 0.638 0.812 1.000 0.979 0.958 0.842 
0.161 0.977 0.534 0.812 0.978 0.968 0.968 0.863 
0.059 0.986 0.817 0.758 0.945 0.968 0.958 0.884 
0.058 0.991 0.802 0.766 0.945 0.968 0.958 0.874 
0.064 0.982 0.969 0.719 0.956 0.968 0.979 0.884 
0.116 0.982 0.693 0.828 0.945 0.968 0.968 0.863 
0.129 0.980 1.020 0.727 1.000 0.979 0.989 0.926 
0.061 0.978 0.901 0.758 1.000 0.989 0.958 0.884 
0.088 0.982 0.845 0.758 1.000 0.968 0.979 0.905 
0.111 0.982 0.680 0.805 0.967 0.968 0.979 0.895 
0.077 0.977 0.767 0.781 0.945 0.968 0.947 0.811 
0.088 0.987 1.029 0.703 1.000 0.989 1.000 0.958 
0.052 0.986 0.999 0.734 1.000 0.989 0.989 0.958 
0.065 0.980 0.815 0.758 1.000 0.989 0.989 0.937 
0.055 0.982 0.890 0.766 1.000 0.979 0.979 0.905 
0.075 0.981 0.823 0.781 1.000 0.968 0.979 0.884 
0.071 0.986 0.796 0.766 1.000 0.989 0.989 0.926 
0.053 0.987 0.891 0.758 1.000 0.989 0.989 0.947 
0.113 0.985 0.766 0.766 1.000 0.968 0.979 0.884 
0.060 0.985 0.907 0.766 0.967 0.947 0.947 0.811 
0.064 0.981 0.873 0.750 1.000 0.979 0.979 0.905 
0.068 0.978 0.426 0.836 1.000 0.958 0.958 0.832 
0.068 0.989 0.740 0.781 0.978 0.958 0.979 0.916 
0.067 0.983 0.697 0.773 0.967 0.958 0.958 0.863 
0.084 0.981 0.833 0.742 0.967 0.958 0.979 0.884 
0.133 0.982 0.684 0.805 1.000 0.968 0.979 0.895 
0.059 0.982 0.721 0.789 1.000 0.989 0.968 0.895 
0.075 0.980 0.642 0.766 1.000 0.968 0.968 0.874 
0.144 0.978 0.841 0.734 1.000 0.968 0.979 0.895 
0.083 0.976 1.309 0.711 1.000 0.989 1.000 0.947 
0.136 0.986 0.652 0.789 0.978 0.968 0.947 0.905 
0.095 0.976 0.572 0.797 0.956 0.947 0.937 0.768 
0.072 0.977 0.792 0.766 0.978 0.968 0.968 0.895 
0.061 0.987 0.602 0.812 1.000 0.989 0.989 0.968 
0.052 0.987 0.849 0.758 1.000 0.989 0.989 0.926 
0.053 0.986 0.912 0.742 1.000 0.968 0.979 0.916 
0.066 0.986 0.684 0.781 1.000 0.968 0.979 0.926 
0.060 0.981 1.090 0.727 1.000 0.989 0.989 0.937 
0.055 0.987 0.947 0.711 1.000 0.979 0.989 0.916 
0.051 0.992 0.710 0.781 1.000 0.968 0.968 0.842 
0.056 0.986 0.734 0.766 1.000 0.968 0.968 0.884 
0.063 0.983 0.827 0.781 0.989 0.958 0.937 0.811 
0.091 0.977 0.525 0.797 0.956 0.968 0.947 0.853 
0.222 0.976 1.091 0.727 0.945 0.968 0.989 0.926 
0.134 0.962 0.949 0.750 0.879 0.916 0.905 0.653 
0.074 0.982 0.928 0.742 1.000 0.989 0.989 0.937 
0.067 0.983 0.951 0.688 1.000 0.968 0.989 0.916 
0.059 0.991 0.750 0.766 1.000 0.989 0.989 0.926 
0.057 0.987 0.512 0.828 0.989 0.968 0.968 0.853 
0.066 0.983 0.835 0.758 0.989 0.968 0.958 0.853 
0.101 0.985 0.824 0.758 1.000 0.968 0.979 0.863 
0.101 0.985 0.814 0.781 0.802 0.926 0.884 0.695 
0.159 0.977 0.982 0.742 0.747 0.863 0.842 0.537 
0.069 0.977 0.944 0.758 0.857 0.937 0.905 0.632 
0.062 0.987 0.977 0.742 1.000 0.989 0.979 0.895 
0.048 0.987 0.860 0.766 1.000 0.968 0.979 0.884 
0.056 0.985 0.718 0.781 1.000 0.968 0.968 0.853 
0.060 0.989 0.814 0.812 1.000 0.968 0.979 0.863 
0.089 0.980 0.604 0.820 1.000 0.968 0.979 0.874 
0.056 0.983 0.795 0.797 1.000 0.968 0.968 0.874 
0.076 0.980 0.685 0.797 1.000 0.968 0.979 0.905 
0.056 0.983 0.818 0.805 1.000 0.968 0.979 0.884 
0.070 0.983 0.664 0.820 1.000 0.968 0.979 0.874 
0.085 0.982 0.751 0.758 1.000 0.989 0.979 0.926 
0.058 0.983 0.919 0.742 1.000 0.947 0.958 0.863 
0.067 0.980 0.597 0.828 0.967 0.947 0.947 0.821 
0.122 0.987 0.963 0.727 1.000 0.968 0.989 0.947 
0.068 0.981 1.377 0.711 1.000 0.979 1.000 0.968 
0.060 0.985 1.005 0.727 1.000 0.979 0.989 0.937 
0.134 0.978 0.771 0.773 1.000 0.979 0.989 0.926 
0.074 0.978 0.830 0.773 0.934 0.937 0.916 0.737 
0.256 0.967 0.934 0.727 0.978 0.958 0.958 0.779 
0.206 0.967 0.832 0.766 0.934 0.937 0.926 0.684 
0.125 0.978 1.176 0.688 1.000 0.989 1.000 0.979 
0.103 0.980 0.661 0.781 0.989 0.989 0.979 0.884 
0.099 0.982 0.773 0.758 1.000 0.989 0.968 0.916 
0.052 0.985 0.793 0.789 1.000 1.000 0.958 0.926 
0.058 0.989 0.858 0.781 1.000 0.989 0.968 0.926 
0.142 0.980 0.911 0.688 1.000 0.989 0.989 0.937 
0.054 0.983 1.288 0.680 1.000 1.000 1.000 0.958 
0.058 0.983 0.963 0.711 1.000 0.989 1.000 0.947 
0.086 0.977 0.792 0.766 1.000 0.989 0.989 0.937 
0.055 0.987 0.885 0.727 1.000 0.989 0.979 0.926 
0.070 0.989 0.726 0.789 1.000 0.989 0.979 0.926 
0.091 0.981 0.766 0.758 0.989 0.968 0.958 0.884 
0.069 0.982 0.810 0.750 0.923 0.937 0.926 0.779 
0.092 0.981 0.884 0.750 0.945 0.958 0.968 0.832 
0.091 0.976 1.083 0.758 0.978 0.968 0.989 0.905 
0.078 0.980 0.859 0.766 1.000 0.989 1.000 0.968 
0.067 0.980 0.879 0.773 1.000 0.968 0.979 0.916 
0.062 0.983 0.753 0.789 1.000 0.989 0.989 0.947 
0.142 0.977 0.847 0.742 1.000 0.968 0.979 0.905 
0.080 0.976 0.935 0.703 1.000 0.979 0.989 0.958 
0.068 0.973 1.034 0.742 1.000 1.000 1.000 0.989 
0.057 0.990 0.628 0.820 0.989 0.968 0.958 0.853 
0.110 0.980 0.793 0.789 0.956 0.968 0.958 0.821 
0.084 0.980 0.678 0.742 1.000 0.989 0.989 0.916 
0.087 0.989 0.962 0.734 0.956 0.968 0.968 0.842 
0.073 0.977 1.142 0.719 1.000 0.979 1.000 0.947 
0.067 0.987 0.837 0.797 1.000 0.979 0.989 0.916 
0.046 0.990 0.737 0.758 0.923 0.968 0.968 0.853 
0.056 0.989 0.719 0.789 0.934 0.968 0.979 0.863 
0.083 0.982 0.893 0.766 1.000 0.968 0.979 0.884 
0.061 0.986 0.827 0.766 1.000 0.968 0.989 0.958 
0.066 0.989 0.624 0.797 1.000 0.968 0.989 0.937 
0.066 0.983 0.790 0.750 1.000 0.968 0.979 0.895 
0.091 0.987 0.854 0.742 0.956 0.968 0.979 0.853 
0.058 0.985 0.901 0.758 0.945 0.968 0.968 0.842 
0.062 0.983 0.894 0.734 1.000 0.968 0.989 0.905 
0.048 0.990 1.020 0.742 1.000 0.968 0.989 0.905 
0.072 0.987 0.653 0.805 1.000 0.968 0.989 0.884 
0.060 0.983 0.861 0.789 0.989 0.968 0.968 0.842 
0.077 0.978 0.928 0.750 0.989 0.968 0.958 0.863 
0.069 0.985 0.585 0.812 0.989 0.968 0.979 0.863 
0.071 0.977 0.897 0.758 0.934 0.947 0.947 0.789 
0.077 0.981 0.785 0.773 0.978 0.968 0.958 0.842 
0.049 0.989 0.892 0.758 0.956 0.968 0.979 0.863 
0.046 0.986 0.857 0.766 0.989 0.968 0.989 0.905 
0.078 0.987 0.827 0.773 0.967 0.968 0.979 0.884 
0.063 0.986 1.006 0.750 0.934 0.968 0.958 0.832 
0.054 0.983 0.887 0.758 0.945 0.968 0.968 0.853 
0.052 0.985 0.710 0.789 0.967 0.968 0.968 0.874 
0.096 0.978 0.889 0.758 0.967 0.968 0.968 0.884 
0.055 0.980 0.741 0.781 0.989 0.968 0.979 0.905 
0.088 0.987 0.957 0.734 1.000 0.989 0.989 0.926 
0.061 0.990 1.307 0.711 1.000 0.989 1.000 0.958 
0.133 0.980 0.691 0.773 0.923 0.958 0.937 0.800 
0.098 0.963 0.646 0.797 0.813 0.884 0.884 0.653 
0.061 0.982 0.796 0.742 1.000 0.968 0.989 0.884 
0.056 0.987 0.774 0.773 1.000 0.989 0.989 0.926 
0.047 0.990 0.921 0.758 1.000 0.979 0.989 0.926 
0.053 0.986 0.977 0.750 1.000 0.968 0.979 0.895 
0.050 0.990 0.859 0.758 0.967 0.968 0.979 0.863 
0.047 0.991 0.858 0.742 0.989 0.968 0.989 0.895 
0.053 0.987 0.904 0.742 1.000 0.979 0.989 0.937 
0.049 0.986 0.830 0.742 1.000 0.989 0.989 0.937 
0.051 0.987 0.833 0.766 1.000 0.968 0.979 0.884 
0.047 0.989 0.924 0.758 0.967 0.968 0.968 0.832 
0.058 0.987 0.775 0.766 0.978 0.968 0.968 0.895 
0.076 0.986 0.875 0.758 0.989 0.968 0.989 0.895 
0.074 0.982 1.043 0.742 0.989 0.979 0.989 0.947 
0.057 0.990 0.730 0.750 1.000 0.979 0.989 0.937 
0.063 0.982 0.816 0.773 0.967 0.968 0.989 0.895 
0.075 0.989 0.807 0.734 0.967 0.968 0.989 0.895 
0.054 0.981 1.035 0.711 0.956 0.968 0.979 0.895 
0.097 0.982 0.736 0.805 1.000 0.968 0.979 0.884 
0.049 0.985 0.947 0.766 1.000 0.968 0.989 0.926 
0.063 0.980 0.792 0.750 0.989 0.968 0.979 0.884 
0.053 0.985 0.728 0.797 1.000 0.968 0.968 0.874 
0.049 0.986 0.869 0.773 1.000 0.968 0.979 0.884 
0.058 0.983 0.758 0.766 1.000 0.968 0.979 0.884 
0.062 0.981 0.900 0.766 1.000 0.989 0.989 0.916 
0.085 0.983 0.910 0.734 1.000 0.989 1.000 0.968 
0.044 0.990 0.832 0.805 1.000 0.989 0.979 0.926 
0.086 0.985 0.958 0.789 1.000 0.989 0.979 0.884 
0.052 0.987 0.945 0.719 0.967 0.968 0.968 0.884 
0.123 0.986 0.798 0.750 1.000 0.989 0.979 0.895 
0.052 0.986 0.931 0.734 1.000 0.989 1.000 0.947 
0.062 0.989 1.034 0.711 1.000 0.989 0.989 0.937 
0.082 0.983 0.853 0.758 1.000 0.979 0.989 0.926 
0.088 0.980 1.017 0.695 1.000 0.989 1.000 0.947 
0.051 0.987 0.837 0.766 1.000 0.989 1.000 0.958 
0.074 0.981 0.830 0.750 1.000 0.989 0.989 0.937 
0.051 0.989 0.640 0.789 0.967 0.968 0.958 0.800 
0.081 0.990 0.847 0.781 0.978 0.968 0.958 0.863 
0.054 0.987 0.890 0.742 0.956 0.968 0.947 0.853 
0.061 0.981 0.918 0.773 0.967 0.968 0.947 0.853 
0.063 0.989 0.888 0.773 0.967 0.968 0.968 0.884 
0.088 0.986 0.800 0.773 0.967 0.968 0.958 0.874 
0.065 0.986 0.831 0.789 0.956 0.968 0.947 0.832 
0.053 0.986 0.507 0.836 0.967 0.968 0.968 0.832 
0.099 0.986 0.813 0.742 0.989 0.968 0.979 0.874 
0.045 0.991 0.898 0.742 0.934 0.968 0.947 0.832 
0.069 0.987 0.823 0.766 1.000 0.968 0.968 0.863 
0.102 0.980 0.819 0.789 0.956 0.968 0.937 0.779 
0.048 0.990 0.892 0.766 1.000 0.989 0.989 0.916 
0.061 0.991 0.992 0.727 1.000 0.989 0.989 0.916 
0.044 0.987 0.878 0.742 1.000 0.989 0.989 0.916 
0.050 0.991 0.780 0.773 1.000 0.989 0.989 0.895 
0.125 0.987 0.799 0.789 1.000 0.968 0.968 0.884 
0.055 0.989 0.687 0.805 0.934 0.947 0.937 0.800 
0.051 0.987 0.763 0.797 0.978 0.968 0.958 0.853 
0.044 0.992 0.810 0.758 1.000 0.968 0.989 0.895 
0.090 0.986 1.087 0.719 1.000 0.968 0.989 0.874 
0.074 0.986 0.956 0.766 0.956 0.968 0.968 0.863 
0.066 0.986 0.900 0.781 0.956 0.968 0.979 0.874 
0.077 0.982 0.970 0.758 1.000 0.979 0.989 0.937 
0.070 0.986 0.764 0.781 0.978 0.968 0.989 0.905 
0.048 0.990 0.783 0.766 1.000 0.968 0.989 0.884 
0.049 0.986 0.964 0.766 1.000 0.968 0.979 0.874 
0.051 0.991 0.792 0.758 1.000 0.968 0.989 0.895 
0.083 0.981 0.894 0.781 0.934 0.958 0.926 0.789 
0.045 0.986 0.748 0.766 0.857 0.937 0.916 0.737 
0.086 0.983 0.713 0.781 0.956 0.958 0.947 0.811 
0.052 0.982 0.612 0.805 0.956 0.958 0.958 0.811 
0.103 0.987 0.922 0.758 1.000 0.979 0.989 0.905 
0.050 0.990 1.122 0.727 1.000 0.979 0.989 0.916 
0.074 0.981 0.816 0.766 0.956 0.968 0.958 0.874 
0.045 0.990 0.754 0.797 0.923 0.947 0.926 0.768 
0.054 0.989 0.889 0.758 0.989 0.968 0.958 0.874 
0.051 0.987 0.875 0.789 1.000 0.968 0.968 0.895 
0.065 0.982 0.823 0.750 1.000 0.989 0.989 0.916 
0.051 0.989 0.862 0.797 1.000 0.979 0.989 0.905 
0.074 0.985 1.029 0.758 0.956 0.968 0.968 0.863 
0.078 0.981 0.805 0.766 0.956 0.968 0.947 0.842 
0.148 0.990 1.060 0.719 0.934 0.958 0.979 0.863 
0.052 0.990 0.815 0.805 1.000 0.979 0.989 0.926 
0.061 0.991 1.107 0.711 1.000 0.989 0.989 0.947 
0.046 0.985 1.076 0.734 1.000 0.989 0.989 0.937 
0.056 0.992 0.853 0.742 0.978 0.968 0.989 0.884 
0.079 0.989 0.877 0.766 0.978 0.968 0.979 0.874 
0.072 0.986 0.937 0.766 0.956 0.968 0.989 0.863 
0.058 0.981 0.900 0.766 0.934 0.958 0.968 0.811 
0.058 0.986 1.060 0.711 0.967 0.968 0.989 0.874 
0.067 0.987 0.885 0.766 0.978 0.968 0.958 0.853 
0.049 0.992 0.848 0.797 1.000 0.968 0.989 0.916 
0.060 0.985 0.909 0.734 0.978 0.968 0.989 0.884 
0.049 0.989 0.890 0.766 0.978 0.968 0.968 0.884 
0.070 0.985 0.852 0.727 1.000 0.968 0.989 0.895 
0.046 0.991 0.836 0.727 1.000 0.968 0.989 0.916 
0.084 0.986 0.736 0.797 1.000 0.968 0.989 0.895 
0.044 0.994 0.868 0.789 0.978 0.968 0.968 0.863 
0.073 0.987 0.723 0.789 0.978 0.968 0.979 0.853 
0.061 0.987 0.739 0.805 0.967 0.968 0.968 0.842 
0.098 0.978 0.683 0.789 0.923 0.958 0.947 0.800 
0.121 0.986 0.960 0.750 0.967 0.968 0.989 0.895 
0.058 0.982 0.902 0.758 0.956 0.968 0.979 0.884 
0.054 0.989 0.864 0.766 1.000 0.968 0.979 0.874 
0.048 0.990 0.867 0.758 0.989 0.968 0.989 0.874 
0.079 0.983 0.859 0.781 1.000 0.968 0.979 0.863 
0.061 0.985 0.795 0.781 0.967 0.968 0.968 0.853 
0.054 0.990 0.832 0.812 1.000 0.989 0.989 0.926 
0.077 0.983 0.950 0.766 1.000 0.968 0.958 0.884 
0.040 0.991 0.809 0.758 0.967 0.968 0.979 0.874 
0.040 0.992 0.929 0.742 0.967 0.968 0.989 0.895 
0.063 0.989 0.759 0.773 1.000 0.968 0.989 0.916 
0.087 0.990 1.058 0.734 1.000 0.989 0.989 0.947 
0.057 0.992 1.284 0.703 1.000 0.989 0.989 0.958 
0.060 0.985 0.683 0.789 1.000 0.979 0.979 0.895 
0.044 0.992 0.781 0.766 1.000 0.989 0.979 0.895 
0.055 0.982 0.972 0.742 1.000 0.989 0.989 0.905 
0.044 0.990 0.961 0.703 1.000 0.989 0.989 0.895 
0.064 0.982 0.671 0.789 0.989 0.979 0.989 0.884 
0.048 0.991 0.942 0.711 0.956 0.968 0.979 0.874 
0.051 0.986 1.027 0.727 1.000 0.979 0.989 0.916 
0.076 0.981 0.977 0.742 1.000 0.968 0.979 0.874 
0.054 0.981 0.869 0.805 0.989 0.979 0.979 0.874 
0.142 0.982 0.719 0.805 1.000 0.968 0.989 0.905 
0.049 0.986 0.860 0.758 0.989 0.979 0.989 0.916 
0.048 0.986 0.885 0.766 1.000 0.989 0.989 0.937 
0.060 0.987 0.923 0.773 1.000 0.989 0.989 0.905 
0.070 0.986 0.905 0.750 0.978 0.968 0.958 0.800 
0.070 0.983 0.925 0.758 0.934 0.968 0.958 0.779 
0.049 0.983 0.842 0.812 0.956 0.968 0.958 0.821 
0.079 0.982 0.841 0.773 1.000 0.979 0.989 0.895 
0.045 0.990 0.832 0.742 1.000 0.989 0.989 0.895 
0.074 0.986 0.676 0.781 0.989 0.968 0.979 0.884 
0.052 0.986 0.879 0.766 1.000 0.968 0.979 0.853 
0.044 0.991 0.816 0.773 1.000 0.979 0.979 0.874 
0.049 0.989 0.905 0.781 0.967 0.968 0.979 0.853 
0.058 0.989 0.645 0.820 0.989 0.989 0.989 0.895 
0.050 0.995 0.807 0.758 0.989 0.979 0.989 0.884 
0.045 0.990 0.843 0.766 1.000 0.979 0.979 0.895 
0.053 0.994 0.919 0.734 1.000 0.989 0.989 0.916 
0.050 0.985 0.702 0.758 1.000 0.979 0.989 0.926 
0.070 0.987 0.652 0.781 1.000 0.968 0.989 0.905 
0.055 0.990 1.047 0.750 1.000 0.979 0.979 0.874 
0.103 0.986 0.803 0.805 0.945 0.958 0.947 0.821 
0.061 0.986 0.850 0.797 0.956 0.968 0.958 0.821 
0.040 0.994 0.962 0.758 0.989 0.989 0.979 0.874 
0.056 0.990 0.895 0.734 0.967 0.968 0.968 0.874 
0.041 0.991 0.552 0.852 0.967 0.958 0.947 0.811 
0.050 0.986 0.846 0.781 0.978 0.968 0.958 0.874 
0.046 0.991 0.809 0.758 1.000 0.979 0.979 0.874 
0.050 0.986 0.846 0.766 0.989 0.968 0.979 0.874 
0.044 0.989 0.816 0.789 0.967 0.968 0.947 0.853 
0.070 0.986 0.992 0.742 0.956 0.968 0.958 0.832 
0.044 0.990 0.649 0.789 0.967 0.968 0.989 0.863 
0.063 0.978 0.873 0.773 1.000 0.968 0.989 0.916 
0.081 0.983 0.840 0.742 1.000 0.989 0.989 0.958 
0.070 0.991 1.025 0.742 1.000 0.989 1.000 0.968 
0.148 0.985 1.290 0.688 0.989 0.979 0.989 0.937 
0.049 0.989 0.855 0.781 0.956 0.968 0.968 0.821 
0.042 0.990 0.951 0.758 0.967 0.968 0.968 0.832 
0.081 0.989 0.796 0.812 0.956 0.958 0.947 0.811 
0.061 0.987 0.769 0.812 0.857 0.947 0.916 0.684 
0.056 0.985 0.853 0.820 0.956 0.968 0.937 0.789 
0.064 0.985 0.820 0.750 0.967 0.968 0.958 0.842 
0.053 0.986 0.804 0.805 0.978 0.968 0.958 0.842 
0.044 0.990 0.843 0.805 0.967 0.968 0.937 0.821 
0.118 0.989 0.838 0.781 0.967 0.968 0.968 0.863 
0.061 0.986 0.836 0.773 0.967 0.968 0.958 0.853 
0.040 0.991 0.861 0.781 0.967 0.968 0.947 0.853 
0.044 0.991 0.942 0.773 0.967 0.968 0.937 0.832 
0.168 0.987 0.665 0.805 0.967 0.958 0.947 0.821 
0.052 0.989 0.764 0.789 0.956 0.968 0.947 0.789 
0.074 0.989 0.756 0.766 0.967 0.968 0.989 0.874 
0.041 0.990 0.804 0.750 0.967 0.968 0.989 0.863 
0.044 0.991 0.739 0.773 0.967 0.968 0.979 0.863 
0.050 0.986 0.983 0.719 0.967 0.968 0.979 0.863 
0.040 0.991 0.755 0.766 0.989 0.968 0.979 0.874 
0.066 0.986 0.870 0.766 0.978 0.979 0.989 0.874 
0.061 0.991 0.579 0.828 0.978 0.968 0.968 0.863 
