0.679 0.556 0.692 0.487 0.000 0.000 0.000 0.000 
0.665 0.587 0.702 0.487 0.000 0.000 0.000 0.000 
0.635 0.622 0.693 0.487 0.000 0.000 0.000 0.000 
0.617 0.644 0.689 0.482 0.011 0.011 0.011 0.000 
0.621 0.632 0.725 0.487 0.011 0.011 0.011 0.000 
0.595 0.686 0.773 0.487 0.066 0.074 0.032 0.021 
0.601 0.673 0.746 0.518 0.473 0.505 0.358 0.263 
0.592 0.692 0.680 0.564 0.681 0.716 0.547 0.484 
0.582 0.683 0.849 0.508 0.209 0.232 0.137 0.126 
0.579 0.693 0.647 0.615 0.352 0.400 0.274 0.263 
0.574 0.705 0.636 0.672 0.220 0.274 0.274 0.232 
0.547 0.718 0.832 0.533 0.132 0.147 0.116 0.137 
0.554 0.708 0.690 0.600 0.967 0.958 0.958 0.884 
0.544 0.725 0.996 0.497 0.198 0.242 0.168 0.147 
0.568 0.710 0.598 0.687 0.495 0.516 0.442 0.389 
0.561 0.700 0.618 0.662 0.560 0.611 0.505 0.453 
0.546 0.728 0.693 0.615 0.440 0.432 0.400 0.368 
0.557 0.720 0.660 0.662 0.330 0.358 0.347 0.274 
0.549 0.723 0.977 0.538 0.352 0.379 0.305 0.242 
0.536 0.722 0.714 0.615 0.967 0.968 0.916 0.821 
0.515 0.752 0.776 0.595 0.802 0.832 0.726 0.621 
0.527 0.734 0.965 0.508 0.703 0.726 0.568 0.505 
0.518 0.734 1.145 0.508 0.132 0.189 0.095 0.158 
0.530 0.743 0.805 0.569 0.396 0.400 0.389 0.263 
0.541 0.748 0.665 0.656 0.374 0.368 0.337 0.316 
0.548 0.720 0.642 0.610 1.000 1.000 1.000 1.000 
0.544 0.718 0.834 0.549 0.143 0.221 0.095 0.105 
0.512 0.750 0.550 0.708 0.791 0.811 0.737 0.642 
0.484 0.774 0.569 0.718 0.714 0.716 0.642 0.547 
0.531 0.761 0.705 0.646 0.297 0.358 0.284 0.295 
0.476 0.768 0.596 0.703 0.736 0.684 0.632 0.589 
0.511 0.773 0.564 0.728 0.923 0.958 0.926 0.768 
0.533 0.766 0.645 0.697 0.571 0.558 0.463 0.368 
0.493 0.759 0.599 0.687 0.989 1.000 0.989 0.947 
0.539 0.756 0.633 0.692 0.835 0.884 0.800 0.621 
0.501 0.751 0.609 0.682 1.000 1.000 1.000 0.968 
0.508 0.770 0.809 0.590 0.549 0.568 0.495 0.368 
0.479 0.768 0.560 0.692 0.725 0.758 0.674 0.632 
0.476 0.788 0.640 0.708 0.747 0.684 0.642 0.463 
0.440 0.780 0.630 0.738 0.989 1.000 0.968 0.916 
0.457 0.798 0.594 0.713 0.341 0.368 0.358 0.284 
0.503 0.761 0.722 0.636 0.549 0.621 0.474 0.453 
0.470 0.791 0.760 0.569 1.000 1.000 1.000 1.000 
0.479 0.789 1.309 0.508 0.055 0.074 0.053 0.095 
0.435 0.792 0.609 0.646 1.000 1.000 1.000 1.000 
0.472 0.791 0.552 0.718 0.462 0.463 0.337 0.274 
0.426 0.812 0.561 0.677 0.516 0.579 0.516 0.442 
0.426 0.792 0.523 0.728 0.473 0.474 0.463 0.411 
0.471 0.789 0.570 0.728 0.989 1.000 0.989 0.947 
0.444 0.788 0.967 0.538 0.802 0.895 0.726 0.695 
0.454 0.783 0.659 0.662 0.396 0.463 0.347 0.305 
0.436 0.808 0.602 0.677 0.132 0.179 0.095 0.189 
0.490 0.817 0.573 0.738 0.714 0.768 0.653 0.611 
0.436 0.792 0.567 0.723 0.659 0.653 0.537 0.400 
0.472 0.793 0.543 0.769 0.681 0.726 0.621 0.568 
0.492 0.783 0.580 0.708 0.451 0.484 0.368 0.358 
0.441 0.802 0.625 0.682 0.703 0.705 0.674 0.663 
0.444 0.803 0.831 0.600 0.308 0.358 0.274 0.211 
0.421 0.801 0.993 0.544 1.000 1.000 1.000 1.000 
0.455 0.805 0.562 0.723 0.923 0.979 0.895 0.779 
0.434 0.810 0.679 0.667 0.549 0.558 0.484 0.400 
0.460 0.796 0.927 0.569 0.978 1.000 1.000 1.000 
0.484 0.755 0.586 0.728 0.989 1.000 1.000 1.000 
0.464 0.791 0.561 0.692 0.857 0.947 0.895 0.768 
0.459 0.802 0.532 0.764 0.769 0.863 0.779 0.653 
0.426 0.821 0.620 0.697 0.989 0.979 0.979 0.895 
0.418 0.825 0.916 0.595 0.956 1.000 0.926 0.874 
0.465 0.787 0.589 0.738 0.846 0.926 0.895 0.842 
0.418 0.812 0.596 0.677 0.440 0.474 0.453 0.347 
0.423 0.828 0.701 0.677 0.758 0.832 0.758 0.768 
0.436 0.806 0.600 0.708 0.121 0.116 0.074 0.179 
0.405 0.831 0.651 0.646 0.824 0.842 0.768 0.716 
0.435 0.791 0.668 0.646 0.626 0.684 0.526 0.516 
0.442 0.816 0.601 0.692 0.604 0.653 0.516 0.495 
0.405 0.825 0.548 0.723 0.956 0.979 0.968 0.874 
0.465 0.814 0.665 0.692 0.967 0.989 1.000 0.979 
0.435 0.815 0.548 0.769 0.516 0.600 0.505 0.495 
0.420 0.811 0.748 0.626 0.967 0.989 0.958 0.947 
0.425 0.835 0.526 0.779 0.374 0.505 0.421 0.358 
0.407 0.839 0.811 0.631 1.000 1.000 1.000 1.000 
0.437 0.834 0.559 0.733 0.780 0.874 0.800 0.695 
0.369 0.825 0.550 0.754 0.912 0.958 0.863 0.863 
0.365 0.831 0.505 0.749 0.451 0.568 0.474 0.442 
0.385 0.842 0.731 0.662 0.033 0.053 0.105 0.116 
0.420 0.807 0.559 0.759 0.264 0.263 0.295 0.326 
0.461 0.796 0.725 0.631 0.945 0.979 0.937 0.842 
0.396 0.837 0.537 0.738 0.758 0.842 0.747 0.663 
0.440 0.825 0.569 0.723 0.637 0.705 0.632 0.537 
0.378 0.849 0.496 0.779 0.857 0.937 0.863 0.811 
0.370 0.838 0.496 0.738 0.473 0.611 0.526 0.421 
0.371 0.831 0.849 0.605 0.725 0.863 0.811 0.695 
0.324 0.865 0.574 0.733 0.890 0.937 0.884 0.821 
0.371 0.849 0.515 0.785 0.681 0.811 0.726 0.568 
0.409 0.843 0.617 0.682 0.824 0.958 0.821 0.642 
0.365 0.847 0.499 0.785 0.385 0.453 0.463 0.400 
0.367 0.865 0.705 0.651 0.505 0.621 0.526 0.442 
0.387 0.820 0.541 0.785 0.923 0.979 0.905 0.874 
0.376 0.845 0.562 0.754 0.582 0.674 0.611 0.495 
0.340 0.851 0.631 0.697 0.780 0.874 0.758 0.758 
0.382 0.847 0.527 0.769 0.440 0.568 0.463 0.421 
0.374 0.861 0.716 0.677 0.703 0.726 0.632 0.463 
0.346 0.837 0.507 0.733 0.714 0.768 0.663 0.463 
0.359 0.862 0.690 0.687 0.714 0.863 0.779 0.642 
0.311 0.854 0.525 0.754 0.670 0.800 0.737 0.632 
0.354 0.858 0.465 0.790 0.429 0.558 0.505 0.463 
0.300 0.868 0.605 0.723 0.154 0.137 0.200 0.284 
0.350 0.857 0.556 0.769 0.484 0.547 0.547 0.453 
0.341 0.852 0.570 0.759 0.934 0.968 0.895 0.811 
0.347 0.843 0.584 0.708 1.000 1.000 1.000 1.000 
0.332 0.858 0.606 0.733 0.330 0.358 0.337 0.263 
0.363 0.849 0.542 0.779 0.330 0.368 0.379 0.368 
0.303 0.881 0.597 0.738 0.407 0.421 0.432 0.400 
0.302 0.867 0.514 0.769 0.714 0.821 0.758 0.632 
0.317 0.851 0.930 0.574 0.099 0.084 0.074 0.147 
0.293 0.884 0.515 0.790 0.341 0.411 0.453 0.411 
0.328 0.867 0.519 0.785 0.484 0.642 0.589 0.474 
0.312 0.868 0.678 0.682 0.044 0.032 0.000 0.011 
0.320 0.862 1.371 0.554 0.989 1.000 1.000 1.000 
0.339 0.857 0.537 0.774 0.593 0.611 0.547 0.442 
0.341 0.872 0.671 0.687 0.505 0.537 0.442 0.379 
0.338 0.867 0.544 0.774 0.989 0.989 0.958 0.916 
0.329 0.874 0.670 0.667 0.659 0.737 0.653 0.547 
0.290 0.871 0.632 0.687 0.791 0.853 0.789 0.621 
0.301 0.888 0.564 0.774 0.659 0.789 0.716 0.547 
0.332 0.881 0.592 0.733 0.978 0.989 0.979 0.968 
0.326 0.877 0.584 0.759 0.538 0.484 0.516 0.547 
0.324 0.858 1.212 0.569 0.923 0.958 0.968 0.905 
0.313 0.872 0.486 0.774 0.451 0.526 0.579 0.442 
0.313 0.863 0.610 0.754 0.736 0.811 0.800 0.768 
0.321 0.863 0.603 0.723 0.901 0.968 0.884 0.863 
0.321 0.875 0.527 0.769 0.209 0.200 0.242 0.200 
0.301 0.880 0.828 0.631 1.000 1.000 1.000 1.000 
0.309 0.886 0.487 0.785 0.516 0.642 0.558 0.463 
0.333 0.874 0.663 0.723 0.648 0.737 0.726 0.495 
0.329 0.862 0.552 0.713 0.758 0.874 0.800 0.632 
0.262 0.886 0.503 0.795 0.549 0.674 0.663 0.505 
0.286 0.879 0.637 0.703 0.330 0.389 0.305 0.305 
0.266 0.885 0.473 0.795 0.637 0.726 0.716 0.611 
0.283 0.884 0.739 0.677 0.286 0.274 0.242 0.274 
0.304 0.885 0.511 0.810 0.538 0.632 0.547 0.389 
0.288 0.875 0.882 0.626 0.989 0.958 0.979 0.968 
0.346 0.881 0.579 0.723 0.978 0.989 0.947 0.937 
0.410 0.849 0.870 0.636 0.890 0.926 0.832 0.684 
0.363 0.839 0.555 0.713 0.648 0.705 0.579 0.400 
0.313 0.867 0.990 0.590 0.923 0.958 0.979 0.895 
0.360 0.856 0.598 0.759 0.363 0.368 0.295 0.263 
0.345 0.854 0.642 0.703 1.000 1.000 0.989 1.000 
0.332 0.856 0.904 0.677 0.462 0.537 0.463 0.368 
0.303 0.862 0.539 0.749 0.626 0.726 0.789 0.621 
0.316 0.880 0.581 0.754 0.033 0.021 0.021 0.074 
0.349 0.857 0.679 0.697 0.637 0.737 0.758 0.705 
0.320 0.866 0.603 0.774 0.516 0.611 0.526 0.453 
0.335 0.880 1.064 0.610 0.978 0.958 0.947 0.905 
0.309 0.863 0.641 0.749 0.538 0.611 0.547 0.295 
0.278 0.872 0.580 0.785 0.978 0.979 0.958 0.947 
0.276 0.883 0.609 0.718 0.495 0.600 0.526 0.432 
0.264 0.874 0.846 0.672 0.989 1.000 0.989 0.979 
0.273 0.890 0.589 0.774 0.319 0.316 0.263 0.211 
0.294 0.884 0.645 0.744 0.582 0.758 0.758 0.621 
0.303 0.886 0.631 0.728 0.989 0.989 0.979 0.958 
0.317 0.868 0.685 0.718 0.769 0.811 0.758 0.526 
0.315 0.862 1.565 0.538 1.000 1.000 1.000 1.000 
0.278 0.888 0.837 0.621 0.220 0.232 0.189 0.179 
0.270 0.893 0.823 0.677 1.000 1.000 0.979 0.989 
0.269 0.890 0.729 0.723 0.516 0.495 0.421 0.232 
0.296 0.885 0.561 0.779 0.857 0.916 0.895 0.737 
0.320 0.851 0.571 0.733 0.495 0.589 0.484 0.379 
0.290 0.883 0.593 0.769 0.813 0.895 0.832 0.716 
0.281 0.883 0.583 0.744 0.934 0.968 0.937 0.905 
0.342 0.866 0.486 0.785 0.813 0.926 0.884 0.747 
0.310 0.875 1.542 0.538 1.000 1.000 1.000 1.000 
0.267 0.883 0.489 0.785 0.319 0.421 0.379 0.253 
0.264 0.885 0.577 0.723 0.560 0.684 0.705 0.579 
0.313 0.885 0.601 0.749 0.901 0.916 0.937 0.895 
0.292 0.890 0.600 0.744 0.934 0.937 0.958 0.884 
0.324 0.865 0.521 0.764 0.670 0.821 0.768 0.642 
0.296 0.866 0.522 0.764 0.582 0.674 0.632 0.516 
0.291 0.879 0.577 0.754 0.604 0.737 0.621 0.516 
0.288 0.881 0.570 0.769 0.945 0.937 0.895 0.789 
0.262 0.885 0.576 0.733 0.769 0.905 0.832 0.758 
0.273 0.880 0.722 0.692 0.802 0.905 0.853 0.789 
0.281 0.875 0.620 0.754 0.462 0.579 0.526 0.432 
0.254 0.879 0.574 0.744 0.626 0.768 0.695 0.600 
0.271 0.897 0.541 0.769 0.582 0.663 0.589 0.484 
0.257 0.883 0.488 0.774 0.473 0.632 0.579 0.432 
0.303 0.889 0.561 0.795 0.626 0.789 0.695 0.547 
0.240 0.903 0.539 0.769 0.615 0.768 0.674 0.558 
0.242 0.899 0.518 0.800 0.780 0.874 0.811 0.674 
0.271 0.905 0.865 0.641 0.670 0.789 0.674 0.537 
0.345 0.852 0.696 0.682 0.462 0.653 0.568 0.411 
0.299 0.886 0.535 0.764 0.604 0.747 0.758 0.589 
0.291 0.885 0.572 0.774 0.242 0.347 0.347 0.347 
0.252 0.886 0.753 0.651 0.813 0.905 0.958 0.895 
0.324 0.884 0.961 0.651 1.000 0.989 1.000 1.000 
0.350 0.837 0.655 0.733 0.615 0.663 0.632 0.432 
0.271 0.898 0.559 0.749 0.791 0.905 0.863 0.737 
0.256 0.900 0.597 0.728 0.824 0.895 0.789 0.716 
0.248 0.900 0.539 0.785 0.901 0.937 0.874 0.768 
0.229 0.890 0.638 0.744 0.978 0.979 0.979 0.947 
0.251 0.907 0.602 0.759 0.989 0.979 0.968 0.937 
0.280 0.889 0.748 0.728 0.967 0.979 0.979 0.979 
0.275 0.907 0.652 0.723 0.440 0.463 0.389 0.284 
0.234 0.902 0.540 0.805 0.923 0.958 0.905 0.832 
0.273 0.888 0.524 0.769 0.692 0.821 0.758 0.674 
0.213 0.913 0.542 0.795 0.780 0.874 0.842 0.716 
0.227 0.913 0.559 0.790 0.923 0.958 0.916 0.853 
0.220 0.916 0.634 0.692 0.582 0.758 0.632 0.495 
0.197 0.921 0.472 0.821 0.571 0.705 0.663 0.526 
0.214 0.923 0.647 0.754 0.703 0.800 0.758 0.621 
0.196 0.927 0.576 0.785 0.703 0.800 0.789 0.621 
0.216 0.923 0.608 0.733 0.374 0.442 0.379 0.326 
0.252 0.909 0.652 0.764 0.769 0.842 0.821 0.726 
0.233 0.900 0.564 0.785 1.000 1.000 0.979 0.968 
0.229 0.897 0.748 0.723 0.956 0.968 0.958 0.895 
0.245 0.911 0.529 0.795 0.989 1.000 0.989 0.989 
0.200 0.914 0.963 0.615 0.560 0.611 0.589 0.389 
0.201 0.925 0.746 0.738 0.967 0.979 0.968 0.916 
0.196 0.920 0.556 0.764 0.681 0.811 0.789 0.653 
0.185 0.928 0.552 0.779 0.692 0.842 0.811 0.716 
0.196 0.917 0.614 0.759 0.473 0.516 0.432 0.347 
0.240 0.921 0.617 0.764 0.824 0.884 0.916 0.842 
0.231 0.899 0.707 0.703 0.571 0.663 0.653 0.547 
0.228 0.913 0.754 0.713 0.879 0.926 0.958 0.884 
0.281 0.916 0.550 0.774 0.473 0.600 0.558 0.432 
0.312 0.858 0.852 0.687 0.923 0.947 0.968 0.958 
0.240 0.895 0.645 0.728 0.659 0.768 0.737 0.705 
0.231 0.905 0.566 0.785 0.615 0.779 0.747 0.611 
0.190 0.925 0.544 0.754 0.560 0.642 0.674 0.589 
0.199 0.918 0.568 0.785 0.560 0.663 0.674 0.474 
0.235 0.903 0.981 0.697 0.846 0.905 0.947 0.905 
0.267 0.908 0.494 0.774 0.670 0.821 0.800 0.674 
0.198 0.911 0.607 0.749 0.802 0.905 0.937 0.800 
0.184 0.918 0.571 0.790 0.945 0.968 0.958 0.916 
0.191 0.927 0.514 0.810 0.670 0.821 0.779 0.653 
0.275 0.907 0.617 0.779 0.670 0.800 0.737 0.653 
0.297 0.870 0.531 0.759 0.813 0.874 0.874 0.695 
0.241 0.916 0.534 0.805 0.648 0.789 0.726 0.600 
0.251 0.902 0.626 0.759 0.769 0.895 0.874 0.747 
0.237 0.903 0.521 0.790 0.626 0.726 0.716 0.558 
0.203 0.907 0.622 0.779 0.923 0.937 0.968 0.926 
0.205 0.914 0.626 0.779 0.868 0.937 0.947 0.874 
0.223 0.918 0.709 0.754 0.879 0.926 0.937 0.811 
0.218 0.911 0.596 0.785 0.879 0.937 0.916 0.811 
0.252 0.925 0.529 0.774 0.868 0.916 0.916 0.789 
0.356 0.907 1.320 0.579 0.989 1.000 0.989 0.989 
0.297 0.884 0.606 0.759 0.890 0.916 0.895 0.811 
0.320 0.888 0.539 0.769 0.791 0.895 0.811 0.705 
0.271 0.898 0.821 0.708 0.989 1.000 0.968 0.989 
0.180 0.926 0.445 0.805 0.934 0.937 0.905 0.842 
0.176 0.925 0.526 0.805 0.868 0.895 0.895 0.768 
0.289 0.911 1.139 0.590 1.000 0.989 1.000 1.000 
0.381 0.858 0.781 0.667 0.538 0.716 0.674 0.589 
0.235 0.902 0.567 0.785 0.495 0.600 0.579 0.484 
0.241 0.925 0.624 0.769 0.879 0.926 0.916 0.853 
0.192 0.912 0.602 0.759 0.440 0.568 0.526 0.474 
0.220 0.928 0.610 0.779 0.956 0.968 0.947 0.874 
0.197 0.927 0.597 0.779 0.879 0.916 0.947 0.916 
0.181 0.932 0.539 0.815 0.923 0.958 0.916 0.905 
0.187 0.931 0.521 0.795 0.703 0.800 0.789 0.674 
0.180 0.926 0.516 0.805 0.495 0.642 0.611 0.484 
0.208 0.918 0.554 0.795 0.626 0.726 0.705 0.579 
0.210 0.918 0.550 0.790 0.945 0.937 0.947 0.853 
0.213 0.907 0.663 0.759 0.725 0.768 0.705 0.579 
0.212 0.912 0.579 0.785 0.714 0.842 0.747 0.621 
0.168 0.936 0.518 0.810 0.901 0.937 0.916 0.853 
0.183 0.925 0.587 0.774 0.681 0.853 0.789 0.653 
0.186 0.920 0.559 0.769 0.725 0.842 0.789 0.653 
0.187 0.912 0.582 0.785 0.802 0.926 0.884 0.800 
0.168 0.937 0.567 0.795 0.725 0.853 0.821 0.747 
0.235 0.923 0.576 0.790 0.791 0.884 0.905 0.737 
0.197 0.925 0.622 0.723 0.670 0.737 0.747 0.642 
0.163 0.937 0.574 0.779 0.626 0.716 0.737 0.621 
0.165 0.935 0.545 0.769 0.615 0.726 0.705 0.600 
0.192 0.920 0.516 0.821 0.626 0.779 0.737 0.589 
0.206 0.932 0.542 0.759 0.725 0.863 0.800 0.653 
0.184 0.922 0.690 0.774 0.934 0.916 0.947 0.853 
0.207 0.925 0.576 0.795 0.989 0.979 0.979 0.989 
0.231 0.918 0.520 0.795 0.978 0.989 0.979 0.958 
0.201 0.922 0.518 0.805 0.879 0.926 0.937 0.821 
0.182 0.928 0.511 0.810 0.626 0.789 0.695 0.600 
0.170 0.931 0.560 0.764 0.747 0.863 0.853 0.705 
0.162 0.934 0.630 0.785 0.681 0.811 0.747 0.632 
0.158 0.937 0.534 0.774 0.714 0.832 0.832 0.695 
0.161 0.935 0.699 0.738 0.593 0.758 0.674 0.558 
0.207 0.925 0.589 0.779 0.648 0.768 0.716 0.600 
0.225 0.904 0.740 0.754 1.000 0.968 0.989 0.937 
0.178 0.925 0.704 0.800 0.989 0.947 0.979 0.958 
0.196 0.925 0.591 0.774 0.890 0.916 0.916 0.842 
0.205 0.928 1.132 0.621 1.000 0.989 1.000 1.000 
0.306 0.911 0.658 0.728 0.890 0.916 0.916 0.800 
0.255 0.891 0.917 0.682 0.989 0.989 0.989 0.947 
0.269 0.900 0.689 0.754 0.978 0.979 0.979 0.937 
0.241 0.913 0.799 0.754 0.824 0.874 0.884 0.726 
0.210 0.907 0.864 0.708 0.560 0.705 0.621 0.516 
0.159 0.943 0.680 0.744 0.341 0.400 0.368 0.274 
0.191 0.932 0.613 0.795 0.769 0.853 0.884 0.747 
0.172 0.936 0.548 0.800 0.824 0.905 0.916 0.779 
0.187 0.935 0.526 0.800 0.945 0.947 0.958 0.884 
0.173 0.930 0.566 0.800 0.769 0.884 0.853 0.705 
0.184 0.931 0.566 0.728 0.582 0.716 0.653 0.495 
0.183 0.935 0.490 0.800 0.659 0.800 0.800 0.621 
0.183 0.931 0.620 0.764 0.989 0.968 0.979 0.937 
0.211 0.941 0.616 0.744 0.912 0.937 0.937 0.811 
0.251 0.909 0.491 0.800 0.714 0.853 0.768 0.653 
0.196 0.921 0.593 0.800 0.747 0.863 0.832 0.716 
0.178 0.917 0.554 0.800 0.626 0.768 0.737 0.642 
0.161 0.935 0.721 0.769 0.890 0.937 0.958 0.905 
0.149 0.939 0.819 0.749 0.846 0.905 0.947 0.874 
0.167 0.948 0.558 0.795 0.769 0.874 0.842 0.821 
0.190 0.940 0.543 0.785 0.637 0.758 0.695 0.632 
0.181 0.932 0.505 0.815 0.780 0.874 0.842 0.758 
0.146 0.941 0.565 0.805 0.659 0.821 0.716 0.611 
0.154 0.939 0.676 0.764 0.846 0.916 0.905 0.811 
0.157 0.945 0.642 0.785 0.846 0.926 0.916 0.811 
0.164 0.944 0.572 0.785 0.956 0.947 0.989 0.947 
0.154 0.937 0.538 0.790 0.681 0.842 0.779 0.674 
0.164 0.941 0.573 0.800 0.604 0.747 0.695 0.663 
0.152 0.945 0.709 0.764 0.835 0.916 0.926 0.874 
0.165 0.939 0.503 0.821 0.747 0.853 0.832 0.705 
0.182 0.946 0.516 0.831 0.692 0.821 0.747 0.653 
0.166 0.949 0.521 0.810 0.571 0.726 0.632 0.568 
0.165 0.931 0.523 0.805 0.813 0.905 0.853 0.758 
0.145 0.953 0.510 0.826 0.714 0.842 0.832 0.737 
0.186 0.941 0.793 0.749 0.835 0.916 0.958 0.874 
0.202 0.916 0.658 0.790 0.747 0.863 0.874 0.821 
0.162 0.944 0.770 0.754 0.967 0.958 0.979 0.937 
0.137 0.944 0.625 0.805 0.956 0.958 0.979 0.958 
0.150 0.943 0.541 0.795 0.692 0.842 0.821 0.684 
0.178 0.943 0.655 0.769 0.956 0.947 0.958 0.884 
0.167 0.943 0.869 0.744 0.978 0.979 0.979 0.916 
0.164 0.941 0.580 0.795 0.824 0.905 0.916 0.821 
0.133 0.949 0.598 0.795 0.769 0.832 0.853 0.695 
0.160 0.953 0.637 0.759 0.648 0.800 0.716 0.589 
0.292 0.934 1.022 0.692 1.000 0.989 1.000 0.989 
0.255 0.893 0.951 0.687 1.000 0.989 1.000 1.000 
0.274 0.913 0.670 0.790 0.560 0.726 0.674 0.558 
0.201 0.931 0.932 0.697 0.791 0.884 0.884 0.884 
0.142 0.944 0.656 0.815 0.418 0.474 0.526 0.379 
0.151 0.937 0.566 0.831 0.626 0.737 0.695 0.621 
0.146 0.944 0.596 0.800 0.747 0.895 0.863 0.779 
0.152 0.951 0.579 0.821 0.967 0.979 0.979 0.968 
0.146 0.941 0.590 0.821 0.923 0.947 0.947 0.874 
0.161 0.944 0.816 0.733 1.000 0.989 0.989 0.989 
0.173 0.931 0.539 0.795 0.868 0.937 0.916 0.789 
0.234 0.935 0.533 0.821 0.659 0.768 0.758 0.632 
0.192 0.922 0.614 0.779 0.835 0.926 0.916 0.842 
0.225 0.934 0.569 0.800 0.703 0.811 0.821 0.684 
0.216 0.934 0.527 0.800 0.923 0.937 0.979 0.926 
0.267 0.912 0.582 0.774 0.648 0.789 0.684 0.568 
0.225 0.917 0.565 0.790 0.780 0.905 0.895 0.768 
0.176 0.932 0.548 0.774 0.934 0.937 0.947 0.884 
0.133 0.944 0.575 0.805 0.725 0.842 0.821 0.705 
0.134 0.945 0.575 0.790 0.956 0.947 0.979 0.958 
0.130 0.955 0.587 0.800 0.912 0.937 0.947 0.853 
0.125 0.951 0.566 0.821 0.934 0.937 0.979 0.895 
0.115 0.953 0.524 0.805 0.813 0.905 0.905 0.768 
0.133 0.948 0.611 0.815 0.846 0.916 0.926 0.821 
0.171 0.927 0.618 0.800 0.802 0.895 0.895 0.800 
0.136 0.958 0.529 0.805 0.681 0.811 0.768 0.684 
0.175 0.950 0.538 0.805 0.549 0.653 0.653 0.495 
0.167 0.930 0.590 0.790 0.824 0.916 0.895 0.789 
0.127 0.949 0.557 0.779 0.868 0.926 0.958 0.811 
0.178 0.941 0.556 0.805 0.758 0.874 0.853 0.726 
0.174 0.932 1.020 0.728 0.791 0.853 0.874 0.779 
0.159 0.934 0.707 0.774 0.802 0.863 0.853 0.768 
0.154 0.949 0.610 0.795 0.846 0.916 0.916 0.832 
0.167 0.937 0.644 0.759 0.978 0.979 0.989 0.968 
0.200 0.932 0.815 0.754 1.000 1.000 0.989 0.989 
0.131 0.950 0.590 0.815 1.000 0.989 0.989 0.968 
0.139 0.950 0.614 0.836 0.967 0.947 0.979 0.916 
0.152 0.948 0.539 0.805 0.769 0.884 0.895 0.758 
0.152 0.945 0.716 0.795 0.956 0.947 0.979 0.947 
0.150 0.937 0.672 0.805 0.879 0.937 0.937 0.853 
0.139 0.944 0.542 0.790 0.736 0.842 0.811 0.716 
0.129 0.957 0.553 0.836 0.747 0.832 0.842 0.705 
0.128 0.953 0.893 0.728 0.846 0.916 0.958 0.853 
0.134 0.945 0.644 0.795 0.725 0.832 0.832 0.758 
0.138 0.951 0.574 0.795 0.846 0.905 0.916 0.853 
0.138 0.945 0.689 0.764 0.813 0.916 0.926 0.800 
0.144 0.943 0.527 0.805 0.725 0.821 0.821 0.747 
0.140 0.946 0.701 0.764 0.780 0.874 0.905 0.821 
0.133 0.943 0.686 0.800 0.736 0.884 0.874 0.768 
0.119 0.955 0.890 0.718 0.890 0.926 0.979 0.937 
0.125 0.964 0.680 0.795 0.857 0.926 0.958 0.863 
0.145 0.941 0.683 0.795 0.967 0.937 0.979 0.937 
0.137 0.945 0.656 0.826 0.934 0.937 0.968 0.916 
0.126 0.957 0.624 0.795 0.714 0.789 0.779 0.684 
0.155 0.951 0.901 0.728 0.549 0.579 0.558 0.379 
0.134 0.951 0.652 0.800 0.747 0.842 0.853 0.737 
0.108 0.950 0.686 0.774 0.813 0.895 0.947 0.832 
0.190 0.953 0.640 0.826 0.758 0.884 0.895 0.768 
0.187 0.917 1.434 0.610 0.901 0.905 0.968 0.947 
0.125 0.948 0.528 0.815 0.912 0.926 0.947 0.863 
0.113 0.960 0.585 0.831 0.923 0.937 0.968 0.926 
0.137 0.954 0.916 0.713 0.989 0.979 0.989 0.989 
0.136 0.951 0.588 0.785 0.923 0.937 0.926 0.895 
0.140 0.953 0.617 0.790 0.846 0.916 0.916 0.811 
0.157 0.948 0.625 0.810 0.956 0.947 0.979 0.958 
0.168 0.945 0.488 0.821 0.890 0.905 0.968 0.905 
0.124 0.955 0.656 0.785 0.978 0.958 0.989 0.958 
0.117 0.963 0.536 0.810 0.791 0.905 0.884 0.789 
0.111 0.962 0.588 0.795 0.692 0.842 0.768 0.695 
0.138 0.959 0.677 0.779 0.857 0.937 0.937 0.926 
0.171 0.943 0.586 0.810 0.747 0.811 0.853 0.747 
0.175 0.960 0.572 0.759 0.824 0.884 0.884 0.832 
0.125 0.950 0.511 0.810 0.802 0.895 0.863 0.747 
0.125 0.958 0.646 0.795 0.912 0.926 0.958 0.895 
0.142 0.944 0.525 0.815 0.736 0.811 0.811 0.726 
0.264 0.948 0.619 0.805 0.879 0.926 0.947 0.905 
0.181 0.940 0.667 0.785 0.945 0.968 0.968 0.947 
0.147 0.939 0.591 0.795 0.725 0.853 0.779 0.653 
0.114 0.960 0.761 0.774 0.989 0.979 0.979 0.958 
0.119 0.955 0.546 0.831 0.857 0.926 0.937 0.863 
0.130 0.955 0.529 0.810 0.714 0.821 0.747 0.684 
0.115 0.954 0.590 0.805 0.703 0.779 0.747 0.653 
0.099 0.966 0.585 0.831 0.824 0.916 0.905 0.821 
0.117 0.955 0.607 0.836 0.791 0.895 0.884 0.768 
0.160 0.953 0.591 0.810 0.912 0.937 0.979 0.884 
0.137 0.950 0.631 0.785 0.791 0.874 0.874 0.737 
0.176 0.939 0.711 0.800 0.769 0.884 0.884 0.758 
0.141 0.962 0.792 0.759 0.989 0.968 0.979 0.968 
0.105 0.958 0.768 0.759 1.000 0.989 1.000 0.979 
0.131 0.957 0.587 0.815 0.978 0.979 0.979 0.958 
0.129 0.951 0.589 0.826 0.934 0.937 0.958 0.853 
0.108 0.966 0.567 0.826 0.912 0.947 0.958 0.895 
0.133 0.957 0.596 0.774 0.747 0.842 0.821 0.716 
0.175 0.962 0.675 0.800 0.901 0.926 0.968 0.895 
0.149 0.957 0.581 0.800 0.769 0.842 0.853 0.737 
0.111 0.949 0.890 0.738 0.945 0.937 0.989 0.958 
0.114 0.963 0.714 0.769 0.934 0.937 0.979 0.947 
0.108 0.963 0.535 0.826 0.868 0.926 0.947 0.874 
0.100 0.967 0.625 0.800 0.956 0.947 0.979 0.947 
0.101 0.968 0.666 0.800 0.835 0.926 0.916 0.832 
0.135 0.960 0.610 0.785 0.626 0.726 0.695 0.558 
0.123 0.944 0.582 0.815 0.725 0.821 0.832 0.705 
0.120 0.966 0.611 0.805 0.868 0.916 0.947 0.811 
0.144 0.963 0.615 0.785 0.857 0.905 0.895 0.789 
0.121 0.960 0.706 0.754 0.901 0.916 0.968 0.853 
0.174 0.957 0.660 0.821 0.989 0.989 1.000 0.979 
0.123 0.958 0.677 0.795 0.956 0.947 0.979 0.958 
0.149 0.957 0.605 0.795 0.824 0.905 0.895 0.811 
0.156 0.950 0.753 0.805 0.659 0.747 0.779 0.726 
0.181 0.946 0.731 0.795 0.857 0.895 0.926 0.895 
0.128 0.948 0.728 0.785 0.857 0.895 0.926 0.863 
0.124 0.954 0.571 0.774 0.802 0.905 0.895 0.758 
0.121 0.954 0.587 0.805 0.923 0.937 0.958 0.874 
0.109 0.963 0.616 0.810 0.967 0.937 0.979 0.895 
0.098 0.966 0.644 0.800 0.945 0.937 0.979 0.926 
0.095 0.969 0.650 0.821 0.846 0.916 0.947 0.842 
0.108 0.971 0.668 0.826 0.813 0.916 0.905 0.768 
0.123 0.953 0.629 0.831 0.857 0.905 0.958 0.832 
0.267 0.944 0.615 0.815 0.945 0.937 0.968 0.895 
0.123 0.939 0.601 0.779 1.000 1.000 1.000 1.000 
0.104 0.960 0.588 0.810 1.000 0.968 0.989 0.947 
0.120 0.964 0.647 0.826 0.923 0.947 0.937 0.863 
0.153 0.968 0.837 0.764 0.967 0.947 0.979 0.947 
0.137 0.946 0.732 0.790 0.901 0.916 0.947 0.863 
0.122 0.960 0.589 0.764 0.681 0.789 0.800 0.684 
0.135 0.962 0.586 0.764 0.692 0.821 0.853 0.726 
0.126 0.959 0.549 0.831 0.670 0.800 0.768 0.684 
0.154 0.964 0.880 0.749 0.769 0.853 0.853 0.832 
0.130 0.951 0.853 0.764 0.769 0.853 0.853 0.863 
0.114 0.953 0.592 0.785 0.725 0.853 0.863 0.789 
0.095 0.963 0.762 0.744 0.725 0.863 0.842 0.747 
0.102 0.967 0.619 0.774 0.725 0.853 0.832 0.726 
0.135 0.964 0.654 0.810 0.670 0.737 0.737 0.611 
0.126 0.962 0.649 0.821 0.604 0.737 0.726 0.568 
0.135 0.960 0.609 0.821 0.670 0.811 0.779 0.663 
0.130 0.951 0.736 0.779 0.879 0.926 0.926 0.874 
0.099 0.968 0.752 0.764 0.978 0.979 0.979 0.947 
0.121 0.954 0.716 0.800 0.945 0.958 0.979 0.926 
0.113 0.960 0.646 0.821 0.857 0.926 0.947 0.832 
0.094 0.964 0.581 0.805 0.714 0.832 0.863 0.726 
0.113 0.955 0.566 0.795 0.846 0.937 0.947 0.842 
0.122 0.960 0.672 0.774 0.648 0.789 0.726 0.653 
0.162 0.950 0.756 0.790 0.890 0.937 0.968 0.874 
0.124 0.959 0.771 0.764 0.769 0.884 0.895 0.768 
0.122 0.971 0.649 0.774 0.802 0.905 0.916 0.832 
0.120 0.959 0.719 0.779 0.868 0.926 0.958 0.842 
0.126 0.962 0.565 0.795 0.901 0.937 0.968 0.842 
0.100 0.964 0.696 0.800 0.824 0.905 0.937 0.768 
0.141 0.960 0.705 0.774 0.945 0.947 0.968 0.916 
0.101 0.960 0.982 0.754 0.989 0.979 0.979 0.968 
0.093 0.973 0.683 0.815 0.890 0.937 0.968 0.863 
0.102 0.968 0.608 0.826 0.868 0.937 0.947 0.863 
0.125 0.968 0.636 0.815 0.824 0.916 0.895 0.842 
0.178 0.954 0.661 0.795 0.791 0.884 0.874 0.800 
0.118 0.949 0.605 0.769 0.780 0.863 0.905 0.821 
0.120 0.964 0.657 0.790 0.813 0.884 0.937 0.853 
0.111 0.955 1.026 0.749 0.989 0.958 0.979 0.926 
0.092 0.969 0.878 0.738 0.978 0.968 0.979 0.958 
0.120 0.969 0.833 0.759 0.879 0.937 0.968 0.884 
0.143 0.943 0.775 0.759 0.901 0.926 0.968 0.916 
0.098 0.969 0.662 0.821 0.868 0.937 0.926 0.832 
0.125 0.967 0.622 0.821 0.846 0.916 0.937 0.821 
0.142 0.957 0.620 0.805 0.857 0.916 0.916 0.800 
0.132 0.968 0.639 0.800 1.000 0.989 0.989 0.968 
0.135 0.957 0.721 0.800 0.802 0.905 0.905 0.811 
0.159 0.959 0.615 0.815 0.879 0.916 0.926 0.853 
0.175 0.951 0.868 0.749 0.901 0.926 0.979 0.884 
0.108 0.959 1.198 0.692 0.989 0.989 0.989 0.968 
0.140 0.967 0.626 0.810 0.857 0.916 0.968 0.842 
0.108 0.968 0.731 0.810 0.989 0.968 0.979 0.947 
0.092 0.964 0.659 0.805 0.835 0.926 0.937 0.842 
0.083 0.976 0.510 0.821 0.824 0.916 0.916 0.811 
0.125 0.974 0.693 0.821 0.945 0.926 0.968 0.905 
0.103 0.971 0.858 0.754 0.989 0.989 0.989 0.968 
0.099 0.972 0.733 0.779 0.934 0.947 0.979 0.916 
0.115 0.969 0.635 0.800 0.879 0.916 0.958 0.821 
0.150 0.968 0.734 0.785 0.967 0.958 0.979 0.926 
0.160 0.957 0.648 0.815 0.967 0.947 0.968 0.895 
0.214 0.958 0.585 0.774 0.648 0.800 0.726 0.653 
0.150 0.958 0.687 0.790 1.000 0.989 0.989 0.968 
0.172 0.953 0.671 0.795 0.978 0.937 0.968 0.884 
0.163 0.959 0.736 0.800 1.000 1.000 0.979 0.968 
0.267 0.950 0.851 0.744 0.769 0.863 0.853 0.674 
0.170 0.928 0.684 0.826 0.945 0.926 0.968 0.874 
0.135 0.960 0.629 0.821 0.780 0.874 0.853 0.737 
0.146 0.958 0.588 0.821 0.681 0.821 0.758 0.632 
0.090 0.968 0.840 0.779 0.967 0.947 0.968 0.916 
0.092 0.974 0.740 0.805 0.890 0.937 0.968 0.863 
0.096 0.973 0.637 0.821 0.802 0.905 0.916 0.800 
0.076 0.972 0.747 0.795 0.813 0.905 0.937 0.832 
0.084 0.977 0.681 0.805 0.824 0.916 0.968 0.874 
0.113 0.964 0.666 0.821 0.868 0.937 0.979 0.874 
0.091 0.971 0.604 0.800 0.780 0.895 0.884 0.768 
0.080 0.974 0.606 0.800 0.791 0.895 0.895 0.800 
0.112 0.966 0.580 0.810 0.736 0.874 0.863 0.747 
0.102 0.967 0.613 0.821 0.692 0.789 0.853 0.716 
0.102 0.972 0.740 0.831 0.868 0.916 0.968 0.874 
0.112 0.948 0.866 0.749 0.692 0.832 0.800 0.674 
0.088 0.978 0.620 0.815 0.879 0.905 0.958 0.874 
0.121 0.968 0.679 0.836 0.890 0.937 0.958 0.874 
0.110 0.969 0.671 0.821 0.890 0.926 0.968 0.884 
0.185 0.964 0.694 0.759 0.780 0.874 0.884 0.789 
0.164 0.950 0.857 0.779 1.000 0.989 0.989 0.979 
0.157 0.958 0.704 0.810 0.626 0.726 0.684 0.516 
0.085 0.972 1.192 0.703 0.967 0.947 0.979 0.958 
0.101 0.971 0.857 0.738 0.912 0.937 0.979 0.926 
0.076 0.980 0.876 0.738 0.923 0.937 0.979 0.958 
0.093 0.973 0.578 0.821 0.703 0.853 0.832 0.737 
0.095 0.976 0.608 0.800 0.692 0.789 0.737 0.663 
0.116 0.976 0.671 0.810 0.780 0.874 0.895 0.821 
0.092 0.967 0.680 0.769 0.648 0.758 0.716 0.600 
0.090 0.973 0.742 0.790 0.846 0.926 0.968 0.884 
0.102 0.966 0.955 0.764 0.780 0.884 0.905 0.874 
0.101 0.968 0.689 0.810 0.747 0.884 0.863 0.747 
0.104 0.967 0.797 0.795 0.769 0.895 0.874 0.768 
0.113 0.971 0.835 0.785 0.945 0.937 0.979 0.926 
0.091 0.974 0.781 0.774 0.714 0.832 0.789 0.705 
0.082 0.973 0.618 0.790 0.824 0.905 0.916 0.853 
0.095 0.972 0.596 0.805 0.901 0.937 0.968 0.905 
0.102 0.972 0.629 0.815 0.791 0.905 0.905 0.853 
0.075 0.976 0.683 0.805 0.802 0.895 0.884 0.832 
0.092 0.972 0.639 0.831 0.747 0.853 0.832 0.779 
0.080 0.969 0.732 0.790 0.923 0.937 0.979 0.958 
0.092 0.976 0.765 0.821 0.923 0.937 0.968 0.905 
0.118 0.978 0.741 0.800 0.934 0.937 0.979 0.937 
0.107 0.966 0.619 0.831 0.835 0.905 0.926 0.832 
0.077 0.978 0.716 0.821 0.703 0.874 0.800 0.716 
0.079 0.980 0.902 0.744 0.945 0.926 0.979 0.926 
0.097 0.976 0.794 0.815 0.923 0.926 0.968 0.916 
0.111 0.969 0.735 0.785 0.890 0.937 0.968 0.905 
0.082 0.980 0.800 0.759 0.824 0.905 0.937 0.863 
0.072 0.974 0.627 0.821 0.725 0.821 0.789 0.726 
0.073 0.973 0.603 0.805 0.736 0.842 0.811 0.726 
0.077 0.978 0.601 0.831 0.857 0.916 0.958 0.874 
0.102 0.972 0.586 0.800 0.868 0.926 0.968 0.842 
0.094 0.967 0.719 0.749 0.681 0.768 0.726 0.621 
0.126 0.971 0.621 0.810 0.890 0.926 0.968 0.863 
0.132 0.950 0.717 0.815 0.945 0.937 0.968 0.905 
0.175 0.972 0.622 0.800 0.945 0.926 0.958 0.916 
0.110 0.966 0.826 0.764 0.978 0.968 0.968 0.958 
0.092 0.966 0.615 0.821 0.923 0.937 0.968 0.905 
0.092 0.976 0.639 0.815 0.736 0.884 0.853 0.789 
0.117 0.962 0.586 0.821 0.714 0.853 0.832 0.737 
0.084 0.972 0.840 0.785 0.780 0.884 0.884 0.842 
0.080 0.978 0.789 0.800 0.780 0.874 0.874 0.800 
0.076 0.974 0.621 0.815 0.659 0.811 0.758 0.684 
0.086 0.974 0.634 0.815 0.802 0.895 0.874 0.800 
0.082 0.973 0.778 0.785 0.879 0.926 0.958 0.895 
0.091 0.974 0.630 0.826 0.857 0.926 0.926 0.853 
0.085 0.971 0.723 0.826 0.879 0.916 0.947 0.863 
0.078 0.973 0.678 0.810 0.747 0.874 0.853 0.768 
0.106 0.967 0.679 0.826 0.670 0.779 0.758 0.705 
0.080 0.973 0.739 0.800 0.835 0.905 0.916 0.874 
0.106 0.971 0.789 0.800 0.725 0.842 0.821 0.768 
0.076 0.972 0.902 0.774 0.769 0.863 0.884 0.874 
0.076 0.978 0.712 0.800 0.714 0.853 0.811 0.758 
0.099 0.966 0.822 0.790 0.824 0.905 0.947 0.884 
0.130 0.968 0.788 0.795 0.747 0.832 0.821 0.737 
0.133 0.955 0.891 0.769 0.956 0.968 0.968 0.958 
0.120 0.964 0.726 0.785 0.736 0.821 0.832 0.747 
0.088 0.968 0.787 0.795 0.703 0.789 0.758 0.695 
0.087 0.978 0.688 0.815 0.758 0.853 0.853 0.789 
0.069 0.980 0.584 0.790 0.736 0.821 0.821 0.758 
0.073 0.973 0.653 0.810 0.780 0.874 0.905 0.832 
0.080 0.980 0.714 0.795 0.582 0.695 0.653 0.537 
0.098 0.969 0.681 0.779 0.714 0.842 0.832 0.768 
0.084 0.974 0.684 0.821 0.780 0.895 0.926 0.821 
0.080 0.973 0.651 0.810 0.692 0.832 0.789 0.716 
0.111 0.974 0.612 0.815 0.681 0.853 0.800 0.705 
0.090 0.966 0.669 0.790 0.571 0.726 0.674 0.579 
0.146 0.972 0.650 0.821 0.692 0.811 0.789 0.716 
0.111 0.969 0.668 0.821 0.681 0.842 0.821 0.747 
0.107 0.968 0.916 0.774 0.901 0.937 0.958 0.937 
0.089 0.969 0.562 0.841 0.813 0.905 0.926 0.863 
0.067 0.977 0.565 0.826 0.758 0.884 0.884 0.758 
0.066 0.981 0.676 0.815 0.769 0.895 0.895 0.821 
0.067 0.977 0.632 0.826 0.725 0.863 0.832 0.768 
0.073 0.976 0.662 0.821 0.703 0.853 0.811 0.758 
0.091 0.977 0.647 0.826 0.714 0.842 0.842 0.758 
0.087 0.974 0.659 0.785 0.637 0.726 0.705 0.611 
0.087 0.978 0.651 0.836 0.681 0.789 0.758 0.695 
0.071 0.977 0.700 0.810 0.791 0.895 0.958 0.863 
0.076 0.976 0.674 0.795 0.791 0.874 0.874 0.811 
0.098 0.982 0.586 0.831 0.703 0.832 0.800 0.758 
0.076 0.977 0.724 0.759 0.725 0.811 0.832 0.747 
0.079 0.978 0.572 0.800 0.725 0.842 0.863 0.779 
0.082 0.981 0.746 0.800 0.670 0.800 0.758 0.663 
0.098 0.969 0.714 0.795 0.615 0.716 0.684 0.589 
0.136 0.977 0.854 0.810 0.813 0.905 0.937 0.853 
0.105 0.973 0.657 0.800 0.659 0.800 0.789 0.705 
0.134 0.966 0.644 0.815 0.703 0.832 0.821 0.758 
0.170 0.969 0.678 0.805 0.681 0.758 0.800 0.716 
0.092 0.971 0.757 0.795 0.868 0.905 0.958 0.863 
0.069 0.982 0.662 0.815 0.802 0.884 0.937 0.832 
0.073 0.978 0.583 0.821 0.681 0.821 0.821 0.726 
0.069 0.980 0.650 0.846 0.714 0.853 0.874 0.779 
0.070 0.972 0.704 0.841 0.703 0.832 0.821 0.737 
0.067 0.978 0.679 0.826 0.703 0.853 0.821 0.747 
0.064 0.980 0.662 0.815 0.725 0.853 0.832 0.758 
0.084 0.977 0.623 0.815 0.681 0.821 0.800 0.705 
0.092 0.973 0.707 0.810 0.681 0.811 0.811 0.716 
0.076 0.976 0.691 0.805 0.670 0.800 0.789 0.705 
0.076 0.981 0.695 0.826 0.670 0.811 0.768 0.663 
0.080 0.974 0.663 0.815 0.725 0.874 0.853 0.768 
0.074 0.977 0.685 0.831 0.725 0.853 0.853 0.747 
0.063 0.980 0.584 0.821 0.736 0.874 0.895 0.832 
0.100 0.977 0.699 0.815 0.681 0.821 0.821 0.726 
0.138 0.968 0.743 0.774 0.549 0.747 0.674 0.579 
0.136 0.959 0.618 0.795 0.659 0.779 0.821 0.716 
0.109 0.964 0.722 0.805 0.648 0.789 0.779 0.663 
0.076 0.973 0.697 0.815 0.857 0.926 0.958 0.863 
0.065 0.982 0.588 0.805 0.802 0.895 0.926 0.821 
0.109 0.976 0.622 0.831 0.769 0.884 0.905 0.789 
0.077 0.973 0.652 0.790 0.703 0.821 0.789 0.705 
0.077 0.982 0.663 0.831 0.637 0.789 0.737 0.653 
0.091 0.973 0.633 0.826 0.681 0.800 0.758 0.695 
0.103 0.968 0.792 0.815 0.758 0.853 0.884 0.811 
0.075 0.976 0.728 0.774 0.978 0.947 0.968 0.968 
0.076 0.977 0.717 0.821 0.802 0.916 0.968 0.832 
0.069 0.977 0.709 0.815 0.824 0.916 0.968 0.842 
0.144 0.976 0.642 0.821 0.747 0.842 0.884 0.789 
0.085 0.974 0.659 0.790 0.615 0.789 0.779 0.705 
0.088 0.974 0.688 0.821 0.648 0.779 0.768 0.695 
0.068 0.985 0.684 0.815 0.747 0.853 0.863 0.800 
0.082 0.977 0.599 0.831 0.725 0.821 0.821 0.758 
0.089 0.980 0.671 0.831 0.637 0.747 0.737 0.663 
0.078 0.978 0.602 0.826 0.692 0.811 0.821 0.747 
0.062 0.981 0.697 0.815 0.725 0.842 0.853 0.789 
0.180 0.971 0.777 0.805 0.736 0.842 0.853 0.779 
0.082 0.960 1.020 0.769 0.879 0.895 0.979 0.926 
0.091 0.980 0.787 0.821 0.769 0.842 0.884 0.832 
0.103 0.976 0.812 0.769 0.846 0.895 0.968 0.916 
0.075 0.980 0.612 0.826 0.868 0.926 0.968 0.895 
0.117 0.972 0.629 0.821 0.802 0.874 0.937 0.789 
0.064 0.983 0.802 0.790 0.857 0.916 0.979 0.905 
0.066 0.983 0.783 0.810 0.813 0.895 0.947 0.863 
0.094 0.978 0.835 0.795 0.725 0.842 0.832 0.811 
0.089 0.971 1.104 0.744 0.879 0.926 0.968 0.937 
0.133 0.976 0.677 0.826 0.736 0.842 0.884 0.821 
0.130 0.971 0.709 0.790 0.824 0.884 0.916 0.853 
0.121 0.973 0.662 0.800 0.725 0.811 0.821 0.705 
0.174 0.964 0.683 0.774 0.912 0.926 0.979 0.926 
0.125 0.959 0.572 0.790 0.813 0.916 0.916 0.863 
0.085 0.976 0.817 0.754 0.593 0.653 0.642 0.547 
0.117 0.977 0.696 0.810 0.747 0.853 0.853 0.768 
0.074 0.976 0.725 0.821 0.725 0.832 0.821 0.726 
0.066 0.980 0.807 0.815 0.736 0.853 0.832 0.768 
0.109 0.976 0.694 0.826 0.659 0.800 0.758 0.674 
0.061 0.980 0.615 0.800 0.527 0.663 0.600 0.547 
0.071 0.985 0.610 0.831 0.692 0.789 0.747 0.684 
0.068 0.981 0.645 0.805 0.758 0.863 0.842 0.779 
0.073 0.985 0.676 0.805 0.769 0.874 0.895 0.832 
0.091 0.974 0.661 0.805 0.769 0.874 0.905 0.821 
0.073 0.977 0.604 0.821 0.780 0.895 0.947 0.842 
0.134 0.973 0.773 0.779 0.857 0.926 0.958 0.895 
0.088 0.974 0.896 0.759 0.868 0.916 0.958 0.874 
0.093 0.976 0.644 0.805 0.615 0.737 0.695 0.600 
0.094 0.976 0.756 0.795 0.791 0.874 0.905 0.832 
0.080 0.973 0.732 0.769 0.560 0.705 0.653 0.568 
0.078 0.987 0.581 0.815 0.670 0.811 0.800 0.716 
0.067 0.980 0.663 0.805 0.824 0.895 0.937 0.874 
0.075 0.976 0.783 0.785 0.813 0.895 0.947 0.863 
0.101 0.980 0.746 0.815 0.725 0.863 0.863 0.800 
0.059 0.980 0.745 0.810 0.725 0.842 0.821 0.789 
0.092 0.983 0.685 0.815 0.637 0.726 0.695 0.621 
0.076 0.977 0.707 0.805 0.626 0.716 0.695 0.579 
0.205 0.974 0.587 0.815 0.659 0.747 0.726 0.705 
0.168 0.969 0.632 0.826 0.659 0.737 0.726 0.674 
0.083 0.973 0.696 0.810 0.703 0.789 0.811 0.737 
0.070 0.978 0.746 0.815 0.670 0.768 0.758 0.695 
0.061 0.980 0.663 0.815 0.637 0.768 0.747 0.674 
0.066 0.982 0.638 0.831 0.670 0.768 0.768 0.684 
0.060 0.985 0.666 0.826 0.670 0.768 0.747 0.684 
0.068 0.983 0.641 0.826 0.692 0.811 0.811 0.726 
0.072 0.980 0.679 0.810 0.725 0.821 0.821 0.758 
0.062 0.983 0.804 0.785 0.835 0.905 0.958 0.916 
0.078 0.978 0.611 0.810 0.736 0.863 0.874 0.779 
0.094 0.978 0.717 0.810 0.692 0.800 0.758 0.663 
0.077 0.980 0.729 0.779 0.945 0.937 0.979 0.947 
0.056 0.986 0.665 0.826 0.758 0.874 0.853 0.789 
0.075 0.981 0.595 0.836 0.714 0.811 0.811 0.747 
0.067 0.983 0.737 0.805 0.747 0.853 0.916 0.832 
0.057 0.985 0.705 0.805 0.725 0.853 0.884 0.758 
0.128 0.976 0.644 0.826 0.692 0.800 0.768 0.695 
0.061 0.986 0.639 0.805 0.626 0.716 0.695 0.579 
0.078 0.978 0.650 0.821 0.681 0.811 0.779 0.695 
0.065 0.982 0.659 0.800 0.703 0.821 0.800 0.716 
0.058 0.982 0.631 0.821 0.714 0.811 0.821 0.768 
0.061 0.981 0.714 0.810 0.692 0.811 0.768 0.737 
0.107 0.980 0.602 0.821 0.538 0.684 0.674 0.547 
0.071 0.974 0.598 0.826 0.593 0.747 0.684 0.611 
0.079 0.974 0.648 0.795 0.604 0.747 0.674 0.611 
0.064 0.986 0.733 0.821 0.714 0.832 0.821 0.758 
0.057 0.981 0.688 0.810 0.725 0.853 0.853 0.811 
0.065 0.981 0.689 0.826 0.714 0.832 0.832 0.747 
0.060 0.983 0.643 0.815 0.747 0.842 0.842 0.789 
0.061 0.982 0.611 0.821 0.736 0.821 0.800 0.768 
0.057 0.985 0.623 0.826 0.714 0.811 0.811 0.779 
0.081 0.981 0.772 0.805 0.758 0.832 0.874 0.832 
0.066 0.980 0.671 0.815 0.780 0.863 0.947 0.884 
0.100 0.981 0.722 0.810 0.714 0.811 0.811 0.737 
0.073 0.980 0.703 0.815 0.670 0.800 0.789 0.726 
0.073 0.982 0.757 0.815 0.703 0.800 0.842 0.747 
0.081 0.983 0.713 0.790 0.725 0.811 0.832 0.758 
0.071 0.985 0.651 0.805 0.747 0.832 0.853 0.789 
0.077 0.981 0.620 0.821 0.626 0.758 0.747 0.684 
0.059 0.981 0.631 0.810 0.626 0.726 0.705 0.642 
0.085 0.980 0.668 0.815 0.637 0.737 0.747 0.674 
0.151 0.977 0.690 0.815 0.571 0.705 0.695 0.621 
0.062 0.976 0.668 0.815 0.659 0.768 0.758 0.684 
0.070 0.989 0.743 0.785 0.780 0.863 0.916 0.884 
0.076 0.982 0.777 0.785 0.802 0.884 0.968 0.895 
0.063 0.982 0.700 0.821 0.692 0.811 0.811 0.737 
0.061 0.980 0.693 0.805 0.670 0.737 0.758 0.684 
0.065 0.981 0.635 0.815 0.780 0.863 0.895 0.853 
0.076 0.985 0.856 0.779 0.956 0.937 0.979 0.947 
0.072 0.980 0.707 0.821 0.626 0.737 0.695 0.642 
0.078 0.978 0.660 0.821 0.604 0.737 0.716 0.621 
0.077 0.980 0.821 0.805 0.736 0.842 0.853 0.821 
0.066 0.986 0.672 0.826 0.769 0.863 0.884 0.811 
0.091 0.974 0.691 0.821 0.868 0.916 0.968 0.905 
0.062 0.978 0.642 0.805 0.670 0.779 0.800 0.674 
0.052 0.985 0.685 0.815 0.714 0.832 0.821 0.737 
0.070 0.983 0.705 0.821 0.769 0.863 0.884 0.832 
0.085 0.983 0.734 0.790 0.813 0.895 0.937 0.884 
0.100 0.978 0.720 0.800 0.769 0.863 0.874 0.789 
0.064 0.986 0.772 0.795 0.769 0.853 0.863 0.758 
0.072 0.980 0.762 0.815 0.692 0.789 0.758 0.716 
0.064 0.981 0.650 0.815 0.593 0.674 0.653 0.589 
0.061 0.983 0.740 0.785 0.714 0.832 0.842 0.779 
0.062 0.981 0.727 0.810 0.615 0.716 0.684 0.632 
0.051 0.981 0.706 0.821 0.659 0.737 0.758 0.705 
0.072 0.980 0.731 0.810 0.725 0.842 0.863 0.800 
0.069 0.980 0.694 0.810 0.725 0.821 0.863 0.811 
0.067 0.981 0.680 0.810 0.692 0.811 0.821 0.779 
0.083 0.982 0.664 0.831 0.659 0.747 0.768 0.663 
0.064 0.983 0.654 0.810 0.725 0.800 0.842 0.800 
0.084 0.981 0.739 0.810 0.747 0.811 0.842 0.789 
0.056 0.982 0.683 0.810 0.659 0.811 0.842 0.716 
0.074 0.983 0.729 0.821 0.725 0.842 0.842 0.779 
0.121 0.977 0.699 0.821 0.736 0.842 0.853 0.789 
0.088 0.980 0.612 0.836 0.758 0.863 0.863 0.800 
0.072 0.981 0.666 0.810 0.703 0.800 0.779 0.695 
0.064 0.980 0.758 0.769 0.670 0.768 0.758 0.642 
0.076 0.980 0.542 0.826 0.692 0.800 0.789 0.737 
0.079 0.981 0.703 0.821 0.714 0.821 0.832 0.789 
0.081 0.982 0.694 0.821 0.780 0.863 0.884 0.832 
0.055 0.982 0.711 0.764 0.495 0.632 0.589 0.516 
0.054 0.989 0.628 0.831 0.648 0.737 0.747 0.632 
0.057 0.985 0.660 0.810 0.659 0.768 0.789 0.716 
0.085 0.977 0.786 0.800 0.780 0.874 0.874 0.863 
0.060 0.986 0.665 0.826 0.571 0.737 0.695 0.611 
0.060 0.983 0.714 0.815 0.637 0.737 0.747 0.653 
0.084 0.983 0.642 0.810 0.725 0.842 0.842 0.800 
0.063 0.983 0.835 0.795 0.802 0.895 0.958 0.905 
0.063 0.977 0.695 0.795 0.714 0.842 0.853 0.789 
0.066 0.981 0.700 0.805 0.670 0.779 0.789 0.737 
0.076 0.980 0.669 0.800 0.637 0.726 0.726 0.663 
0.123 0.976 0.657 0.821 0.648 0.768 0.768 0.695 
0.058 0.985 0.904 0.785 0.813 0.874 0.937 0.863 
0.059 0.980 0.784 0.800 0.725 0.821 0.821 0.811 
0.060 0.980 0.733 0.805 0.670 0.779 0.768 0.747 
0.143 0.978 0.786 0.810 0.703 0.811 0.811 0.747 
0.096 0.977 0.818 0.805 0.703 0.811 0.811 0.811 
0.087 0.981 0.707 0.826 0.549 0.695 0.684 0.589 
0.084 0.980 0.692 0.810 0.615 0.726 0.705 0.695 
0.066 0.981 0.865 0.774 0.791 0.874 0.905 0.874 
0.057 0.982 0.722 0.821 0.703 0.768 0.800 0.758 
0.076 0.980 0.647 0.826 0.648 0.747 0.758 0.695 
0.092 0.981 0.687 0.810 0.637 0.758 0.737 0.695 
0.068 0.982 0.657 0.800 0.516 0.674 0.642 0.568 
0.060 0.985 0.703 0.805 0.549 0.674 0.663 0.611 
0.082 0.974 0.688 0.805 0.615 0.705 0.674 0.653 
0.072 0.981 0.671 0.821 0.659 0.758 0.768 0.716 
0.058 0.982 0.703 0.821 0.626 0.726 0.674 0.611 
0.047 0.987 0.621 0.836 0.670 0.768 0.789 0.737 
0.047 0.986 0.655 0.831 0.659 0.758 0.779 0.726 
0.083 0.976 0.607 0.836 0.648 0.747 0.758 0.726 
0.081 0.980 0.680 0.810 0.714 0.811 0.832 0.789 
0.058 0.985 0.693 0.831 0.637 0.726 0.695 0.632 
0.059 0.982 0.654 0.826 0.648 0.737 0.737 0.695 
0.051 0.986 0.664 0.810 0.648 0.768 0.758 0.716 
0.082 0.983 0.741 0.810 0.670 0.758 0.737 0.705 
0.069 0.981 0.658 0.795 0.615 0.716 0.684 0.663 
0.050 0.982 0.690 0.826 0.593 0.705 0.674 0.600 
0.057 0.987 0.721 0.810 0.604 0.716 0.684 0.621 
0.083 0.985 0.653 0.821 0.626 0.716 0.695 0.632 
0.073 0.985 0.713 0.826 0.681 0.737 0.716 0.674 
0.070 0.987 0.734 0.805 0.703 0.800 0.821 0.779 
0.074 0.985 0.693 0.821 0.615 0.705 0.674 0.621 
0.087 0.977 0.673 0.810 0.560 0.653 0.642 0.547 
0.058 0.983 0.739 0.795 0.495 0.611 0.600 0.547 
0.062 0.983 0.660 0.831 0.571 0.684 0.653 0.579 
0.056 0.987 0.725 0.805 0.659 0.779 0.768 0.726 
0.093 0.981 0.682 0.831 0.681 0.747 0.716 0.705 
0.055 0.983 0.704 0.800 0.615 0.716 0.674 0.611 
0.056 0.987 0.720 0.805 0.615 0.726 0.674 0.632 
0.055 0.987 0.729 0.826 0.626 0.726 0.674 0.642 
0.062 0.977 0.674 0.836 0.637 0.726 0.674 0.653 
0.077 0.983 0.739 0.836 0.681 0.789 0.758 0.726 
0.061 0.982 0.737 0.785 0.615 0.716 0.695 0.663 
0.124 0.983 0.778 0.790 0.604 0.674 0.674 0.600 
0.058 0.983 0.721 0.790 0.604 0.621 0.684 0.611 
0.058 0.990 0.709 0.810 0.648 0.737 0.737 0.705 
0.055 0.983 0.655 0.826 0.615 0.716 0.705 0.663 
0.053 0.986 0.669 0.805 0.692 0.789 0.821 0.768 
0.075 0.982 0.653 0.831 0.692 0.747 0.789 0.737 
0.054 0.986 0.648 0.805 0.659 0.716 0.726 0.684 
0.096 0.983 0.634 0.800 0.703 0.800 0.832 0.800 
0.067 0.987 0.935 0.754 0.868 0.895 0.979 0.916 
0.070 0.980 0.739 0.795 0.758 0.874 0.916 0.884 
0.072 0.983 0.639 0.815 0.670 0.747 0.726 0.642 
0.096 0.981 0.644 0.795 0.681 0.705 0.705 0.621 
0.061 0.983 0.652 0.821 0.681 0.758 0.737 0.674 
0.074 0.983 0.689 0.810 0.703 0.779 0.821 0.758 
0.061 0.981 0.649 0.826 0.703 0.779 0.821 0.768 
0.053 0.983 0.743 0.826 0.703 0.779 0.811 0.747 
0.076 0.983 0.693 0.826 0.714 0.811 0.842 0.726 
0.052 0.986 0.682 0.815 0.692 0.800 0.779 0.716 
0.068 0.985 0.779 0.821 0.714 0.821 0.832 0.747 
0.049 0.983 0.689 0.826 0.758 0.874 0.874 0.789 
0.062 0.986 0.703 0.821 0.714 0.811 0.832 0.747 
0.049 0.987 0.732 0.815 0.725 0.863 0.853 0.811 
0.129 0.981 0.726 0.831 0.714 0.811 0.832 0.737 
0.064 0.987 0.770 0.790 0.725 0.832 0.884 0.811 
0.078 0.983 0.654 0.826 0.681 0.737 0.758 0.695 
0.074 0.982 0.698 0.831 0.703 0.779 0.832 0.789 
0.076 0.983 0.715 0.826 0.681 0.758 0.779 0.726 
0.064 0.980 0.680 0.815 0.659 0.747 0.768 0.695 
0.072 0.980 0.577 0.826 0.648 0.758 0.758 0.705 
0.063 0.981 0.629 0.846 0.648 0.747 0.758 0.716 
0.060 0.987 0.621 0.846 0.659 0.726 0.758 0.737 
0.073 0.980 0.694 0.846 0.593 0.695 0.663 0.579 
0.071 0.980 0.772 0.810 0.615 0.758 0.737 0.684 
0.052 0.982 0.825 0.779 0.670 0.789 0.832 0.779 
0.050 0.989 0.743 0.815 0.681 0.747 0.779 0.737 
0.137 0.981 0.679 0.821 0.703 0.789 0.811 0.768 
0.061 0.982 0.585 0.831 0.604 0.705 0.674 0.589 
0.051 0.986 0.746 0.826 0.637 0.758 0.747 0.684 
0.067 0.987 0.629 0.821 0.648 0.747 0.737 0.695 
0.060 0.981 0.751 0.790 0.725 0.811 0.853 0.811 
0.045 0.985 0.822 0.815 0.736 0.832 0.853 0.811 
0.103 0.983 0.699 0.831 0.659 0.779 0.800 0.747 
0.091 0.983 0.705 0.821 0.637 0.716 0.684 0.600 
0.071 0.983 0.702 0.815 0.692 0.800 0.832 0.768 
0.080 0.981 0.833 0.821 0.747 0.832 0.842 0.758 
0.080 0.983 0.661 0.836 0.725 0.853 0.874 0.800 
0.070 0.986 0.688 0.815 0.626 0.716 0.663 0.568 
0.051 0.986 0.725 0.836 0.637 0.726 0.737 0.695 
0.053 0.981 0.714 0.836 0.637 0.737 0.716 0.684 
0.052 0.981 0.673 0.826 0.626 0.716 0.695 0.642 
0.055 0.985 0.635 0.831 0.626 0.716 0.674 0.642 
0.057 0.985 0.616 0.821 0.593 0.705 0.663 0.579 
0.055 0.986 0.617 0.826 0.637 0.716 0.674 0.684 
0.062 0.986 0.644 0.826 0.637 0.726 0.695 0.642 
0.073 0.985 0.745 0.815 0.637 0.737 0.716 0.737 
0.061 0.986 0.628 0.821 0.648 0.737 0.737 0.726 
0.048 0.989 0.660 0.831 0.593 0.695 0.653 0.579 
0.061 0.985 0.835 0.821 0.626 0.726 0.695 0.642 
0.052 0.991 0.816 0.800 0.648 0.747 0.737 0.726 
0.049 0.985 0.695 0.805 0.659 0.758 0.737 0.726 
0.099 0.982 0.791 0.795 0.725 0.821 0.853 0.789 
0.095 0.981 0.882 0.774 0.846 0.916 0.958 0.916 
0.084 0.983 0.878 0.785 0.846 0.926 0.968 0.916 
0.056 0.986 0.778 0.805 0.736 0.811 0.832 0.779 
0.074 0.985 0.705 0.836 0.670 0.768 0.779 0.737 
0.048 0.987 0.639 0.815 0.692 0.789 0.800 0.758 
0.059 0.986 0.637 0.821 0.637 0.726 0.737 0.653 
0.061 0.985 0.724 0.821 0.549 0.653 0.621 0.547 
0.117 0.981 0.584 0.810 0.593 0.726 0.684 0.632 
0.069 0.983 0.658 0.821 0.692 0.779 0.800 0.747 
0.058 0.983 0.805 0.800 0.670 0.768 0.800 0.737 
0.059 0.983 0.737 0.810 0.670 0.779 0.811 0.779 
0.064 0.981 0.664 0.815 0.659 0.768 0.811 0.716 
0.055 0.983 0.783 0.826 0.637 0.726 0.737 0.653 
0.045 0.986 0.692 0.826 0.626 0.726 0.737 0.653 
0.074 0.983 0.675 0.831 0.626 0.737 0.726 0.663 
0.049 0.989 0.745 0.805 0.593 0.705 0.653 0.600 
0.051 0.989 0.682 0.821 0.626 0.726 0.705 0.663 
0.111 0.980 0.717 0.836 0.637 0.737 0.726 0.674 
0.118 0.978 0.765 0.810 0.692 0.779 0.811 0.747 
0.060 0.982 0.713 0.790 0.703 0.779 0.832 0.800 
0.055 0.986 0.781 0.805 0.725 0.800 0.832 0.800 
0.115 0.983 0.765 0.815 0.725 0.800 0.821 0.779 
0.069 0.982 0.674 0.821 0.681 0.779 0.811 0.779 
0.062 0.987 0.600 0.790 0.582 0.684 0.653 0.579 
0.051 0.985 0.574 0.815 0.571 0.653 0.642 0.568 
0.069 0.981 0.741 0.836 0.593 0.695 0.663 0.579 
0.068 0.982 0.633 0.826 0.604 0.695 0.642 0.579 
0.069 0.985 0.644 0.810 0.670 0.779 0.758 0.737 
0.055 0.990 0.717 0.821 0.692 0.779 0.800 0.747 
0.066 0.989 0.682 0.826 0.648 0.747 0.758 0.726 
0.063 0.985 0.725 0.826 0.637 0.737 0.716 0.663 
0.071 0.986 0.721 0.800 0.582 0.695 0.663 0.600 
0.047 0.985 0.671 0.800 0.582 0.705 0.653 0.579 
0.103 0.982 0.706 0.821 0.615 0.716 0.684 0.653 
0.051 0.987 0.781 0.826 0.670 0.779 0.800 0.758 
0.057 0.987 0.676 0.831 0.648 0.758 0.747 0.726 
0.047 0.983 0.726 0.805 0.648 0.768 0.747 0.747 
0.053 0.990 0.661 0.821 0.637 0.716 0.705 0.674 
0.052 0.987 0.772 0.826 0.626 0.737 0.695 0.684 
0.101 0.986 0.705 0.826 0.626 0.705 0.674 0.653 
0.123 0.980 0.724 0.800 0.538 0.674 0.600 0.526 
0.060 0.982 0.741 0.815 0.593 0.705 0.684 0.653 
0.055 0.985 0.749 0.810 0.615 0.726 0.716 0.705 
0.054 0.981 0.752 0.821 0.615 0.726 0.705 0.663 
0.055 0.983 0.690 0.831 0.615 0.737 0.726 0.695 
0.053 0.985 0.808 0.815 0.648 0.768 0.747 0.737 
0.056 0.986 0.702 0.815 0.648 0.768 0.779 0.737 
0.054 0.986 0.666 0.826 0.637 0.747 0.737 0.716 
0.092 0.986 0.711 0.815 0.626 0.726 0.695 0.653 
0.093 0.985 0.853 0.815 0.626 0.726 0.716 0.653 
0.063 0.985 0.823 0.800 0.659 0.779 0.811 0.811 
0.060 0.981 0.652 0.831 0.637 0.726 0.726 0.705 
0.041 0.986 0.655 0.831 0.637 0.716 0.705 0.684 
0.055 0.986 0.699 0.826 0.637 0.716 0.716 0.684 
0.065 0.982 0.660 0.821 0.637 0.716 0.695 0.653 
0.054 0.985 0.842 0.815 0.681 0.768 0.789 0.758 
0.074 0.986 0.749 0.810 0.681 0.768 0.811 0.768 
0.065 0.987 0.711 0.815 0.637 0.716 0.726 0.695 
0.049 0.985 0.714 0.805 0.681 0.779 0.800 0.747 
0.052 0.983 0.728 0.821 0.637 0.747 0.747 0.695 
0.074 0.980 0.706 0.810 0.637 0.747 0.737 0.695 
0.045 0.985 0.735 0.821 0.747 0.863 0.895 0.811 
0.050 0.989 0.670 0.826 0.703 0.779 0.789 0.747 
0.094 0.987 0.699 0.826 0.637 0.737 0.747 0.674 
0.069 0.983 0.655 0.821 0.626 0.726 0.747 0.632 
0.046 0.983 0.637 0.815 0.670 0.789 0.800 0.768 
0.055 0.989 0.654 0.826 0.681 0.768 0.800 0.758 
0.073 0.983 0.604 0.821 0.593 0.695 0.663 0.600 
0.101 0.974 0.666 0.800 0.604 0.716 0.695 0.653 
0.084 0.981 0.712 0.805 0.747 0.832 0.895 0.863 
0.059 0.981 0.669 0.815 0.670 0.779 0.779 0.726 
0.063 0.982 0.660 0.826 0.637 0.705 0.695 0.653 
0.049 0.987 0.732 0.826 0.637 0.737 0.737 0.684 
0.061 0.985 0.775 0.810 0.626 0.705 0.674 0.642 
0.050 0.986 0.683 0.810 0.582 0.684 0.642 0.547 
0.045 0.985 0.683 0.826 0.626 0.705 0.674 0.611 
0.051 0.983 0.724 0.821 0.659 0.758 0.747 0.716 
0.111 0.983 0.736 0.810 0.637 0.716 0.737 0.642 
0.062 0.983 0.638 0.769 0.582 0.653 0.653 0.589 
0.049 0.989 0.736 0.831 0.648 0.737 0.684 0.653 
0.068 0.987 0.639 0.821 0.659 0.737 0.737 0.695 
0.042 0.987 0.766 0.810 0.747 0.832 0.853 0.832 
0.045 0.987 0.705 0.815 0.692 0.779 0.800 0.747 
0.064 0.983 0.696 0.821 0.681 0.779 0.789 0.758 
0.051 0.983 0.730 0.826 0.637 0.747 0.737 0.684 
0.057 0.985 0.700 0.826 0.637 0.737 0.737 0.695 
0.058 0.983 0.648 0.831 0.637 0.758 0.747 0.684 
0.046 0.985 0.773 0.831 0.637 0.768 0.747 0.726 
0.051 0.985 0.739 0.826 0.648 0.758 0.726 0.653 
0.106 0.987 0.804 0.815 0.670 0.768 0.768 0.747 
0.107 0.985 0.791 0.810 0.736 0.821 0.842 0.758 
0.045 0.987 0.745 0.826 0.637 0.758 0.758 0.695 
0.055 0.989 0.694 0.810 0.648 0.768 0.779 0.716 
0.087 0.978 0.719 0.831 0.637 0.747 0.737 0.674 
0.051 0.986 0.711 0.821 0.560 0.705 0.642 0.547 
0.063 0.987 0.700 0.821 0.582 0.705 0.653 0.568 
0.060 0.986 0.759 0.815 0.626 0.747 0.705 0.621 
0.059 0.985 0.702 0.821 0.604 0.716 0.674 0.600 
0.050 0.989 0.709 0.810 0.626 0.758 0.705 0.684 
0.053 0.989 0.800 0.810 0.648 0.758 0.737 0.684 
0.049 0.986 0.759 0.805 0.670 0.789 0.821 0.768 
0.056 0.985 0.753 0.821 0.648 0.779 0.779 0.716 
0.052 0.991 0.722 0.810 0.703 0.789 0.821 0.747 
0.093 0.985 0.745 0.810 0.648 0.768 0.758 0.695 
0.090 0.981 0.704 0.800 0.615 0.726 0.705 0.632 
