0.000 0.000 0.000 0.000 
0.011 0.021 0.000 0.000 
0.044 0.021 0.011 0.000 
0.275 0.347 0.105 0.063 
0.088 0.063 0.042 0.011 
0.451 0.453 0.284 0.179 
0.681 0.684 0.589 0.421 
0.967 0.979 0.968 0.853 
0.835 0.863 0.758 0.653 
0.769 0.800 0.674 0.611 
0.989 0.989 0.989 0.937 
0.626 0.632 0.474 0.389 
0.967 0.947 0.958 0.926 
0.703 0.716 0.579 0.558 
0.912 0.926 0.905 0.800 
0.879 0.926 0.853 0.768 
0.879 0.905 0.842 0.716 
0.967 0.979 0.937 0.874 
0.945 0.926 0.905 0.832 
0.967 0.979 0.958 0.916 
0.967 0.989 0.958 0.884 
0.802 0.884 0.768 0.705 
0.659 0.716 0.547 0.568 
0.912 0.947 0.916 0.789 
0.901 0.926 0.874 0.737 
1.000 1.000 1.000 1.000 
0.747 0.737 0.589 0.547 
0.868 0.926 0.853 0.737 
0.945 0.979 0.947 0.832 
0.791 0.895 0.789 0.695 
0.989 1.000 1.000 0.947 
0.934 0.979 0.947 0.842 
0.791 0.832 0.747 0.589 
0.967 1.000 0.968 0.884 
0.725 0.800 0.653 0.600 
1.000 1.000 1.000 0.989 
0.626 0.611 0.495 0.421 
0.945 0.979 0.958 0.874 
0.956 0.968 0.958 0.884 
0.429 0.453 0.368 0.347 
0.835 0.916 0.832 0.747 
0.549 0.537 0.442 0.358 
1.000 1.000 1.000 1.000 
0.143 0.168 0.095 0.137 
1.000 1.000 1.000 1.000 
0.747 0.832 0.705 0.589 
0.440 0.453 0.379 0.389 
0.791 0.821 0.737 0.642 
0.967 1.000 0.958 0.884 
0.890 0.937 0.811 0.779 
0.670 0.737 0.600 0.600 
0.846 0.947 0.884 0.747 
0.681 0.737 0.611 0.579 
0.835 0.926 0.874 0.779 
0.560 0.632 0.505 0.484 
0.901 0.958 0.916 0.863 
0.780 0.905 0.779 0.726 
0.527 0.547 0.463 0.368 
0.989 1.000 0.989 0.989 
0.780 0.884 0.768 0.695 
0.495 0.589 0.474 0.484 
0.978 1.000 0.989 0.968 
0.769 0.895 0.779 0.705 
0.670 0.779 0.653 0.589 
0.758 0.905 0.768 0.747 
0.835 0.916 0.842 0.758 
0.978 1.000 0.958 0.926 
0.868 0.947 0.874 0.800 
0.615 0.705 0.611 0.589 
0.473 0.547 0.526 0.474 
0.813 0.926 0.863 0.747 
0.736 0.832 0.705 0.642 
0.813 0.916 0.842 0.779 
0.758 0.905 0.789 0.705 
0.879 0.958 0.884 0.832 
0.989 1.000 0.989 0.989 
0.681 0.747 0.674 0.516 
0.780 0.884 0.779 0.758 
0.868 0.926 0.853 0.747 
0.758 0.874 0.768 0.684 
0.802 0.916 0.789 0.684 
0.495 0.558 0.453 0.400 
0.846 0.926 0.853 0.705 
0.681 0.800 0.737 0.632 
0.802 0.926 0.832 0.758 
0.736 0.821 0.674 0.558 
0.802 0.958 0.853 0.768 
0.648 0.726 0.621 0.537 
0.956 0.979 0.947 0.916 
0.769 0.863 0.768 0.684 
0.703 0.789 0.705 0.611 
0.934 0.979 0.937 0.863 
0.714 0.800 0.674 0.547 
0.978 1.000 0.958 0.958 
0.527 0.579 0.526 0.453 
0.791 0.905 0.789 0.642 
0.945 0.989 0.926 0.895 
0.802 0.884 0.779 0.726 
0.681 0.832 0.716 0.600 
0.989 1.000 0.979 0.937 
0.703 0.811 0.695 0.526 
0.912 0.979 0.926 0.884 
0.703 0.884 0.768 0.716 
0.868 0.937 0.895 0.800 
0.582 0.716 0.663 0.568 
0.725 0.811 0.758 0.737 
0.868 0.958 0.895 0.832 
0.945 0.979 0.937 0.884 
0.923 0.979 0.937 0.874 
0.681 0.811 0.726 0.684 
0.703 0.832 0.842 0.737 
0.780 0.916 0.842 0.737 
0.835 0.926 0.874 0.758 
0.593 0.737 0.632 0.526 
0.879 0.947 0.905 0.853 
0.846 0.916 0.863 0.779 
0.407 0.474 0.421 0.421 
0.978 1.000 0.979 0.947 
0.835 0.937 0.853 0.726 
0.824 0.884 0.842 0.747 
0.934 0.979 0.937 0.863 
0.626 0.716 0.674 0.526 
0.978 1.000 0.947 0.947 
0.879 0.937 0.884 0.758 
1.000 0.989 0.958 0.937 
0.264 0.284 0.274 0.295 
0.967 0.968 0.937 0.937 
0.813 0.916 0.884 0.821 
0.835 0.916 0.905 0.853 
0.560 0.737 0.747 0.600 
0.495 0.695 0.632 0.537 
0.879 0.937 0.895 0.800 
0.593 0.716 0.758 0.568 
1.000 1.000 0.979 0.968 
0.923 0.979 0.926 0.811 
0.780 0.884 0.832 0.695 
0.505 0.611 0.558 0.505 
0.462 0.600 0.558 0.474 
0.780 0.853 0.832 0.737 
0.703 0.842 0.832 0.737 
0.901 0.926 0.947 0.884 
0.978 0.989 0.937 0.916 
0.857 0.916 0.832 0.705 
0.868 0.916 0.905 0.821 
0.846 0.937 0.853 0.768 
0.659 0.705 0.695 0.505 
0.989 0.989 0.947 0.947 
0.747 0.874 0.758 0.632 
0.967 0.968 0.926 0.863 
0.659 0.768 0.747 0.653 
0.692 0.821 0.800 0.726 
0.582 0.779 0.705 0.611 
0.890 0.947 0.937 0.884 
0.967 0.947 0.937 0.842 
0.890 0.916 0.884 0.779 
0.769 0.832 0.747 0.653 
0.989 0.989 0.989 1.000 
0.681 0.800 0.768 0.568 
0.670 0.811 0.768 0.621 
0.934 0.937 0.937 0.821 
0.725 0.853 0.811 0.653 
1.000 1.000 1.000 1.000 
0.473 0.568 0.505 0.400 
1.000 1.000 1.000 1.000 
0.813 0.884 0.853 0.758 
0.934 0.926 0.916 0.821 
0.670 0.800 0.716 0.600 
0.967 0.979 0.968 0.874 
0.879 0.937 0.863 0.705 
0.978 0.979 0.926 0.895 
0.824 0.863 0.811 0.684 
0.868 0.926 0.884 0.811 
0.791 0.884 0.832 0.705 
0.714 0.853 0.853 0.726 
1.000 0.989 1.000 1.000 
0.989 0.989 0.958 0.989 
0.780 0.884 0.821 0.653 
0.956 0.958 0.926 0.874 
0.626 0.779 0.705 0.558 
0.879 0.947 0.874 0.779 
0.879 0.937 0.905 0.811 
0.571 0.737 0.674 0.558 
0.593 0.737 0.684 0.589 
0.725 0.811 0.811 0.695 
0.637 0.768 0.695 0.642 
0.582 0.768 0.705 0.611 
0.934 0.958 0.916 0.884 
0.989 0.989 0.947 0.916 
0.879 0.926 0.895 0.811 
0.626 0.800 0.705 0.611 
0.637 0.747 0.716 0.611 
0.626 0.800 0.768 0.663 
0.593 0.726 0.684 0.621 
1.000 0.989 1.000 1.000 
0.747 0.895 0.832 0.716 
0.923 0.926 0.926 0.842 
0.835 0.884 0.832 0.726 
0.912 0.947 0.895 0.768 
0.890 0.937 0.874 0.737 
0.758 0.874 0.832 0.663 
0.945 0.947 0.958 0.905 
0.615 0.789 0.726 0.621 
0.780 0.842 0.800 0.695 
0.967 0.958 0.926 0.874 
0.769 0.884 0.853 0.726 
0.780 0.916 0.884 0.737 
0.747 0.884 0.853 0.705 
0.670 0.832 0.800 0.653 
0.868 0.895 0.895 0.768 
0.538 0.695 0.611 0.484 
0.846 0.874 0.884 0.768 
1.000 0.989 0.968 0.958 
0.978 0.968 0.947 0.916 
0.978 0.947 0.947 0.916 
0.945 0.937 0.937 0.832 
0.692 0.863 0.842 0.663 
0.879 0.926 0.905 0.832 
0.747 0.895 0.832 0.716 
0.934 0.937 0.947 0.905 
0.868 0.926 0.937 0.874 
0.791 0.926 0.884 0.779 
0.791 0.916 0.853 0.726 
0.890 0.926 0.916 0.842 
0.582 0.716 0.663 0.537 
0.835 0.937 0.926 0.832 
0.703 0.832 0.789 0.674 
0.659 0.821 0.705 0.663 
0.615 0.768 0.726 0.600 
0.769 0.895 0.884 0.747 
0.967 0.947 0.958 0.905 
0.890 0.937 0.926 0.821 
0.791 0.874 0.905 0.789 
0.923 0.947 0.937 0.895 
0.681 0.853 0.789 0.653 
0.912 0.937 0.916 0.853 
0.725 0.884 0.789 0.642 
0.857 0.895 0.884 0.768 
0.769 0.884 0.884 0.726 
0.813 0.884 0.874 0.779 
0.989 0.947 0.968 0.979 
0.923 0.937 0.926 0.789 
0.901 0.926 0.926 0.800 
0.890 0.937 0.895 0.758 
0.868 0.916 0.895 0.737 
0.912 0.937 0.905 0.811 
0.813 0.895 0.863 0.726 
0.934 0.947 0.916 0.821 
0.791 0.905 0.832 0.705 
0.879 0.895 0.884 0.747 
0.835 0.926 0.905 0.779 
0.835 0.926 0.895 0.821 
0.714 0.842 0.779 0.663 
0.725 0.842 0.789 0.695 
0.868 0.916 0.916 0.842 
0.626 0.779 0.737 0.611 
0.725 0.863 0.853 0.747 
0.791 0.895 0.874 0.758 
0.912 0.926 0.926 0.842 
0.637 0.789 0.695 0.579 
0.835 0.916 0.884 0.789 
0.901 0.937 0.905 0.811 
0.967 0.958 0.958 0.853 
0.956 0.958 0.947 0.853 
0.934 0.937 0.926 0.800 
0.868 0.926 0.905 0.789 
0.736 0.853 0.800 0.663 
0.714 0.863 0.800 0.684 
0.945 0.947 0.968 0.905 
0.923 0.937 0.958 0.842 
0.934 0.937 0.958 0.832 
0.824 0.905 0.874 0.747 
0.835 0.884 0.884 0.768 
0.802 0.895 0.863 0.758 
1.000 0.989 0.989 0.979 
0.923 0.937 0.926 0.853 
0.846 0.905 0.863 0.758 
0.934 0.947 0.958 0.863 
0.989 0.968 0.968 0.937 
0.978 0.968 0.968 0.905 
0.736 0.874 0.874 0.716 
0.846 0.905 0.916 0.800 
0.978 0.989 0.968 0.947 
0.978 0.968 0.968 0.926 
0.780 0.905 0.853 0.716 
0.758 0.884 0.863 0.716 
0.868 0.937 0.937 0.895 
0.879 0.937 0.926 0.853 
0.879 0.947 0.926 0.821 
1.000 0.989 0.979 0.979 
0.912 0.937 0.926 0.789 
0.978 0.968 0.968 0.884 
0.978 0.968 0.968 0.905 
0.868 0.926 0.863 0.758 
0.857 0.926 0.853 0.768 
0.582 0.705 0.653 0.484 
0.967 0.958 0.989 0.916 
1.000 0.989 1.000 0.989 
0.978 0.947 0.968 0.895 
1.000 0.989 0.979 0.979 
0.714 0.863 0.821 0.663 
0.978 0.979 0.968 0.937 
0.868 0.937 0.874 0.768 
0.868 0.937 0.863 0.758 
0.813 0.905 0.832 0.726 
0.780 0.895 0.884 0.747 
0.725 0.863 0.832 0.663 
0.824 0.895 0.905 0.811 
0.681 0.842 0.811 0.716 
0.989 0.968 0.989 0.968 
0.978 0.968 0.968 0.926 
0.890 0.926 0.937 0.821 
0.912 0.937 0.937 0.853 
0.901 0.937 0.947 0.842 
0.945 0.937 0.968 0.874 
0.956 0.937 0.979 0.937 
0.824 0.916 0.863 0.747 
0.967 0.947 0.968 0.905 
0.978 0.968 0.968 0.926 
0.868 0.937 0.937 0.811 
0.714 0.842 0.800 0.684 
0.813 0.905 0.895 0.768 
0.703 0.874 0.811 0.705 
0.846 0.916 0.926 0.842 
0.934 0.937 0.968 0.905 
0.802 0.916 0.916 0.821 
0.945 0.937 0.979 0.895 
0.912 0.937 0.947 0.821 
0.978 0.958 0.968 0.884 
1.000 1.000 0.989 0.989 
0.989 0.979 0.968 0.947 
0.989 0.989 0.968 0.968 
0.901 0.937 0.905 0.768 
0.868 0.937 0.895 0.779 
0.923 0.937 0.968 0.853 
0.989 0.989 0.968 0.958 
0.824 0.916 0.884 0.779 
0.791 0.916 0.874 0.779 
0.692 0.821 0.800 0.716 
0.648 0.811 0.768 0.621 
0.978 0.958 0.968 0.916 
1.000 1.000 0.979 0.979 
0.978 0.958 0.968 0.895 
0.989 0.989 0.968 0.947 
0.945 0.947 0.968 0.800 
0.912 0.947 0.947 0.800 
0.945 0.947 0.968 0.863 
0.813 0.905 0.905 0.779 
0.923 0.937 0.968 0.863 
0.901 0.937 0.968 0.821 
0.978 0.958 0.968 0.916 
0.923 0.937 0.968 0.842 
0.956 0.958 0.979 0.916 
0.978 0.979 0.979 0.937 
0.956 0.937 0.968 0.895 
0.934 0.937 0.968 0.874 
0.791 0.905 0.895 0.747 
0.857 0.926 0.947 0.811 
0.901 0.937 0.958 0.853 
0.912 0.937 0.968 0.863 
0.901 0.937 0.968 0.884 
0.890 0.937 0.947 0.821 
0.868 0.916 0.916 0.768 
0.912 0.937 0.968 0.832 
0.978 0.947 0.979 0.916 
0.956 0.947 0.958 0.884 
0.945 0.958 0.958 0.853 
1.000 0.989 0.979 0.937 
1.000 0.989 0.989 0.989 
1.000 0.989 0.989 0.947 
0.989 0.979 0.979 0.916 
0.934 0.937 0.937 0.800 
0.923 0.937 0.968 0.842 
0.989 0.947 0.968 0.916 
0.835 0.895 0.842 0.716 
0.879 0.926 0.895 0.758 
0.890 0.937 0.926 0.758 
0.846 0.895 0.905 0.779 
0.879 0.937 0.947 0.842 
0.857 0.916 0.926 0.821 
0.835 0.905 0.937 0.811 
0.890 0.916 0.947 0.884 
0.758 0.863 0.853 0.758 
0.890 0.916 0.947 0.863 
0.923 0.937 0.958 0.800 
0.989 0.958 0.968 0.947 
0.912 0.937 0.958 0.863 
0.846 0.905 0.884 0.758 
0.846 0.905 0.884 0.758 
0.846 0.905 0.895 0.758 
0.868 0.916 0.937 0.832 
0.890 0.916 0.926 0.800 
0.978 0.958 0.979 0.947 
0.978 0.968 0.968 0.916 
1.000 0.968 0.979 0.947 
1.000 0.989 0.979 0.968 
0.890 0.916 0.905 0.779 
0.868 0.905 0.916 0.779 
0.956 0.958 0.979 0.937 
0.912 0.926 0.958 0.863 
0.890 0.937 0.947 0.832 
0.923 0.947 0.968 0.853 
0.901 0.947 0.947 0.832 
0.978 0.958 0.979 0.947 
0.934 0.958 0.979 0.937 
0.868 0.916 0.905 0.768 
0.901 0.926 0.926 0.811 
0.923 0.937 0.968 0.884 
0.890 0.916 0.947 0.832 
0.923 0.937 0.979 0.916 
0.879 0.926 0.916 0.800 
0.879 0.926 0.937 0.779 
0.978 0.958 0.968 0.916 
0.923 0.937 0.968 0.884 
0.780 0.895 0.874 0.747 
0.769 0.895 0.874 0.768 
0.923 0.937 0.947 0.863 
0.923 0.937 0.968 0.874 
0.956 0.947 0.979 0.916 
0.934 0.947 0.937 0.853 
0.934 0.937 0.937 0.842 
0.934 0.937 0.958 0.853 
0.934 0.947 0.947 0.832 
0.945 0.947 0.979 0.916 
0.978 0.958 0.979 0.937 
0.945 0.947 0.968 0.863 
0.879 0.926 0.916 0.779 
0.923 0.937 0.979 0.895 
0.890 0.905 0.926 0.789 
0.912 0.916 0.958 0.884 
0.967 0.937 0.979 0.947 
0.901 0.937 0.968 0.842 
0.890 0.937 0.947 0.832 
0.912 0.937 0.958 0.821 
0.879 0.926 0.926 0.811 
0.890 0.916 0.937 0.811 
0.912 0.937 0.958 0.863 
0.912 0.937 0.968 0.853 
0.835 0.905 0.905 0.789 
0.901 0.926 0.947 0.853 
0.890 0.916 0.958 0.863 
0.879 0.916 0.968 0.853 
0.868 0.905 0.926 0.842 
0.890 0.926 0.947 0.884 
0.912 0.937 0.968 0.916 
0.879 0.916 0.916 0.800 
0.879 0.926 0.926 0.800 
0.945 0.947 0.979 0.884 
0.868 0.905 0.926 0.779 
0.912 0.937 0.968 0.895 
0.945 0.958 0.968 0.895 
0.879 0.937 0.947 0.821 
0.901 0.937 0.947 0.853 
1.000 0.989 1.000 0.958 
1.000 0.968 0.989 0.937 
0.934 0.947 0.958 0.874 
0.934 0.947 0.968 0.895 
0.901 0.926 0.937 0.842 
0.813 0.884 0.874 0.726 
0.857 0.895 0.905 0.811 
0.846 0.895 0.884 0.747 
0.857 0.905 0.937 0.853 
0.934 0.937 0.979 0.937 
0.813 0.916 0.895 0.768 
0.901 0.947 0.947 0.821 
0.901 0.937 0.968 0.800 
0.890 0.926 0.947 0.821 
0.890 0.916 0.937 0.832 
0.912 0.937 0.968 0.832 
0.846 0.926 0.905 0.800 
0.923 0.937 0.958 0.863 
0.945 0.947 0.979 0.884 
0.934 0.937 0.968 0.863 
0.857 0.916 0.937 0.800 
0.923 0.937 0.979 0.853 
0.857 0.926 0.947 0.789 
0.934 0.937 0.968 0.853 
0.934 0.937 0.968 0.832 
0.879 0.916 0.926 0.800 
0.857 0.905 0.916 0.789 
0.945 0.937 0.979 0.874 
0.934 0.937 0.968 0.853 
0.934 0.947 0.968 0.842 
0.978 0.947 0.979 0.905 
0.945 0.947 0.968 0.853 
0.956 0.947 0.979 0.874 
0.945 0.937 0.979 0.874 
0.791 0.863 0.842 0.716 
0.725 0.863 0.863 0.705 
0.868 0.905 0.926 0.779 
0.945 0.937 0.979 0.916 
1.000 0.989 0.989 0.968 
0.923 0.947 0.968 0.853 
1.000 0.947 0.968 0.874 
0.901 0.937 0.916 0.811 
0.934 0.947 0.968 0.853 
0.934 0.937 0.958 0.821 
0.978 0.947 0.968 0.863 
0.923 0.926 0.968 0.853 
0.912 0.926 0.968 0.853 
0.901 0.926 0.979 0.874 
0.967 0.937 0.979 0.905 
0.967 0.937 0.979 0.884 
0.945 0.937 0.968 0.874 
0.934 0.926 0.968 0.811 
0.945 0.947 0.968 0.853 
0.934 0.947 0.958 0.842 
1.000 0.989 0.979 0.947 
1.000 0.979 0.979 0.958 
0.967 0.947 0.968 0.874 
0.978 0.937 0.968 0.895 
1.000 0.947 0.979 0.937 
0.934 0.937 0.947 0.811 
1.000 0.937 0.979 0.926 
1.000 0.968 0.979 0.937 
1.000 0.947 0.968 0.884 
0.934 0.937 0.968 0.779 
0.967 0.947 0.968 0.863 
0.945 0.947 0.968 0.863 
0.945 0.937 0.968 0.842 
0.989 0.947 0.979 0.926 
0.945 0.937 0.968 0.842 
0.879 0.916 0.926 0.779 
0.934 0.937 0.979 0.874 
0.901 0.916 0.968 0.821 
0.934 0.947 0.968 0.853 
0.945 0.947 0.979 0.842 
0.945 0.947 0.968 0.863 
0.945 0.947 0.979 0.884 
0.890 0.905 0.947 0.821 
0.912 0.916 0.958 0.811 
0.901 0.916 0.968 0.895 
0.934 0.937 0.979 0.905 
0.901 0.916 0.937 0.832 
0.934 0.937 0.968 0.884 
0.868 0.905 0.926 0.789 
0.967 0.937 0.979 0.916 
0.857 0.916 0.937 0.789 
0.923 0.937 0.958 0.874 
0.934 0.937 0.979 0.905 
0.934 0.937 0.968 0.874 
0.802 0.905 0.895 0.768 
0.868 0.905 0.937 0.800 
0.890 0.926 0.947 0.842 
0.813 0.905 0.905 0.779 
0.868 0.916 0.947 0.832 
0.901 0.937 0.968 0.905 
0.868 0.926 0.958 0.811 
0.868 0.916 0.947 0.800 
0.967 0.937 0.979 0.937 
0.912 0.926 0.958 0.842 
0.923 0.937 0.968 0.842 
0.978 0.947 0.979 0.937 
0.912 0.937 0.926 0.842 
0.868 0.916 0.926 0.800 
0.934 0.937 0.968 0.905 
0.956 0.947 0.979 0.937 
0.945 0.937 0.968 0.884 
0.945 0.926 0.958 0.874 
0.934 0.937 0.958 0.853 
0.901 0.916 0.947 0.842 
0.945 0.937 0.979 0.874 
0.934 0.937 0.979 0.895 
0.934 0.937 0.958 0.842 
0.934 0.926 0.958 0.853 
0.890 0.926 0.937 0.821 
0.912 0.926 0.958 0.821 
0.978 0.937 0.968 0.895 
0.901 0.937 0.937 0.800 
0.912 0.937 0.968 0.853 
0.901 0.937 0.958 0.821 
0.901 0.937 0.958 0.821 
0.923 0.926 0.958 0.832 
0.923 0.926 0.958 0.853 
0.967 0.937 0.979 0.926 
0.835 0.895 0.947 0.811 
0.890 0.937 0.958 0.863 
0.934 0.937 0.979 0.905 
0.934 0.937 0.958 0.884 
0.791 0.895 0.863 0.758 
0.934 0.937 0.958 0.884 
0.989 0.947 0.979 0.937 
0.857 0.926 0.937 0.779 
0.901 0.926 0.947 0.832 
0.901 0.937 0.937 0.853 
0.868 0.905 0.895 0.800 
0.879 0.916 0.916 0.842 
0.901 0.926 0.937 0.853 
0.868 0.905 0.905 0.800 
0.879 0.905 0.916 0.832 
0.901 0.926 0.947 0.832 
0.747 0.863 0.821 0.726 
0.901 0.926 0.968 0.863 
0.879 0.926 0.968 0.821 
0.758 0.895 0.874 0.758 
0.846 0.905 0.926 0.800 
0.890 0.916 0.947 0.821 
0.769 0.895 0.874 0.779 
0.725 0.863 0.842 0.705 
0.780 0.895 0.874 0.779 
0.780 0.895 0.895 0.789 
0.813 0.905 0.905 0.779 
0.835 0.905 0.926 0.811 
0.802 0.905 0.905 0.779 
0.912 0.937 0.958 0.884 
0.879 0.916 0.958 0.863 
0.901 0.937 0.968 0.874 
0.923 0.937 0.968 0.884 
0.934 0.937 0.968 0.895 
0.879 0.916 0.937 0.800 
0.802 0.905 0.884 0.758 
0.879 0.916 0.968 0.874 
0.901 0.916 0.968 0.863 
0.868 0.916 0.947 0.832 
0.890 0.905 0.958 0.842 
0.890 0.926 0.958 0.821 
0.890 0.937 0.958 0.874 
0.868 0.916 0.947 0.832 
0.835 0.895 0.926 0.779 
0.857 0.905 0.947 0.800 
0.890 0.926 0.958 0.863 
0.868 0.905 0.937 0.811 
0.890 0.916 0.958 0.884 
0.835 0.905 0.947 0.832 
0.824 0.895 0.916 0.821 
0.835 0.905 0.926 0.821 
0.857 0.916 0.947 0.853 
0.868 0.916 0.947 0.863 
0.824 0.905 0.926 0.789 
0.802 0.895 0.916 0.747 
0.846 0.905 0.937 0.800 
0.868 0.916 0.958 0.884 
0.857 0.905 0.926 0.821 
0.802 0.895 0.905 0.768 
0.813 0.905 0.926 0.768 
0.846 0.905 0.926 0.842 
0.912 0.916 0.968 0.895 
0.846 0.916 0.937 0.832 
0.835 0.905 0.937 0.832 
0.857 0.916 0.947 0.853 
0.857 0.916 0.968 0.874 
0.901 0.937 0.979 0.916 
0.846 0.905 0.947 0.842 
0.879 0.937 0.958 0.842 
0.923 0.937 0.979 0.895 
0.890 0.916 0.947 0.789 
0.879 0.916 0.947 0.842 
0.824 0.905 0.916 0.789 
0.846 0.905 0.916 0.789 
0.857 0.905 0.937 0.821 
0.901 0.937 0.968 0.895 
0.967 0.937 0.979 0.926 
0.956 0.947 0.979 0.926 
0.890 0.916 0.947 0.800 
0.725 0.874 0.863 0.737 
0.714 0.842 0.842 0.716 
0.835 0.863 0.895 0.811 
0.846 0.905 0.926 0.853 
0.791 0.863 0.895 0.811 
0.780 0.853 0.895 0.758 
0.879 0.905 0.926 0.842 
0.879 0.916 0.958 0.853 
0.923 0.937 0.979 0.905 
0.890 0.916 0.958 0.853 
0.857 0.905 0.926 0.811 
0.912 0.926 0.979 0.937 
0.868 0.916 0.947 0.832 
0.835 0.895 0.916 0.768 
0.868 0.905 0.947 0.832 
0.879 0.916 0.937 0.832 
0.846 0.905 0.916 0.779 
0.868 0.916 0.937 0.853 
0.879 0.916 0.958 0.853 
0.879 0.916 0.937 0.832 
0.868 0.905 0.947 0.821 
0.901 0.916 0.958 0.863 
0.879 0.916 0.958 0.863 
0.791 0.895 0.863 0.747 
0.857 0.905 0.916 0.789 
0.901 0.926 0.979 0.895 
0.912 0.937 0.979 0.884 
0.890 0.916 0.947 0.821 
0.846 0.905 0.905 0.779 
0.835 0.905 0.895 0.779 
0.868 0.916 0.926 0.853 
0.868 0.916 0.937 0.811 
0.813 0.905 0.895 0.768 
0.879 0.916 0.947 0.832 
0.901 0.926 0.958 0.895 
0.890 0.926 0.958 0.842 
0.758 0.884 0.884 0.726 
0.868 0.916 0.958 0.842 
0.846 0.916 0.937 0.789 
0.846 0.916 0.937 0.800 
0.868 0.916 0.947 0.842 
0.868 0.916 0.947 0.863 
0.868 0.916 0.947 0.853 
0.813 0.895 0.905 0.789 
0.714 0.863 0.853 0.726 
0.791 0.884 0.874 0.758 
0.824 0.916 0.926 0.853 
0.791 0.884 0.895 0.789 
0.769 0.874 0.874 0.747 
0.824 0.884 0.895 0.800 
0.802 0.874 0.884 0.768 
0.791 0.874 0.884 0.768 
0.824 0.874 0.895 0.779 
0.813 0.874 0.895 0.779 
0.802 0.874 0.895 0.768 
0.901 0.926 0.968 0.884 
0.868 0.916 0.958 0.853 
0.868 0.916 0.947 0.832 
0.901 0.926 0.958 0.863 
0.879 0.916 0.947 0.821 
0.879 0.916 0.937 0.832 
0.912 0.926 0.979 0.895 
0.890 0.905 0.947 0.853 
0.868 0.895 0.926 0.811 
0.857 0.905 0.937 0.832 
0.857 0.905 0.937 0.821 
0.835 0.905 0.916 0.842 
0.846 0.895 0.926 0.821 
0.780 0.884 0.874 0.789 
0.692 0.853 0.832 0.726 
0.824 0.895 0.926 0.800 
0.835 0.895 0.926 0.789 
0.879 0.916 0.947 0.832 
0.879 0.905 0.958 0.842 
0.802 0.895 0.916 0.800 
0.758 0.884 0.863 0.768 
0.791 0.884 0.895 0.800 
0.857 0.905 0.947 0.853 
0.868 0.895 0.947 0.842 
0.879 0.905 0.947 0.853 
0.813 0.895 0.937 0.821 
0.813 0.895 0.895 0.811 
0.791 0.895 0.916 0.779 
0.857 0.905 0.947 0.821 
0.879 0.916 0.947 0.832 
0.758 0.884 0.884 0.768 
0.725 0.874 0.884 0.747 
0.769 0.874 0.905 0.789 
0.703 0.853 0.863 0.737 
0.824 0.895 0.916 0.832 
0.868 0.905 0.947 0.874 
0.879 0.905 0.968 0.905 
0.868 0.905 0.937 0.821 
0.780 0.874 0.895 0.779 
0.857 0.905 0.937 0.842 
0.868 0.905 0.947 0.842 
0.681 0.853 0.800 0.695 
0.725 0.863 0.842 0.737 
0.901 0.916 0.958 0.853 
0.901 0.937 0.979 0.895 
0.901 0.937 0.979 0.895 
0.857 0.905 0.947 0.800 
0.857 0.905 0.937 0.811 
0.879 0.916 0.947 0.842 
0.890 0.926 0.958 0.884 
0.890 0.916 0.958 0.863 
0.890 0.916 0.947 0.853 
0.901 0.905 0.958 0.842 
0.769 0.895 0.874 0.768 
0.747 0.874 0.874 0.758 
0.747 0.874 0.895 0.758 
0.857 0.884 0.937 0.821 
0.868 0.905 0.947 0.895 
0.824 0.884 0.916 0.832 
0.813 0.874 0.916 0.811 
0.857 0.884 0.937 0.789 
0.868 0.895 0.947 0.832 
0.956 0.937 0.979 0.916 
0.890 0.905 0.958 0.874 
0.901 0.916 0.968 0.863 
0.934 0.947 0.968 0.905 
0.923 0.947 0.968 0.884 
0.890 0.905 0.947 0.832 
0.890 0.905 0.937 0.821 
0.890 0.916 0.958 0.863 
0.890 0.926 0.968 0.895 
0.890 0.916 0.958 0.874 
0.824 0.905 0.905 0.800 
0.769 0.895 0.874 0.758 
0.846 0.905 0.926 0.789 
0.879 0.916 0.968 0.874 
0.824 0.895 0.937 0.821 
0.879 0.905 0.947 0.832 
0.857 0.905 0.947 0.821 
0.879 0.916 0.947 0.853 
0.824 0.895 0.926 0.789 
0.780 0.895 0.905 0.800 
0.747 0.895 0.905 0.779 
0.703 0.853 0.863 0.716 
0.835 0.895 0.926 0.811 
0.802 0.874 0.916 0.800 
0.780 0.874 0.884 0.789 
0.824 0.884 0.916 0.800 
0.791 0.884 0.905 0.779 
0.692 0.821 0.874 0.726 
0.725 0.832 0.874 0.758 
0.791 0.884 0.905 0.811 
0.802 0.874 0.905 0.811 
0.736 0.863 0.874 0.768 
0.736 0.863 0.874 0.768 
0.714 0.842 0.863 0.758 
0.714 0.842 0.863 0.768 
0.769 0.874 0.895 0.779 
0.802 0.884 0.916 0.800 
0.769 0.884 0.916 0.789 
0.791 0.884 0.905 0.789 
0.791 0.884 0.916 0.789 
0.846 0.905 0.937 0.821 
0.802 0.884 0.916 0.800 
0.725 0.853 0.874 0.768 
0.769 0.853 0.905 0.779 
0.802 0.884 0.905 0.800 
0.802 0.884 0.905 0.811 
0.747 0.853 0.895 0.779 
0.736 0.853 0.884 0.768 
0.725 0.853 0.884 0.758 
0.725 0.863 0.884 0.747 
0.714 0.863 0.884 0.768 
0.791 0.884 0.895 0.800 
0.791 0.884 0.905 0.821 
0.714 0.832 0.884 0.716 
0.670 0.789 0.779 0.663 
0.780 0.874 0.905 0.800 
0.846 0.905 0.958 0.874 
0.846 0.905 0.937 0.853 
0.813 0.895 0.926 0.832 
0.813 0.884 0.916 0.789 
0.813 0.884 0.916 0.811 
0.824 0.905 0.926 0.832 
0.846 0.905 0.937 0.832 
0.780 0.884 0.926 0.789 
0.780 0.884 0.916 0.800 
0.791 0.874 0.916 0.811 
0.802 0.884 0.926 0.863 
0.846 0.895 0.958 0.874 
0.824 0.895 0.937 0.863 
0.813 0.884 0.926 0.811 
0.769 0.874 0.895 0.779 
0.813 0.884 0.916 0.832 
0.846 0.895 0.947 0.863 
0.846 0.905 0.958 0.884 
0.791 0.874 0.905 0.789 
0.791 0.874 0.895 0.779 
0.813 0.895 0.926 0.842 
0.846 0.895 0.937 0.842 
0.846 0.905 0.937 0.842 
0.868 0.905 0.958 0.884 
0.868 0.905 0.947 0.853 
0.846 0.905 0.937 0.789 
0.846 0.905 0.937 0.821 
0.868 0.905 0.947 0.842 
0.879 0.905 0.958 0.874 
0.857 0.905 0.958 0.863 
0.879 0.916 0.968 0.895 
0.857 0.916 0.958 0.863 
0.857 0.916 0.958 0.874 
0.846 0.916 0.937 0.842 
0.846 0.895 0.937 0.832 
0.857 0.895 0.947 0.811 
0.835 0.895 0.947 0.811 
0.802 0.895 0.905 0.811 
0.714 0.863 0.863 0.747 
0.736 0.842 0.874 0.758 
0.747 0.884 0.884 0.779 
0.791 0.884 0.916 0.821 
0.846 0.916 0.937 0.863 
0.846 0.916 0.937 0.863 
0.802 0.884 0.916 0.779 
0.758 0.884 0.895 0.768 
0.813 0.905 0.916 0.789 
0.824 0.905 0.947 0.853 
0.879 0.916 0.958 0.874 
0.879 0.916 0.958 0.863 
0.824 0.895 0.926 0.779 
0.791 0.884 0.905 0.779 
0.824 0.895 0.926 0.821 
0.868 0.905 0.947 0.842 
0.824 0.895 0.926 0.811 
0.824 0.884 0.895 0.811 
0.791 0.884 0.895 0.800 
0.791 0.884 0.895 0.821 
0.725 0.874 0.874 0.758 
0.747 0.884 0.884 0.779 
0.736 0.884 0.884 0.758 
0.758 0.874 0.895 0.779 
0.736 0.874 0.884 0.758 
0.725 0.842 0.863 0.747 
0.714 0.842 0.853 0.737 
0.758 0.884 0.895 0.779 
0.769 0.884 0.895 0.789 
0.824 0.884 0.916 0.832 
0.813 0.884 0.905 0.832 
0.846 0.905 0.947 0.821 
0.868 0.905 0.958 0.832 
0.846 0.905 0.947 0.821 
0.868 0.905 0.947 0.842 
0.879 0.905 0.947 0.821 
0.725 0.874 0.863 0.726 
0.692 0.832 0.821 0.705 
0.714 0.832 0.863 0.726 
0.802 0.884 0.926 0.821 
0.813 0.884 0.947 0.853 
0.802 0.884 0.926 0.821 
0.791 0.895 0.926 0.811 
0.791 0.884 0.926 0.821 
0.791 0.884 0.926 0.811 
0.769 0.884 0.895 0.768 
0.725 0.853 0.884 0.747 
0.780 0.884 0.905 0.789 
0.802 0.884 0.937 0.800 
0.802 0.895 0.937 0.811 
0.857 0.895 0.947 0.863 
0.868 0.905 0.947 0.863 
0.846 0.905 0.947 0.853 
0.780 0.895 0.926 0.779 
0.725 0.884 0.895 0.768 
0.714 0.853 0.874 0.716 
0.747 0.863 0.884 0.747 
0.747 0.874 0.884 0.779 
0.791 0.874 0.905 0.821 
0.791 0.874 0.905 0.821 
0.780 0.874 0.895 0.789 
0.780 0.874 0.905 0.779 
0.824 0.895 0.916 0.832 
0.835 0.895 0.926 0.832 
0.769 0.884 0.905 0.768 
0.736 0.884 0.884 0.758 
0.758 0.895 0.916 0.789 
0.780 0.895 0.926 0.832 
0.791 0.895 0.926 0.832 
0.813 0.895 0.937 0.842 
0.802 0.895 0.937 0.832 
0.747 0.895 0.895 0.768 
0.747 0.884 0.884 0.768 
0.780 0.895 0.916 0.800 
0.780 0.895 0.926 0.811 
0.802 0.895 0.937 0.800 
0.813 0.895 0.937 0.832 
0.813 0.895 0.937 0.832 
0.802 0.895 0.937 0.811 
0.791 0.895 0.916 0.800 
0.747 0.874 0.895 0.779 
0.813 0.895 0.937 0.842 
0.824 0.895 0.937 0.842 
0.824 0.884 0.937 0.811 
0.769 0.874 0.905 0.789 
0.791 0.884 0.916 0.789 
0.824 0.895 0.926 0.832 
0.813 0.895 0.937 0.832 
0.824 0.895 0.937 0.832 
0.835 0.895 0.937 0.832 
0.835 0.895 0.937 0.821 
0.835 0.905 0.937 0.821 
0.824 0.895 0.937 0.821 
0.846 0.905 0.947 0.842 
0.835 0.905 0.937 0.821 
0.824 0.905 0.937 0.821 
0.835 0.905 0.937 0.832 
0.824 0.895 0.937 0.811 
0.780 0.895 0.926 0.800 
0.813 0.895 0.926 0.800 
0.813 0.884 0.926 0.811 
0.780 0.884 0.895 0.800 
0.835 0.884 0.926 0.821 
0.780 0.884 0.895 0.800 
0.758 0.874 0.874 0.768 
0.769 0.884 0.905 0.789 
0.857 0.905 0.947 0.821 
0.835 0.905 0.947 0.811 
0.824 0.884 0.937 0.811 
0.802 0.884 0.916 0.800 
0.736 0.853 0.884 0.768 
0.769 0.884 0.895 0.800 
0.835 0.895 0.947 0.842 
0.846 0.895 0.947 0.863 
0.802 0.895 0.916 0.821 
0.780 0.884 0.916 0.779 
0.780 0.884 0.916 0.779 
0.780 0.884 0.905 0.779 
0.758 0.884 0.884 0.768 
0.769 0.884 0.884 0.768 
0.802 0.895 0.905 0.779 
0.802 0.905 0.916 0.800 
0.802 0.895 0.905 0.779 
0.802 0.895 0.905 0.779 
0.802 0.905 0.905 0.779 
0.791 0.895 0.905 0.779 
0.747 0.884 0.884 0.758 
0.736 0.842 0.874 0.758 
0.736 0.842 0.884 0.768 
0.769 0.874 0.905 0.779 
0.824 0.895 0.916 0.811 
0.824 0.884 0.926 0.800 
0.835 0.905 0.926 0.789 
0.846 0.905 0.947 0.842 
0.835 0.905 0.947 0.832 
0.813 0.895 0.937 0.811 
