0.684 0.589 0.695 0.487 0.000 0.000 0.000 0.000 
0.655 0.644 0.689 0.487 0.000 0.000 0.000 0.000 
0.633 0.677 0.680 0.585 0.000 0.011 0.000 0.000 
0.626 0.695 0.687 0.513 0.473 0.558 0.337 0.084 
0.634 0.668 0.695 0.497 0.022 0.021 0.000 0.000 
0.610 0.704 0.695 0.533 0.132 0.189 0.063 0.011 
0.585 0.713 0.813 0.487 0.209 0.253 0.126 0.126 
0.563 0.723 0.698 0.549 0.099 0.095 0.021 0.021 
0.568 0.724 0.841 0.497 0.242 0.305 0.084 0.053 
0.531 0.739 0.655 0.595 0.593 0.600 0.495 0.421 
0.621 0.722 0.655 0.667 0.824 0.863 0.726 0.768 
0.554 0.733 0.771 0.538 0.505 0.537 0.432 0.389 
0.554 0.706 0.650 0.600 0.538 0.505 0.484 0.421 
0.542 0.751 0.738 0.595 0.286 0.347 0.242 0.126 
0.527 0.755 0.623 0.672 0.571 0.600 0.537 0.547 
0.522 0.724 0.603 0.662 0.396 0.411 0.358 0.316 
0.542 0.751 0.615 0.667 0.780 0.832 0.705 0.737 
0.507 0.751 0.753 0.579 0.637 0.716 0.537 0.558 
0.553 0.742 0.661 0.636 0.967 0.958 0.958 0.958 
0.588 0.699 0.626 0.615 0.758 0.811 0.684 0.695 
0.545 0.743 0.580 0.672 0.571 0.600 0.505 0.484 
0.540 0.738 0.656 0.626 0.593 0.621 0.505 0.463 
0.505 0.764 0.765 0.610 0.473 0.495 0.421 0.411 
0.525 0.774 0.800 0.564 0.451 0.432 0.316 0.221 
0.494 0.773 0.593 0.703 0.659 0.653 0.558 0.568 
0.517 0.757 0.561 0.708 0.758 0.789 0.663 0.705 
0.493 0.782 0.645 0.636 0.615 0.695 0.547 0.505 
0.511 0.777 0.565 0.703 0.791 0.863 0.737 0.737 
0.500 0.766 0.597 0.728 0.747 0.779 0.705 0.716 
0.500 0.760 0.664 0.610 0.714 0.726 0.600 0.558 
0.480 0.768 0.611 0.682 0.571 0.589 0.495 0.453 
0.549 0.765 0.604 0.718 0.593 0.632 0.526 0.568 
0.511 0.737 0.621 0.677 0.451 0.453 0.358 0.347 
0.486 0.756 0.602 0.677 0.637 0.695 0.568 0.568 
0.511 0.764 0.588 0.708 0.615 0.642 0.547 0.526 
0.493 0.761 0.684 0.646 0.835 0.926 0.884 0.895 
0.500 0.762 0.634 0.651 0.451 0.505 0.432 0.368 
0.450 0.796 0.754 0.610 0.824 0.926 0.853 0.916 
0.478 0.785 0.766 0.615 0.692 0.747 0.642 0.653 
0.490 0.784 0.671 0.626 0.055 0.074 0.032 0.032 
0.462 0.777 0.659 0.605 0.703 0.758 0.642 0.653 
0.468 0.798 0.773 0.621 0.077 0.105 0.042 0.042 
0.490 0.779 1.047 0.544 0.890 0.947 0.979 0.937 
0.456 0.791 0.939 0.554 0.011 0.032 0.011 0.011 
0.459 0.791 0.791 0.646 0.791 0.853 0.737 0.789 
0.441 0.775 0.660 0.662 0.297 0.326 0.284 0.263 
0.457 0.798 0.620 0.723 0.549 0.653 0.589 0.600 
0.447 0.792 0.653 0.651 0.637 0.684 0.600 0.600 
0.429 0.801 0.564 0.713 0.626 0.642 0.558 0.611 
0.456 0.797 0.610 0.713 0.813 0.853 0.779 0.779 
0.428 0.793 0.606 0.718 0.615 0.663 0.642 0.642 
0.421 0.801 0.626 0.718 0.593 0.653 0.589 0.611 
0.427 0.794 0.620 0.738 0.538 0.600 0.537 0.495 
0.431 0.798 0.765 0.662 0.747 0.789 0.747 0.789 
0.453 0.808 0.572 0.744 0.198 0.242 0.211 0.242 
0.417 0.810 0.702 0.651 0.275 0.389 0.263 0.211 
0.468 0.801 0.595 0.764 0.516 0.537 0.463 0.421 
0.456 0.778 0.615 0.713 0.549 0.611 0.547 0.505 
0.420 0.801 0.793 0.662 0.681 0.758 0.695 0.726 
0.418 0.825 0.584 0.708 0.165 0.189 0.137 0.211 
0.415 0.808 0.661 0.651 0.484 0.579 0.463 0.453 
0.480 0.788 0.579 0.713 0.593 0.642 0.589 0.632 
0.490 0.777 0.605 0.718 0.407 0.474 0.389 0.411 
0.459 0.799 0.530 0.754 0.231 0.274 0.242 0.242 
0.445 0.801 0.603 0.667 0.549 0.653 0.568 0.558 
0.438 0.812 0.559 0.744 0.725 0.821 0.674 0.663 
0.431 0.798 0.559 0.754 0.396 0.442 0.347 0.347 
0.418 0.807 0.668 0.672 0.121 0.126 0.063 0.116 
0.451 0.816 0.575 0.723 0.484 0.589 0.516 0.558 
0.483 0.777 0.555 0.744 0.297 0.337 0.263 0.337 
0.391 0.822 1.013 0.569 0.593 0.705 0.695 0.705 
0.425 0.803 0.532 0.738 0.593 0.726 0.600 0.537 
0.414 0.822 0.671 0.682 0.802 0.853 0.811 0.821 
0.418 0.814 0.748 0.646 0.692 0.737 0.621 0.579 
0.445 0.801 0.597 0.723 0.462 0.537 0.463 0.432 
0.430 0.825 0.577 0.733 0.769 0.874 0.811 0.811 
0.410 0.824 0.704 0.615 0.462 0.579 0.432 0.368 
0.405 0.812 1.047 0.595 0.769 0.800 0.716 0.779 
0.431 0.799 0.650 0.687 0.462 0.505 0.442 0.421 
0.440 0.802 0.564 0.728 0.407 0.537 0.421 0.411 
0.434 0.830 0.592 0.718 0.659 0.716 0.621 0.589 
0.401 0.828 0.624 0.697 0.615 0.716 0.632 0.621 
0.412 0.844 0.614 0.692 0.571 0.695 0.621 0.547 
0.482 0.787 1.206 0.564 0.923 0.947 0.905 0.958 
0.462 0.805 0.556 0.744 0.538 0.632 0.547 0.526 
0.422 0.821 0.616 0.677 0.363 0.358 0.326 0.263 
0.417 0.824 0.621 0.703 0.637 0.737 0.674 0.695 
0.399 0.828 0.678 0.631 0.132 0.179 0.137 0.168 
0.382 0.858 0.610 0.738 0.516 0.589 0.526 0.537 
0.379 0.829 0.547 0.774 0.549 0.642 0.579 0.558 
0.365 0.838 0.786 0.626 0.549 0.684 0.558 0.463 
0.362 0.852 0.521 0.759 0.593 0.726 0.611 0.568 
0.360 0.844 0.781 0.636 0.275 0.379 0.316 0.284 
0.376 0.835 0.648 0.682 0.824 0.916 0.884 0.863 
0.395 0.829 0.635 0.728 0.495 0.568 0.442 0.379 
0.438 0.817 0.639 0.687 0.516 0.695 0.537 0.505 
0.380 0.830 0.787 0.641 0.945 0.968 0.979 0.958 
0.379 0.857 0.578 0.728 0.176 0.221 0.158 0.211 
0.359 0.856 0.547 0.769 0.385 0.432 0.379 0.326 
0.408 0.835 0.593 0.718 0.626 0.726 0.768 0.642 
0.332 0.856 0.593 0.713 0.418 0.453 0.411 0.337 
0.356 0.844 0.547 0.744 0.495 0.589 0.526 0.484 
0.326 0.851 0.532 0.769 0.692 0.789 0.737 0.674 
0.407 0.856 0.487 0.785 0.407 0.495 0.442 0.442 
0.348 0.839 0.640 0.708 0.462 0.642 0.579 0.663 
0.328 0.848 0.542 0.754 0.385 0.463 0.411 0.389 
0.332 0.849 0.540 0.785 0.560 0.726 0.611 0.558 
0.426 0.833 0.522 0.759 0.659 0.779 0.695 0.684 
0.503 0.778 0.549 0.733 0.516 0.579 0.537 0.442 
0.491 0.788 1.274 0.559 0.736 0.821 0.768 0.821 
0.376 0.839 0.484 0.805 0.418 0.495 0.453 0.453 
0.325 0.858 0.550 0.790 0.527 0.621 0.579 0.537 
0.338 0.857 0.496 0.774 0.681 0.811 0.726 0.695 
0.329 0.857 0.615 0.697 0.538 0.642 0.611 0.642 
0.325 0.857 0.493 0.769 0.615 0.779 0.705 0.695 
0.350 0.863 0.641 0.728 0.670 0.821 0.758 0.768 
0.340 0.852 0.574 0.764 0.549 0.663 0.600 0.558 
0.316 0.860 0.542 0.754 0.516 0.611 0.526 0.432 
0.362 0.856 0.771 0.703 0.802 0.905 0.863 0.800 
0.333 0.856 0.522 0.795 0.725 0.853 0.705 0.663 
0.332 0.877 0.484 0.805 0.769 0.821 0.747 0.726 
0.314 0.857 0.498 0.800 0.538 0.726 0.621 0.547 
0.329 0.857 0.768 0.646 0.615 0.737 0.768 0.737 
0.329 0.865 0.603 0.703 0.692 0.789 0.695 0.621 
0.425 0.861 0.495 0.769 0.593 0.758 0.653 0.621 
0.342 0.857 0.798 0.605 0.044 0.032 0.011 0.011 
0.304 0.872 0.826 0.641 0.791 0.884 0.874 0.842 
0.301 0.872 0.456 0.810 0.473 0.579 0.537 0.474 
0.319 0.865 0.867 0.631 0.758 0.863 0.789 0.821 
0.384 0.861 0.542 0.754 0.396 0.421 0.400 0.379 
0.351 0.842 0.566 0.749 0.253 0.284 0.263 0.305 
0.385 0.849 0.685 0.708 0.791 0.863 0.842 0.789 
0.351 0.851 0.740 0.703 0.527 0.632 0.568 0.526 
0.340 0.854 0.880 0.641 0.989 1.000 0.947 0.958 
0.319 0.880 0.533 0.744 0.736 0.842 0.716 0.589 
0.272 0.875 0.622 0.749 0.516 0.653 0.558 0.484 
0.297 0.857 0.476 0.790 0.319 0.347 0.326 0.179 
0.308 0.871 0.516 0.805 0.538 0.684 0.579 0.505 
0.294 0.860 0.466 0.821 0.495 0.579 0.495 0.421 
0.313 0.883 0.498 0.805 0.505 0.589 0.505 0.484 
0.327 0.865 0.731 0.708 0.626 0.747 0.716 0.695 
0.289 0.884 0.542 0.795 0.659 0.789 0.747 0.653 
0.367 0.877 0.645 0.744 0.549 0.684 0.568 0.526 
0.308 0.858 0.549 0.759 0.429 0.537 0.474 0.379 
0.302 0.872 0.586 0.774 0.659 0.779 0.674 0.611 
0.316 0.872 0.479 0.785 0.440 0.558 0.463 0.368 
0.338 0.854 0.848 0.662 0.912 0.916 0.916 0.916 
0.292 0.875 0.609 0.728 0.769 0.853 0.832 0.821 
0.257 0.891 0.966 0.641 0.934 0.947 0.926 0.926 
0.279 0.879 0.554 0.754 0.692 0.779 0.716 0.684 
0.262 0.881 0.465 0.821 0.560 0.695 0.589 0.558 
0.288 0.890 0.584 0.749 0.495 0.611 0.558 0.495 
0.288 0.865 0.892 0.646 0.714 0.832 0.842 0.811 
0.257 0.891 0.644 0.728 0.747 0.863 0.842 0.768 
0.288 0.889 0.705 0.692 0.615 0.758 0.705 0.663 
0.283 0.884 0.560 0.759 0.407 0.505 0.453 0.379 
0.280 0.884 1.115 0.610 0.967 0.989 0.947 0.958 
0.263 0.891 0.523 0.810 0.615 0.758 0.674 0.621 
0.292 0.890 0.480 0.815 0.637 0.789 0.653 0.600 
0.317 0.871 0.471 0.800 0.670 0.811 0.726 0.600 
0.317 0.871 0.794 0.677 0.747 0.842 0.789 0.811 
0.317 0.872 0.449 0.800 0.571 0.716 0.653 0.589 
0.275 0.877 0.480 0.785 0.604 0.695 0.684 0.505 
0.258 0.885 0.503 0.785 0.868 0.905 0.884 0.800 
0.266 0.905 0.519 0.790 0.505 0.611 0.526 0.432 
0.262 0.881 0.492 0.774 0.934 0.937 0.863 0.811 
0.247 0.889 0.485 0.810 0.440 0.516 0.474 0.400 
0.265 0.904 0.944 0.636 0.901 0.937 0.905 0.895 
0.307 0.876 0.661 0.754 0.615 0.716 0.621 0.484 
0.282 0.879 0.767 0.692 0.978 0.958 0.916 0.916 
0.245 0.889 0.503 0.805 0.560 0.705 0.611 0.505 
0.235 0.903 0.579 0.769 0.637 0.789 0.716 0.705 
0.272 0.883 0.502 0.810 0.670 0.800 0.726 0.726 
0.310 0.885 0.632 0.718 0.604 0.747 0.642 0.526 
0.359 0.871 1.520 0.564 0.945 0.968 1.000 1.000 
0.326 0.856 0.641 0.713 0.813 0.884 0.884 0.853 
0.293 0.877 0.486 0.774 0.703 0.821 0.768 0.758 
0.255 0.886 0.521 0.779 0.527 0.705 0.589 0.495 
0.246 0.890 0.611 0.785 0.626 0.800 0.695 0.663 
0.274 0.897 0.576 0.800 0.582 0.716 0.642 0.516 
0.269 0.912 0.798 0.687 0.857 0.916 0.905 0.842 
0.292 0.866 0.610 0.749 0.495 0.568 0.495 0.411 
0.295 0.889 0.532 0.800 0.495 0.579 0.505 0.495 
0.275 0.886 0.565 0.774 0.495 0.600 0.547 0.453 
0.305 0.890 0.510 0.795 0.538 0.684 0.600 0.453 
0.270 0.898 0.670 0.723 0.154 0.221 0.253 0.221 
0.275 0.911 1.343 0.559 0.736 0.821 0.821 0.842 
0.264 0.872 0.644 0.718 0.923 0.926 0.895 0.863 
0.244 0.897 0.561 0.785 0.637 0.800 0.705 0.632 
0.239 0.895 0.507 0.810 0.593 0.747 0.632 0.611 
0.282 0.898 0.549 0.821 0.604 0.747 0.642 0.632 
0.394 0.867 0.521 0.785 0.374 0.389 0.389 0.295 
0.405 0.835 0.769 0.708 0.297 0.347 0.305 0.274 
0.364 0.840 0.741 0.687 0.901 0.968 0.916 0.916 
0.245 0.893 0.520 0.805 0.802 0.895 0.800 0.642 
0.241 0.895 0.497 0.821 0.725 0.832 0.758 0.695 
0.234 0.897 0.483 0.810 0.714 0.800 0.684 0.653 
0.235 0.894 0.585 0.779 0.538 0.737 0.642 0.547 
0.234 0.903 0.555 0.800 0.659 0.821 0.716 0.684 
0.262 0.890 0.629 0.769 0.396 0.474 0.453 0.368 
0.249 0.902 1.011 0.590 0.648 0.800 0.716 0.684 
0.238 0.890 0.469 0.841 0.538 0.747 0.653 0.537 
0.275 0.904 0.684 0.749 0.769 0.874 0.800 0.779 
0.283 0.897 0.944 0.682 0.890 0.947 0.874 0.916 
0.222 0.905 1.210 0.631 0.736 0.853 0.842 0.789 
0.267 0.907 0.562 0.785 0.615 0.768 0.684 0.632 
0.227 0.903 0.578 0.779 0.538 0.695 0.663 0.579 
0.230 0.913 0.521 0.790 0.473 0.526 0.516 0.442 
0.265 0.912 0.537 0.754 0.462 0.547 0.505 0.453 
0.261 0.875 0.588 0.795 0.495 0.600 0.537 0.432 
0.274 0.902 0.542 0.769 0.484 0.579 0.547 0.432 
0.319 0.895 0.557 0.764 0.582 0.695 0.632 0.474 
0.245 0.891 0.685 0.749 0.835 0.905 0.832 0.842 
0.251 0.876 0.884 0.672 0.912 0.926 0.905 0.895 
0.204 0.905 0.618 0.774 0.714 0.863 0.789 0.779 
0.202 0.914 0.471 0.821 0.615 0.768 0.663 0.558 
0.235 0.907 0.546 0.800 0.604 0.758 0.674 0.579 
0.252 0.884 0.666 0.769 0.659 0.779 0.695 0.621 
0.261 0.897 0.860 0.713 0.835 0.863 0.874 0.853 
0.251 0.907 0.619 0.795 0.670 0.811 0.768 0.726 
0.210 0.909 0.572 0.795 0.637 0.789 0.695 0.653 
0.202 0.926 0.690 0.733 0.813 0.884 0.842 0.842 
0.230 0.908 0.666 0.759 0.747 0.842 0.842 0.800 
0.214 0.916 0.593 0.785 0.670 0.747 0.705 0.600 
0.204 0.925 0.717 0.744 0.670 0.768 0.737 0.737 
0.209 0.912 0.550 0.815 0.626 0.779 0.716 0.663 
0.218 0.903 0.550 0.826 0.516 0.632 0.568 0.495 
0.251 0.893 0.544 0.795 0.440 0.579 0.568 0.442 
0.223 0.918 0.656 0.749 0.659 0.737 0.642 0.484 
0.255 0.918 1.327 0.585 0.846 0.895 0.853 0.874 
0.230 0.899 0.445 0.846 0.593 0.716 0.632 0.526 
0.251 0.908 0.643 0.754 0.385 0.411 0.347 0.368 
0.231 0.894 0.766 0.718 0.780 0.853 0.853 0.821 
0.202 0.917 0.655 0.759 0.714 0.821 0.747 0.737 
0.209 0.918 0.730 0.728 0.846 0.895 0.853 0.842 
0.231 0.922 0.539 0.815 0.538 0.726 0.579 0.505 
0.233 0.904 0.605 0.749 0.593 0.705 0.632 0.621 
0.234 0.914 0.499 0.821 0.593 0.716 0.621 0.600 
0.228 0.907 0.549 0.795 0.769 0.853 0.842 0.800 
0.235 0.911 0.691 0.744 0.780 0.863 0.895 0.779 
0.261 0.916 0.614 0.764 0.890 0.916 0.916 0.832 
0.203 0.921 0.641 0.764 0.890 0.926 0.863 0.821 
0.211 0.920 0.562 0.790 0.637 0.789 0.695 0.558 
0.190 0.916 0.575 0.821 0.659 0.779 0.695 0.547 
0.186 0.931 0.734 0.733 0.879 0.937 0.905 0.842 
0.201 0.930 0.566 0.790 0.758 0.863 0.789 0.768 
0.244 0.905 0.671 0.764 0.802 0.884 0.789 0.768 
0.222 0.907 0.540 0.779 0.571 0.705 0.600 0.463 
0.191 0.925 0.558 0.790 0.626 0.800 0.737 0.663 
0.219 0.923 0.678 0.759 0.582 0.726 0.642 0.505 
0.213 0.920 0.580 0.805 0.560 0.663 0.579 0.442 
0.207 0.931 0.624 0.790 0.396 0.421 0.442 0.305 
0.274 0.904 0.860 0.723 0.681 0.779 0.705 0.642 
0.256 0.904 1.192 0.621 0.846 0.926 0.937 0.905 
0.223 0.908 0.514 0.785 0.538 0.642 0.558 0.484 
0.204 0.925 0.901 0.703 0.703 0.800 0.779 0.768 
0.225 0.911 0.694 0.764 0.934 0.968 0.926 0.926 
0.215 0.911 0.823 0.703 0.868 0.937 0.947 0.905 
0.173 0.928 0.608 0.800 0.473 0.568 0.558 0.463 
0.179 0.930 0.637 0.759 0.516 0.600 0.589 0.516 
0.183 0.931 0.680 0.779 0.692 0.758 0.695 0.589 
0.206 0.928 0.678 0.759 0.703 0.821 0.789 0.726 
0.199 0.917 0.505 0.795 0.560 0.737 0.663 0.611 
0.179 0.928 0.570 0.790 0.681 0.842 0.747 0.716 
0.188 0.918 0.581 0.805 0.736 0.842 0.779 0.705 
0.181 0.928 0.567 0.815 0.703 0.821 0.716 0.653 
0.208 0.922 0.569 0.831 0.648 0.789 0.716 0.684 
0.199 0.918 0.722 0.764 0.802 0.905 0.842 0.747 
0.228 0.908 0.867 0.692 0.824 0.916 0.863 0.842 
0.198 0.900 0.712 0.738 0.593 0.758 0.705 0.653 
0.237 0.922 0.761 0.733 0.637 0.758 0.747 0.684 
0.258 0.888 0.578 0.821 0.736 0.853 0.821 0.768 
0.203 0.911 0.534 0.790 0.462 0.558 0.516 0.453 
0.224 0.927 0.786 0.744 0.868 0.926 0.905 0.874 
0.199 0.918 0.720 0.764 0.879 0.916 0.842 0.842 
0.234 0.923 0.568 0.815 0.637 0.768 0.695 0.589 
0.257 0.913 0.774 0.749 0.857 0.905 0.874 0.842 
0.186 0.917 0.671 0.728 0.626 0.663 0.642 0.516 
0.196 0.916 0.599 0.779 0.736 0.821 0.789 0.705 
0.222 0.914 0.532 0.810 0.385 0.421 0.484 0.347 
0.267 0.921 0.530 0.795 0.681 0.768 0.811 0.684 
0.287 0.877 0.786 0.754 1.000 0.989 1.000 0.979 
0.265 0.894 0.732 0.759 0.978 0.979 0.937 0.968 
0.180 0.932 0.987 0.687 0.791 0.905 0.821 0.800 
0.175 0.934 0.606 0.774 0.473 0.621 0.537 0.389 
0.192 0.921 0.852 0.723 0.802 0.853 0.832 0.821 
0.187 0.921 0.600 0.821 0.582 0.768 0.674 0.589 
0.203 0.917 0.653 0.754 0.593 0.726 0.663 0.558 
0.196 0.928 0.998 0.662 0.890 0.926 0.937 0.916 
0.210 0.935 0.601 0.785 0.835 0.884 0.842 0.789 
0.222 0.918 0.676 0.759 0.560 0.695 0.611 0.642 
0.187 0.928 0.683 0.754 0.692 0.821 0.800 0.768 
0.193 0.927 0.576 0.759 0.868 0.905 0.874 0.874 
0.201 0.917 0.714 0.728 0.758 0.821 0.737 0.695 
0.219 0.911 0.680 0.769 0.516 0.663 0.600 0.453 
0.192 0.927 1.470 0.621 0.758 0.884 0.895 0.853 
0.187 0.926 0.840 0.723 0.846 0.895 0.926 0.874 
0.182 0.920 0.607 0.769 0.582 0.705 0.653 0.547 
0.200 0.925 0.561 0.785 0.615 0.695 0.663 0.579 
0.217 0.918 0.549 0.774 0.374 0.400 0.442 0.295 
0.211 0.917 0.709 0.738 0.978 0.958 0.968 0.958 
0.189 0.920 0.606 0.785 0.714 0.811 0.758 0.653 
0.201 0.935 0.570 0.800 0.824 0.905 0.874 0.768 
0.165 0.928 0.655 0.795 0.758 0.853 0.800 0.716 
0.188 0.941 0.553 0.795 0.615 0.726 0.684 0.568 
0.166 0.926 0.579 0.790 0.440 0.558 0.547 0.474 
0.163 0.940 0.593 0.790 0.692 0.800 0.737 0.705 
0.193 0.940 0.655 0.764 0.582 0.621 0.632 0.547 
0.190 0.930 0.845 0.692 0.846 0.926 0.916 0.916 
0.168 0.936 0.673 0.779 0.835 0.926 0.863 0.863 
0.144 0.945 0.543 0.826 0.813 0.916 0.842 0.789 
0.150 0.943 0.633 0.779 0.813 0.905 0.842 0.811 
0.138 0.950 0.547 0.785 0.780 0.884 0.821 0.768 
0.150 0.940 0.618 0.790 0.769 0.905 0.832 0.737 
0.169 0.945 0.670 0.790 0.670 0.737 0.705 0.600 
0.254 0.916 0.538 0.795 0.813 0.895 0.853 0.811 
0.256 0.908 0.946 0.703 0.736 0.842 0.842 0.789 
0.171 0.927 1.196 0.651 0.890 0.926 0.947 0.905 
0.148 0.940 0.627 0.836 0.604 0.800 0.716 0.642 
0.189 0.940 0.654 0.821 0.670 0.832 0.737 0.705 
0.148 0.943 1.026 0.662 0.813 0.905 0.895 0.863 
0.166 0.949 0.916 0.718 0.736 0.789 0.758 0.726 
0.165 0.935 0.799 0.723 0.670 0.716 0.726 0.653 
0.149 0.937 0.611 0.790 0.626 0.684 0.705 0.600 
0.203 0.946 0.695 0.795 0.615 0.632 0.653 0.516 
0.184 0.922 2.010 0.559 0.967 0.979 0.958 0.989 
0.172 0.931 0.911 0.718 0.725 0.853 0.789 0.747 
0.147 0.946 0.726 0.749 0.824 0.884 0.905 0.853 
0.151 0.945 0.562 0.800 0.846 0.926 0.895 0.779 
0.152 0.944 0.597 0.810 0.846 0.926 0.874 0.779 
0.162 0.934 0.769 0.769 0.989 1.000 0.968 0.979 
0.159 0.935 0.984 0.697 0.923 0.968 0.937 0.916 
0.145 0.945 0.580 0.795 0.802 0.905 0.832 0.779 
0.211 0.941 0.659 0.790 0.626 0.768 0.674 0.526 
0.248 0.922 0.803 0.738 0.802 0.916 0.884 0.832 
0.177 0.928 0.605 0.769 0.758 0.895 0.842 0.705 
0.138 0.948 0.992 0.703 0.604 0.737 0.726 0.632 
0.149 0.951 0.575 0.810 0.440 0.526 0.579 0.442 
0.130 0.951 0.692 0.795 0.451 0.495 0.568 0.442 
0.140 0.951 0.608 0.800 0.670 0.789 0.726 0.684 
0.155 0.949 0.665 0.810 0.890 0.926 0.926 0.905 
0.184 0.945 0.601 0.805 0.890 0.947 0.937 0.863 
0.169 0.943 0.582 0.800 0.857 0.905 0.916 0.789 
0.171 0.937 0.530 0.785 0.846 0.937 0.874 0.747 
0.166 0.926 0.564 0.821 0.670 0.758 0.684 0.589 
0.171 0.953 0.646 0.800 0.780 0.863 0.863 0.789 
0.169 0.922 0.561 0.836 0.593 0.747 0.705 0.632 
0.160 0.950 0.654 0.795 0.802 0.916 0.884 0.800 
0.219 0.953 0.821 0.759 0.912 0.937 0.947 0.905 
0.190 0.922 0.955 0.733 0.978 0.989 0.979 0.979 
0.170 0.936 0.624 0.795 0.637 0.674 0.663 0.516 
0.196 0.935 0.805 0.744 0.923 0.937 0.947 0.874 
0.225 0.903 0.708 0.764 0.934 0.926 0.947 0.947 
0.176 0.939 0.626 0.810 0.912 0.937 0.947 0.937 
0.145 0.940 0.663 0.723 0.747 0.863 0.789 0.684 
0.144 0.951 0.577 0.800 0.681 0.821 0.726 0.600 
0.145 0.937 0.710 0.779 0.846 0.926 0.905 0.874 
0.140 0.946 0.691 0.774 0.824 0.926 0.905 0.853 
0.145 0.944 0.981 0.692 0.835 0.926 0.926 0.874 
0.133 0.951 0.756 0.738 0.857 0.937 0.937 0.905 
0.130 0.950 0.610 0.805 0.780 0.916 0.853 0.789 
0.154 0.944 0.716 0.744 0.769 0.874 0.800 0.747 
0.175 0.937 0.688 0.754 0.626 0.705 0.663 0.579 
0.166 0.941 1.055 0.677 0.978 0.968 0.989 0.989 
0.323 0.939 0.616 0.774 0.560 0.747 0.632 0.568 
0.246 0.912 0.651 0.774 0.484 0.600 0.516 0.379 
0.167 0.925 1.413 0.626 1.000 1.000 0.989 0.979 
0.158 0.937 0.979 0.687 1.000 1.000 0.989 0.989 
0.140 0.948 0.893 0.728 0.934 0.937 0.979 0.937 
0.168 0.945 0.603 0.831 0.956 0.937 0.968 0.958 
0.239 0.903 0.572 0.805 0.967 0.958 0.979 0.958 
0.293 0.900 0.702 0.779 0.879 0.937 0.905 0.789 
0.242 0.922 1.281 0.636 0.978 0.979 0.979 0.947 
0.214 0.923 0.578 0.805 0.901 0.905 0.916 0.842 
0.213 0.916 0.704 0.790 0.813 0.884 0.895 0.811 
0.158 0.946 0.570 0.785 0.582 0.726 0.632 0.589 
0.154 0.939 0.637 0.754 0.791 0.874 0.800 0.789 
0.129 0.950 0.564 0.815 0.714 0.811 0.758 0.747 
0.169 0.943 0.769 0.769 0.604 0.684 0.611 0.516 
0.164 0.935 0.778 0.733 0.736 0.842 0.832 0.832 
0.151 0.948 0.610 0.805 0.692 0.811 0.758 0.737 
0.158 0.932 0.651 0.805 0.670 0.811 0.768 0.695 
0.147 0.951 0.588 0.805 0.626 0.747 0.695 0.621 
0.146 0.951 0.614 0.800 0.747 0.874 0.821 0.821 
0.146 0.946 0.614 0.774 0.571 0.747 0.684 0.632 
0.167 0.954 0.787 0.749 0.758 0.863 0.832 0.779 
0.160 0.939 0.771 0.764 0.846 0.926 0.895 0.863 
0.159 0.941 0.575 0.790 0.758 0.863 0.821 0.737 
0.132 0.949 0.584 0.785 0.769 0.884 0.800 0.747 
0.160 0.953 0.534 0.826 0.637 0.726 0.663 0.600 
0.213 0.918 0.601 0.779 0.451 0.516 0.568 0.463 
0.204 0.935 0.856 0.728 0.791 0.863 0.800 0.800 
0.270 0.904 0.648 0.779 0.725 0.779 0.716 0.642 
0.218 0.904 1.576 0.621 1.000 0.989 1.000 1.000 
0.174 0.932 0.875 0.749 0.945 0.937 0.968 0.958 
0.157 0.948 0.714 0.800 0.835 0.926 0.895 0.832 
0.166 0.936 0.667 0.779 0.769 0.905 0.874 0.768 
0.139 0.943 0.715 0.744 0.769 0.874 0.874 0.842 
0.147 0.948 0.620 0.759 0.582 0.642 0.579 0.516 
0.156 0.941 0.730 0.749 0.495 0.600 0.558 0.463 
0.150 0.946 0.670 0.815 0.835 0.905 0.853 0.811 
0.158 0.939 0.561 0.836 0.747 0.863 0.800 0.758 
0.161 0.951 0.891 0.744 0.934 0.947 0.968 0.926 
0.119 0.958 0.610 0.800 0.791 0.895 0.863 0.789 
0.152 0.962 0.533 0.826 0.736 0.832 0.800 0.747 
0.152 0.946 0.562 0.800 0.846 0.916 0.926 0.863 
0.121 0.948 0.776 0.779 0.923 0.937 0.947 0.926 
0.139 0.959 0.654 0.810 0.703 0.800 0.779 0.705 
0.222 0.957 0.712 0.785 0.692 0.779 0.758 0.674 
0.260 0.918 0.776 0.774 0.571 0.758 0.716 0.653 
0.170 0.935 0.968 0.738 0.989 1.000 0.989 0.979 
0.142 0.946 0.638 0.800 0.857 0.905 0.905 0.842 
0.130 0.963 0.546 0.805 0.791 0.905 0.853 0.768 
0.142 0.959 0.538 0.805 0.582 0.737 0.705 0.653 
0.152 0.945 0.559 0.815 0.648 0.747 0.726 0.632 
0.147 0.953 0.872 0.733 0.813 0.916 0.895 0.842 
0.193 0.928 0.779 0.790 0.989 0.989 0.979 0.979 
0.167 0.946 0.643 0.795 0.901 0.947 0.958 0.916 
0.121 0.957 0.662 0.795 0.813 0.926 0.937 0.853 
0.136 0.966 0.599 0.800 0.824 0.916 0.863 0.832 
0.133 0.962 0.586 0.815 0.846 0.926 0.937 0.884 
0.123 0.960 0.567 0.800 0.846 0.926 0.905 0.832 
0.120 0.958 0.756 0.785 0.879 0.937 0.937 0.863 
0.111 0.963 0.839 0.744 0.912 0.937 0.968 0.895 
0.107 0.962 0.559 0.826 0.736 0.874 0.779 0.705 
0.147 0.966 0.603 0.826 0.813 0.926 0.874 0.789 
0.215 0.943 0.681 0.805 0.813 0.926 0.905 0.853 
0.203 0.935 0.592 0.790 0.637 0.800 0.789 0.674 
0.159 0.945 0.728 0.785 0.747 0.874 0.842 0.768 
0.126 0.957 0.758 0.744 0.736 0.874 0.832 0.789 
0.105 0.966 0.594 0.805 0.560 0.705 0.642 0.547 
0.127 0.959 0.589 0.846 0.703 0.821 0.768 0.674 
0.120 0.964 0.607 0.805 0.791 0.895 0.853 0.811 
0.119 0.960 0.584 0.815 0.681 0.768 0.737 0.632 
0.133 0.964 0.654 0.779 0.747 0.874 0.832 0.758 
0.133 0.955 0.657 0.790 0.813 0.905 0.895 0.832 
0.114 0.959 0.654 0.785 0.868 0.926 0.926 0.863 
0.105 0.958 0.576 0.831 0.714 0.789 0.800 0.705 
0.110 0.963 0.680 0.790 0.725 0.811 0.779 0.705 
0.106 0.960 0.717 0.795 0.725 0.853 0.832 0.758 
0.159 0.966 0.738 0.785 0.824 0.916 0.895 0.832 
0.124 0.960 0.696 0.779 0.802 0.905 0.863 0.811 
0.155 0.957 0.662 0.815 0.692 0.789 0.779 0.695 
0.156 0.950 0.574 0.800 0.912 0.937 0.968 0.916 
0.146 0.937 0.714 0.759 0.835 0.905 0.853 0.758 
0.122 0.960 0.626 0.815 0.945 0.937 0.979 0.947 
0.125 0.960 0.650 0.785 0.901 0.937 0.968 0.884 
0.125 0.954 0.702 0.790 0.714 0.811 0.789 0.663 
0.125 0.964 0.773 0.759 0.769 0.905 0.874 0.779 
0.106 0.960 0.767 0.774 0.835 0.916 0.926 0.842 
0.100 0.967 0.568 0.826 0.780 0.905 0.863 0.716 
0.153 0.962 0.580 0.815 0.802 0.905 0.916 0.811 
0.168 0.945 0.971 0.744 0.934 0.937 0.968 0.874 
0.127 0.960 0.937 0.759 0.989 0.979 0.979 0.979 
0.118 0.963 0.638 0.790 0.879 0.926 0.937 0.863 
0.142 0.955 0.924 0.728 0.923 0.937 0.968 0.916 
0.105 0.967 0.735 0.795 0.791 0.895 0.884 0.747 
0.113 0.964 0.630 0.805 0.736 0.811 0.768 0.695 
0.092 0.963 0.757 0.774 0.736 0.789 0.758 0.705 
0.103 0.967 0.699 0.795 0.758 0.874 0.821 0.737 
0.111 0.968 0.679 0.785 0.736 0.842 0.811 0.747 
0.155 0.953 1.145 0.703 0.791 0.895 0.874 0.884 
0.143 0.941 0.680 0.805 0.758 0.874 0.853 0.779 
0.114 0.968 0.604 0.826 0.637 0.747 0.684 0.589 
0.159 0.954 0.595 0.826 0.670 0.789 0.726 0.674 
0.148 0.940 0.760 0.795 0.714 0.842 0.789 0.663 
0.113 0.945 0.658 0.821 0.681 0.832 0.768 0.653 
0.124 0.968 0.779 0.790 0.780 0.895 0.884 0.789 
0.134 0.954 0.790 0.779 0.725 0.821 0.758 0.663 
0.146 0.951 0.655 0.800 0.747 0.842 0.811 0.737 
0.130 0.955 0.797 0.805 0.934 0.937 0.958 0.884 
0.124 0.960 0.854 0.769 0.923 0.937 0.979 0.926 
0.117 0.957 0.656 0.810 0.703 0.800 0.779 0.684 
0.159 0.944 0.678 0.805 0.813 0.905 0.916 0.842 
0.139 0.955 0.638 0.790 1.000 0.979 0.979 0.979 
0.123 0.946 0.780 0.779 0.901 0.937 0.947 0.853 
0.162 0.953 0.824 0.769 0.901 0.937 0.937 0.842 
0.142 0.948 0.766 0.769 0.670 0.768 0.716 0.589 
0.132 0.951 0.786 0.754 0.780 0.895 0.863 0.800 
0.105 0.959 0.711 0.795 0.912 0.937 0.926 0.884 
0.096 0.967 0.650 0.790 0.846 0.926 0.958 0.811 
0.111 0.960 0.696 0.815 0.769 0.884 0.853 0.758 
0.095 0.969 0.620 0.800 0.714 0.874 0.821 0.747 
0.116 0.971 0.661 0.790 0.835 0.916 0.916 0.832 
0.129 0.949 0.702 0.795 0.945 0.937 0.968 0.916 
0.152 0.958 0.690 0.810 0.890 0.937 0.958 0.832 
0.138 0.945 1.061 0.687 0.538 0.558 0.537 0.411 
0.151 0.941 0.664 0.815 0.527 0.621 0.600 0.463 
0.116 0.960 0.653 0.795 0.659 0.811 0.789 0.684 
0.116 0.944 0.995 0.723 0.791 0.895 0.905 0.853 
0.115 0.957 0.779 0.774 0.802 0.905 0.937 0.853 
0.114 0.967 0.694 0.800 0.703 0.832 0.768 0.695 
0.132 0.960 0.801 0.785 0.912 0.937 0.968 0.884 
0.165 0.963 0.603 0.805 0.868 0.937 0.968 0.874 
0.102 0.964 0.591 0.805 0.923 0.937 0.968 0.926 
0.095 0.972 0.690 0.795 0.802 0.905 0.884 0.779 
0.095 0.958 0.699 0.800 0.747 0.863 0.821 0.726 
0.099 0.959 0.564 0.815 0.758 0.874 0.811 0.705 
0.098 0.967 0.672 0.779 0.725 0.853 0.811 0.737 
0.105 0.953 0.605 0.795 0.747 0.884 0.842 0.747 
0.105 0.969 0.692 0.800 0.813 0.916 0.937 0.811 
0.097 0.971 0.690 0.805 0.857 0.926 0.947 0.821 
0.111 0.968 0.606 0.800 0.857 0.937 0.926 0.800 
0.131 0.969 0.608 0.810 0.868 0.916 0.905 0.811 
0.130 0.964 0.802 0.749 0.890 0.926 0.926 0.895 
0.115 0.960 0.671 0.764 0.978 0.968 0.968 0.958 
0.116 0.951 0.565 0.815 0.714 0.800 0.747 0.621 
0.110 0.963 0.650 0.815 0.769 0.884 0.811 0.747 
0.105 0.972 0.617 0.805 0.934 0.937 0.968 0.905 
0.096 0.963 0.692 0.785 0.901 0.937 0.947 0.884 
0.115 0.967 0.759 0.769 0.956 0.937 0.979 0.979 
0.114 0.973 0.696 0.785 0.912 0.926 0.926 0.821 
0.098 0.959 0.835 0.769 0.890 0.916 0.979 0.884 
0.118 0.971 0.783 0.800 0.967 0.937 0.979 0.958 
0.133 0.959 0.575 0.800 0.901 0.916 0.937 0.832 
0.119 0.958 0.803 0.785 0.923 0.926 0.905 0.863 
0.096 0.969 0.673 0.785 0.956 0.937 0.968 0.916 
0.135 0.972 0.773 0.805 0.912 0.926 0.958 0.842 
0.100 0.968 0.547 0.815 0.835 0.916 0.884 0.789 
0.096 0.964 0.771 0.785 0.868 0.926 0.937 0.874 
0.109 0.972 0.659 0.800 0.824 0.916 0.947 0.821 
0.124 0.960 0.608 0.836 0.626 0.779 0.726 0.653 
0.112 0.960 0.892 0.733 0.879 0.926 0.958 0.874 
0.093 0.966 0.690 0.769 0.758 0.863 0.832 0.758 
0.102 0.968 0.640 0.805 0.780 0.895 0.874 0.800 
0.109 0.962 0.672 0.805 0.802 0.916 0.937 0.832 
0.098 0.976 0.673 0.815 0.857 0.916 0.947 0.842 
0.125 0.955 0.675 0.800 0.956 0.937 0.979 0.937 
0.103 0.950 0.596 0.815 0.791 0.895 0.884 0.789 
0.148 0.963 0.734 0.790 0.813 0.916 0.926 0.853 
0.094 0.971 0.630 0.821 0.780 0.905 0.895 0.811 
0.101 0.971 0.683 0.790 0.857 0.926 0.958 0.884 
0.091 0.963 0.808 0.779 0.824 0.905 0.937 0.842 
0.107 0.976 0.830 0.759 0.824 0.926 0.926 0.853 
0.129 0.968 0.997 0.754 0.824 0.916 0.905 0.863 
0.121 0.962 0.605 0.815 0.681 0.821 0.800 0.705 
0.095 0.973 0.704 0.795 0.901 0.937 0.958 0.874 
0.102 0.959 0.752 0.800 0.802 0.905 0.884 0.821 
0.090 0.960 0.705 0.800 0.802 0.916 0.884 0.821 
0.094 0.963 0.632 0.795 0.802 0.905 0.905 0.832 
0.106 0.967 0.675 0.815 0.659 0.821 0.768 0.674 
0.095 0.960 0.644 0.821 0.670 0.789 0.758 0.663 
0.095 0.967 0.731 0.790 0.802 0.916 0.905 0.832 
0.078 0.974 0.678 0.815 0.725 0.842 0.821 0.737 
0.120 0.968 0.660 0.831 0.714 0.811 0.821 0.716 
0.107 0.955 0.697 0.774 0.769 0.884 0.884 0.832 
0.092 0.967 0.750 0.800 0.758 0.895 0.874 0.800 
0.078 0.972 0.770 0.779 0.802 0.905 0.905 0.863 
0.121 0.968 0.874 0.754 0.912 0.937 0.968 0.926 
0.092 0.972 0.718 0.800 0.747 0.895 0.884 0.811 
0.120 0.964 0.578 0.826 0.659 0.811 0.779 0.632 
0.115 0.966 0.889 0.749 0.890 0.947 0.947 0.926 
0.117 0.960 0.715 0.785 0.648 0.800 0.768 0.632 
0.132 0.949 0.678 0.795 0.769 0.895 0.853 0.800 
0.114 0.960 1.050 0.728 0.978 0.989 0.979 0.968 
0.085 0.969 0.850 0.790 0.967 0.947 0.979 0.979 
0.084 0.972 0.589 0.826 0.791 0.916 0.916 0.821 
0.093 0.971 0.644 0.821 0.780 0.905 0.916 0.821 
0.097 0.967 0.720 0.815 0.846 0.905 0.937 0.863 
0.144 0.963 0.704 0.821 0.725 0.905 0.874 0.821 
0.108 0.963 0.668 0.805 0.802 0.916 0.905 0.884 
0.121 0.957 0.883 0.779 0.879 0.926 0.937 0.884 
0.109 0.962 0.813 0.759 0.802 0.916 0.895 0.863 
0.094 0.973 0.731 0.795 0.725 0.863 0.853 0.705 
0.101 0.972 0.698 0.790 0.681 0.747 0.695 0.579 
0.101 0.971 0.824 0.754 0.802 0.895 0.884 0.842 
0.146 0.962 0.742 0.785 0.857 0.926 0.926 0.884 
0.117 0.962 0.652 0.826 0.780 0.926 0.884 0.779 
0.090 0.981 0.777 0.785 0.846 0.926 0.905 0.853 
0.088 0.964 0.659 0.800 0.703 0.832 0.821 0.695 
0.078 0.974 0.663 0.810 0.681 0.821 0.768 0.674 
0.087 0.976 0.631 0.800 0.692 0.832 0.821 0.684 
0.156 0.962 0.684 0.795 0.824 0.926 0.895 0.842 
0.180 0.937 0.816 0.774 0.978 0.968 0.979 0.958 
0.114 0.963 0.621 0.785 0.604 0.684 0.632 0.526 
0.126 0.966 0.905 0.759 0.791 0.905 0.905 0.842 
0.152 0.948 0.996 0.769 0.967 0.947 0.968 0.968 
0.105 0.969 0.858 0.759 0.835 0.926 0.916 0.874 
0.115 0.977 0.745 0.790 0.637 0.768 0.747 0.632 
0.092 0.972 0.711 0.795 0.714 0.821 0.800 0.716 
0.086 0.973 0.943 0.769 0.879 0.926 0.926 0.947 
0.076 0.978 0.627 0.821 0.813 0.905 0.926 0.821 
0.086 0.978 0.622 0.821 0.780 0.905 0.895 0.800 
0.086 0.974 0.588 0.795 0.802 0.905 0.884 0.832 
0.102 0.974 0.712 0.779 0.692 0.832 0.789 0.684 
0.079 0.969 0.681 0.805 0.626 0.758 0.747 0.611 
0.077 0.980 0.686 0.810 0.648 0.737 0.747 0.642 
0.151 0.963 0.659 0.815 0.692 0.789 0.779 0.716 
0.095 0.973 0.661 0.810 0.637 0.747 0.726 0.621 
0.118 0.960 0.795 0.790 0.692 0.811 0.768 0.716 
0.088 0.971 0.713 0.810 0.769 0.884 0.863 0.811 
0.103 0.972 0.819 0.790 0.758 0.895 0.884 0.832 
0.090 0.967 0.746 0.785 0.780 0.884 0.926 0.811 
0.084 0.966 0.659 0.815 0.571 0.726 0.663 0.611 
0.102 0.966 0.800 0.805 0.604 0.726 0.663 0.600 
0.085 0.976 0.955 0.774 0.637 0.695 0.674 0.621 
0.086 0.973 0.743 0.810 0.593 0.726 0.674 0.589 
0.082 0.978 0.874 0.769 0.692 0.821 0.821 0.789 
0.103 0.976 0.665 0.805 0.681 0.779 0.789 0.716 
0.077 0.972 0.722 0.779 0.516 0.663 0.621 0.463 
0.133 0.973 0.630 0.810 0.692 0.811 0.779 0.716 
0.096 0.972 0.678 0.779 0.681 0.716 0.737 0.642 
0.136 0.972 0.758 0.785 0.692 0.811 0.821 0.800 
0.085 0.978 0.690 0.795 0.780 0.905 0.895 0.884 
0.126 0.974 0.702 0.790 0.813 0.895 0.916 0.863 
0.085 0.967 0.671 0.810 0.846 0.937 0.968 0.895 
0.099 0.974 0.695 0.795 0.802 0.905 0.926 0.853 
0.141 0.968 0.921 0.769 0.923 0.937 0.958 0.937 
0.118 0.968 0.676 0.826 0.813 0.916 0.884 0.821 
0.099 0.968 0.724 0.800 0.615 0.737 0.726 0.642 
0.123 0.974 0.735 0.815 0.780 0.905 0.926 0.874 
0.108 0.971 0.685 0.800 0.670 0.768 0.747 0.695 
0.154 0.973 0.740 0.821 0.670 0.758 0.768 0.705 
0.088 0.971 0.867 0.769 0.802 0.905 0.916 0.874 
0.070 0.976 0.607 0.790 0.725 0.853 0.863 0.811 
0.095 0.977 0.692 0.785 0.791 0.895 0.916 0.842 
0.080 0.973 0.735 0.774 0.857 0.926 0.968 0.937 
0.085 0.973 0.725 0.826 0.692 0.811 0.768 0.705 
0.116 0.967 0.658 0.826 0.626 0.800 0.716 0.653 
0.081 0.974 0.763 0.774 0.780 0.874 0.937 0.863 
0.089 0.976 0.754 0.805 0.747 0.874 0.853 0.811 
0.114 0.963 0.799 0.785 0.791 0.874 0.926 0.863 
0.097 0.969 1.013 0.744 0.956 0.937 0.979 0.968 
0.213 0.973 0.915 0.769 0.747 0.832 0.863 0.821 
0.107 0.950 1.006 0.785 0.747 0.842 0.853 0.779 
0.142 0.972 0.969 0.754 0.824 0.905 0.958 0.874 
0.087 0.972 0.724 0.779 0.857 0.905 0.958 0.884 
0.082 0.973 0.646 0.815 0.714 0.832 0.832 0.737 
0.080 0.981 0.618 0.821 0.626 0.758 0.737 0.684 
0.071 0.986 0.693 0.815 0.626 0.768 0.737 0.695 
0.189 0.972 0.745 0.805 0.769 0.884 0.905 0.842 
0.101 0.957 0.780 0.759 0.681 0.821 0.800 0.695 
0.095 0.974 0.696 0.805 0.637 0.811 0.789 0.705 
0.072 0.982 0.747 0.800 0.758 0.874 0.884 0.800 
0.080 0.977 0.789 0.795 0.758 0.874 0.884 0.842 
0.105 0.971 0.967 0.769 0.736 0.842 0.853 0.842 
0.105 0.971 0.682 0.790 0.813 0.916 0.926 0.895 
0.087 0.974 0.652 0.795 0.659 0.779 0.811 0.726 
0.094 0.974 0.611 0.821 0.681 0.800 0.821 0.726 
0.124 0.966 0.733 0.810 0.769 0.874 0.916 0.832 
0.085 0.977 0.881 0.779 0.769 0.884 0.916 0.874 
0.079 0.969 0.765 0.779 0.758 0.895 0.916 0.821 
0.093 0.973 0.706 0.805 0.769 0.884 0.905 0.821 
0.089 0.976 0.872 0.779 0.890 0.937 0.979 0.937 
0.115 0.977 0.879 0.764 0.857 0.926 0.979 0.926 
0.123 0.963 0.706 0.779 0.846 0.916 0.979 0.884 
0.094 0.967 0.705 0.815 0.681 0.779 0.800 0.684 
0.095 0.969 0.714 0.785 0.703 0.789 0.789 0.726 
0.089 0.971 0.773 0.785 0.736 0.821 0.842 0.789 
0.093 0.974 0.837 0.774 0.791 0.874 0.905 0.863 
0.079 0.973 0.948 0.749 0.824 0.916 0.916 0.874 
0.082 0.976 0.792 0.795 0.802 0.905 0.905 0.842 
0.087 0.973 0.823 0.785 0.791 0.905 0.916 0.842 
0.069 0.978 0.687 0.785 0.736 0.832 0.821 0.758 
0.083 0.983 0.794 0.795 0.714 0.800 0.811 0.768 
0.073 0.980 0.815 0.759 0.736 0.811 0.832 0.811 
0.087 0.982 0.851 0.754 0.747 0.853 0.895 0.842 
0.091 0.976 0.812 0.800 0.626 0.758 0.716 0.674 
0.113 0.977 0.777 0.800 0.648 0.768 0.726 0.705 
0.068 0.982 0.732 0.815 0.780 0.874 0.947 0.853 
0.085 0.969 0.691 0.795 0.769 0.884 0.905 0.832 
0.120 0.969 0.877 0.774 0.758 0.853 0.853 0.821 
0.095 0.968 0.638 0.810 0.725 0.800 0.800 0.768 
0.098 0.977 0.631 0.821 0.626 0.758 0.716 0.653 
0.101 0.973 0.656 0.810 0.758 0.874 0.905 0.863 
0.089 0.973 0.679 0.810 0.692 0.811 0.811 0.726 
0.106 0.969 0.694 0.826 0.615 0.758 0.726 0.653 
0.072 0.972 0.628 0.826 0.615 0.726 0.695 0.642 
0.091 0.978 0.667 0.826 0.703 0.779 0.789 0.726 
0.136 0.977 0.631 0.836 0.648 0.758 0.758 0.684 
0.122 0.966 0.711 0.805 0.505 0.611 0.611 0.558 
0.084 0.967 0.761 0.805 0.769 0.821 0.863 0.821 
0.072 0.972 0.716 0.815 0.692 0.789 0.758 0.695 
0.084 0.968 0.709 0.805 0.747 0.874 0.874 0.821 
0.081 0.971 0.638 0.815 0.582 0.716 0.684 0.589 
0.094 0.974 0.614 0.826 0.692 0.779 0.726 0.674 
0.098 0.972 0.779 0.815 0.758 0.863 0.884 0.800 
0.171 0.967 0.716 0.815 0.725 0.832 0.811 0.716 
0.097 0.977 1.048 0.749 0.846 0.916 0.968 0.905 
0.085 0.978 0.843 0.764 0.791 0.895 0.905 0.842 
0.087 0.976 0.794 0.805 0.769 0.884 0.842 0.789 
0.103 0.972 0.628 0.805 0.780 0.905 0.916 0.821 
0.077 0.978 0.684 0.826 0.703 0.811 0.779 0.726 
0.079 0.971 0.703 0.805 0.637 0.674 0.674 0.568 
0.071 0.987 0.681 0.831 0.681 0.779 0.768 0.684 
0.078 0.974 0.593 0.810 0.615 0.726 0.705 0.611 
0.075 0.973 0.709 0.795 0.736 0.863 0.853 0.800 
0.109 0.982 0.735 0.800 0.736 0.863 0.863 0.811 
0.089 0.968 0.716 0.764 0.681 0.779 0.811 0.653 
0.067 0.980 0.654 0.831 0.703 0.821 0.821 0.705 
0.087 0.972 0.770 0.785 0.747 0.874 0.863 0.821 
0.093 0.977 0.655 0.800 0.747 0.842 0.853 0.800 
0.074 0.976 0.681 0.815 0.703 0.832 0.874 0.800 
0.065 0.983 0.736 0.790 0.758 0.874 0.884 0.832 
0.065 0.982 0.700 0.810 0.736 0.863 0.863 0.800 
0.128 0.977 0.725 0.785 0.769 0.884 0.905 0.832 
0.085 0.973 0.810 0.800 0.747 0.842 0.811 0.768 
0.086 0.980 0.847 0.826 0.637 0.758 0.737 0.642 
0.185 0.971 0.792 0.774 0.714 0.811 0.821 0.747 
0.114 0.973 1.448 0.672 0.824 0.895 0.937 0.895 
0.080 0.972 0.984 0.759 0.747 0.821 0.853 0.811 
0.072 0.981 0.846 0.774 0.714 0.779 0.811 0.758 
0.102 0.983 0.917 0.774 0.758 0.842 0.874 0.800 
0.071 0.983 0.772 0.785 0.703 0.811 0.789 0.747 
0.079 0.985 0.640 0.810 0.692 0.747 0.758 0.716 
0.067 0.981 0.634 0.795 0.736 0.842 0.853 0.789 
0.114 0.987 0.700 0.821 0.703 0.811 0.811 0.726 
0.120 0.974 0.695 0.805 0.659 0.768 0.758 0.674 
0.074 0.980 0.850 0.795 0.791 0.895 0.916 0.853 
0.094 0.981 0.716 0.810 0.736 0.853 0.863 0.779 
0.120 0.978 0.665 0.821 0.692 0.800 0.811 0.758 
0.068 0.980 0.687 0.831 0.604 0.705 0.674 0.632 
0.062 0.986 0.654 0.800 0.692 0.811 0.800 0.758 
0.068 0.978 0.649 0.821 0.692 0.800 0.789 0.747 
0.068 0.983 0.703 0.795 0.802 0.895 0.937 0.874 
0.081 0.982 0.675 0.800 0.802 0.895 0.937 0.874 
0.074 0.973 0.772 0.815 0.769 0.874 0.874 0.821 
0.087 0.978 0.642 0.821 0.714 0.832 0.853 0.789 
0.073 0.977 0.737 0.785 0.824 0.884 0.958 0.884 
0.061 0.980 0.693 0.815 0.736 0.832 0.842 0.768 
0.066 0.982 0.673 0.815 0.714 0.832 0.832 0.768 
0.096 0.980 0.655 0.821 0.703 0.789 0.779 0.716 
0.078 0.976 0.759 0.805 0.571 0.758 0.695 0.621 
0.086 0.978 0.778 0.815 0.758 0.874 0.905 0.842 
0.064 0.978 0.681 0.821 0.626 0.758 0.768 0.674 
0.082 0.978 0.707 0.831 0.703 0.821 0.811 0.768 
0.129 0.982 0.630 0.836 0.736 0.842 0.842 0.789 
0.068 0.978 0.728 0.805 0.791 0.895 0.947 0.905 
0.055 0.982 0.648 0.841 0.659 0.800 0.779 0.747 
0.094 0.977 0.654 0.831 0.670 0.789 0.768 0.726 
0.071 0.978 0.806 0.785 0.747 0.853 0.832 0.789 
0.062 0.978 0.688 0.831 0.692 0.789 0.779 0.737 
0.058 0.982 0.662 0.836 0.692 0.789 0.779 0.716 
0.091 0.973 0.800 0.841 0.681 0.789 0.789 0.726 
0.096 0.971 0.704 0.805 0.670 0.832 0.821 0.747 
0.076 0.969 0.710 0.774 0.648 0.768 0.789 0.621 
0.059 0.983 0.692 0.815 0.648 0.768 0.800 0.674 
0.109 0.977 0.697 0.836 0.659 0.758 0.789 0.684 
0.076 0.976 0.686 0.836 0.637 0.758 0.779 0.684 
0.078 0.974 0.661 0.841 0.626 0.726 0.758 0.674 
0.064 0.977 0.670 0.810 0.681 0.789 0.811 0.747 
0.161 0.974 0.717 0.805 0.659 0.726 0.737 0.674 
0.082 0.978 1.276 0.703 0.725 0.800 0.863 0.853 
0.071 0.978 0.887 0.785 0.714 0.832 0.853 0.821 
0.073 0.983 0.707 0.805 0.703 0.821 0.821 0.800 
0.059 0.983 0.691 0.821 0.714 0.821 0.821 0.779 
0.098 0.972 0.745 0.821 0.692 0.789 0.811 0.758 
0.094 0.969 0.783 0.810 0.681 0.768 0.779 0.737 
0.075 0.977 0.718 0.805 0.747 0.842 0.863 0.832 
0.082 0.982 0.756 0.810 0.681 0.789 0.789 0.758 
0.072 0.976 0.691 0.831 0.549 0.726 0.663 0.621 
0.068 0.982 0.798 0.779 0.769 0.874 0.853 0.842 
0.078 0.977 0.890 0.779 0.813 0.895 0.947 0.874 
0.077 0.976 0.921 0.785 0.824 0.916 0.968 0.916 
0.072 0.976 0.774 0.815 0.780 0.863 0.863 0.832 
0.078 0.973 0.729 0.810 0.681 0.726 0.726 0.653 
0.065 0.985 0.658 0.810 0.736 0.853 0.853 0.821 
0.090 0.978 0.810 0.810 0.758 0.863 0.884 0.842 
0.068 0.977 0.694 0.815 0.780 0.863 0.916 0.832 
0.137 0.981 0.685 0.815 0.736 0.832 0.832 0.779 
0.069 0.977 0.743 0.815 0.725 0.821 0.821 0.800 
0.096 0.982 0.698 0.805 0.681 0.779 0.789 0.716 
0.072 0.978 0.745 0.769 0.582 0.663 0.663 0.611 
0.088 0.981 0.685 0.831 0.659 0.737 0.747 0.695 
0.100 0.977 0.687 0.821 0.681 0.789 0.821 0.789 
0.064 0.985 0.751 0.800 0.802 0.884 0.947 0.916 
0.063 0.977 0.679 0.826 0.681 0.737 0.737 0.716 
0.068 0.982 0.652 0.846 0.681 0.747 0.758 0.726 
0.067 0.986 0.649 0.826 0.692 0.789 0.800 0.811 
0.068 0.981 0.685 0.810 0.703 0.811 0.853 0.821 
0.100 0.974 0.786 0.785 0.725 0.842 0.874 0.842 
0.079 0.978 0.809 0.785 0.835 0.884 0.937 0.905 
0.089 0.980 0.785 0.790 0.802 0.884 0.937 0.895 
0.117 0.973 0.832 0.774 0.901 0.926 0.979 0.916 
0.143 0.978 0.835 0.800 0.813 0.884 0.947 0.884 
0.072 0.978 0.774 0.810 0.747 0.842 0.842 0.779 
0.058 0.982 0.674 0.805 0.648 0.758 0.747 0.684 
0.076 0.982 0.726 0.846 0.725 0.821 0.842 0.747 
0.083 0.974 0.755 0.785 0.802 0.884 0.926 0.863 
0.107 0.980 0.687 0.795 0.769 0.863 0.874 0.821 
0.072 0.983 0.699 0.805 0.747 0.853 0.832 0.768 
0.067 0.986 0.721 0.805 0.681 0.779 0.800 0.737 
0.068 0.981 0.704 0.810 0.725 0.800 0.832 0.768 
0.134 0.980 0.808 0.800 0.758 0.863 0.916 0.863 
0.092 0.969 0.904 0.790 0.714 0.811 0.821 0.779 
0.079 0.978 0.970 0.769 0.769 0.821 0.853 0.842 
0.068 0.980 0.711 0.795 0.747 0.853 0.853 0.811 
0.070 0.985 0.678 0.826 0.626 0.716 0.674 0.642 
0.110 0.981 0.720 0.795 0.648 0.747 0.705 0.674 
0.055 0.987 1.116 0.769 0.747 0.821 0.832 0.821 
0.091 0.985 0.771 0.821 0.615 0.758 0.695 0.684 
0.113 0.981 0.643 0.826 0.549 0.695 0.653 0.611 
0.067 0.981 0.829 0.800 0.604 0.737 0.737 0.716 
0.064 0.987 0.751 0.821 0.637 0.726 0.737 0.695 
0.064 0.987 0.689 0.821 0.615 0.705 0.684 0.632 
0.065 0.985 0.698 0.815 0.637 0.747 0.726 0.674 
0.105 0.983 0.639 0.826 0.571 0.684 0.674 0.558 
0.087 0.973 0.677 0.805 0.429 0.495 0.516 0.442 
0.110 0.981 0.726 0.821 0.495 0.600 0.632 0.558 
0.082 0.980 0.749 0.821 0.516 0.632 0.653 0.600 
0.086 0.978 0.713 0.805 0.593 0.674 0.684 0.632 
0.080 0.982 0.595 0.831 0.626 0.695 0.716 0.684 
0.072 0.985 0.730 0.836 0.560 0.674 0.663 0.600 
0.070 0.982 0.659 0.810 0.648 0.768 0.747 0.716 
0.103 0.978 0.792 0.795 0.670 0.779 0.758 0.758 
0.063 0.978 0.844 0.785 0.659 0.737 0.716 0.695 
0.110 0.977 0.753 0.795 0.659 0.747 0.705 0.695 
0.085 0.981 0.765 0.831 0.692 0.768 0.789 0.726 
0.063 0.981 0.788 0.790 0.714 0.821 0.842 0.789 
0.092 0.973 0.726 0.795 0.692 0.747 0.758 0.737 
0.079 0.981 0.788 0.800 0.692 0.800 0.800 0.747 
0.130 0.977 0.811 0.805 0.681 0.758 0.726 0.695 
0.121 0.978 0.701 0.815 0.637 0.705 0.695 0.663 
0.099 0.980 0.850 0.795 0.692 0.758 0.768 0.737 
0.137 0.981 0.836 0.800 0.670 0.768 0.768 0.747 
0.060 0.983 0.995 0.754 0.725 0.768 0.811 0.758 
0.062 0.983 0.790 0.800 0.670 0.768 0.789 0.747 
0.083 0.982 0.708 0.815 0.604 0.737 0.684 0.663 
0.104 0.978 0.740 0.841 0.637 0.747 0.747 0.705 
0.068 0.974 0.711 0.831 0.549 0.653 0.653 0.568 
0.098 0.973 0.648 0.841 0.593 0.695 0.674 0.642 
0.080 0.981 0.660 0.821 0.593 0.695 0.674 0.642 
0.060 0.986 0.778 0.826 0.637 0.726 0.705 0.674 
0.079 0.981 0.720 0.821 0.659 0.726 0.716 0.695 
0.073 0.982 0.716 0.826 0.615 0.716 0.684 0.642 
0.067 0.978 0.731 0.805 0.681 0.758 0.768 0.737 
0.063 0.981 0.786 0.779 0.692 0.789 0.842 0.789 
0.143 0.980 0.830 0.821 0.703 0.832 0.842 0.779 
0.101 0.980 0.866 0.785 0.725 0.842 0.895 0.863 
0.064 0.982 0.823 0.785 0.758 0.853 0.905 0.874 
0.065 0.974 0.756 0.785 0.703 0.811 0.863 0.811 
0.063 0.981 0.756 0.800 0.703 0.811 0.842 0.811 
0.076 0.986 0.663 0.821 0.692 0.758 0.811 0.768 
0.137 0.981 0.632 0.821 0.692 0.779 0.811 0.747 
0.057 0.985 0.766 0.795 0.703 0.821 0.832 0.800 
0.057 0.991 0.789 0.821 0.692 0.758 0.768 0.768 
0.129 0.983 0.811 0.800 0.692 0.747 0.779 0.800 
0.075 0.982 0.805 0.754 0.769 0.842 0.916 0.895 
0.133 0.977 0.779 0.774 0.703 0.832 0.863 0.842 
0.094 0.978 0.718 0.815 0.670 0.779 0.779 0.758 
0.096 0.982 0.700 0.836 0.626 0.716 0.716 0.642 
0.097 0.980 0.640 0.815 0.670 0.737 0.779 0.684 
0.095 0.981 0.717 0.810 0.692 0.789 0.853 0.789 
0.061 0.986 0.765 0.815 0.714 0.811 0.884 0.811 
0.066 0.981 0.678 0.805 0.692 0.789 0.832 0.758 
0.080 0.987 0.689 0.805 0.703 0.758 0.789 0.737 
0.073 0.980 0.705 0.821 0.692 0.758 0.768 0.726 
0.060 0.981 0.729 0.805 0.692 0.779 0.789 0.737 
0.069 0.978 0.678 0.821 0.692 0.758 0.789 0.726 
0.067 0.986 0.643 0.831 0.692 0.800 0.832 0.768 
0.063 0.981 0.730 0.815 0.692 0.800 0.832 0.737 
0.067 0.980 0.629 0.821 0.692 0.779 0.779 0.705 
0.054 0.987 0.690 0.815 0.703 0.789 0.832 0.726 
0.080 0.986 0.769 0.826 0.703 0.800 0.832 0.747 
0.070 0.986 0.753 0.800 0.725 0.821 0.853 0.758 
0.077 0.981 0.769 0.795 0.703 0.800 0.842 0.747 
0.087 0.981 0.718 0.795 0.725 0.832 0.874 0.789 
0.107 0.983 0.720 0.815 0.670 0.768 0.758 0.705 
0.091 0.982 0.640 0.815 0.714 0.811 0.853 0.800 
0.058 0.983 0.717 0.821 0.714 0.821 0.874 0.821 
0.071 0.982 0.686 0.831 0.714 0.789 0.842 0.779 
0.066 0.980 0.791 0.805 0.736 0.832 0.863 0.821 
0.061 0.980 0.698 0.800 0.747 0.842 0.874 0.832 
0.071 0.987 0.674 0.821 0.692 0.779 0.800 0.758 
0.083 0.987 0.689 0.841 0.637 0.726 0.758 0.684 
0.093 0.978 0.657 0.831 0.604 0.716 0.674 0.621 
0.092 0.983 0.711 0.821 0.604 0.705 0.663 0.579 
0.073 0.989 0.788 0.800 0.637 0.726 0.684 0.632 
0.089 0.981 0.892 0.764 0.758 0.853 0.874 0.842 
0.084 0.981 0.837 0.790 0.692 0.758 0.811 0.768 
0.054 0.989 0.744 0.810 0.681 0.747 0.811 0.726 
0.081 0.982 0.721 0.826 0.659 0.737 0.758 0.716 
0.071 0.983 0.832 0.790 0.714 0.800 0.832 0.789 
0.057 0.989 0.671 0.805 0.648 0.768 0.811 0.726 
0.083 0.985 0.747 0.836 0.659 0.747 0.789 0.695 
0.072 0.985 0.693 0.831 0.670 0.768 0.758 0.695 
0.057 0.982 0.777 0.836 0.747 0.853 0.863 0.811 
0.061 0.981 0.608 0.831 0.670 0.768 0.779 0.705 
0.061 0.986 0.632 0.836 0.670 0.779 0.800 0.747 
0.095 0.985 0.741 0.841 0.648 0.758 0.768 0.695 
0.073 0.980 0.691 0.821 0.659 0.768 0.800 0.705 
0.080 0.987 0.758 0.821 0.670 0.758 0.789 0.705 
0.077 0.976 0.818 0.805 0.703 0.768 0.800 0.716 
0.068 0.977 0.839 0.800 0.659 0.737 0.768 0.705 
0.105 0.976 0.874 0.790 0.648 0.747 0.779 0.705 
0.110 0.976 0.855 0.785 0.670 0.779 0.789 0.768 
0.082 0.977 0.777 0.790 0.692 0.758 0.789 0.768 
0.059 0.983 0.780 0.800 0.681 0.758 0.789 0.768 
0.101 0.982 0.745 0.831 0.648 0.737 0.726 0.705 
0.095 0.973 0.737 0.821 0.626 0.726 0.663 0.621 
0.069 0.986 0.709 0.815 0.593 0.684 0.642 0.579 
0.088 0.982 0.739 0.826 0.626 0.737 0.747 0.695 
0.058 0.982 0.680 0.826 0.527 0.684 0.653 0.568 
0.076 0.983 0.675 0.846 0.637 0.726 0.716 0.684 
0.094 0.981 0.733 0.790 0.681 0.779 0.789 0.747 
0.081 0.974 0.827 0.785 0.670 0.758 0.747 0.695 
0.056 0.982 0.803 0.821 0.670 0.758 0.768 0.695 
0.111 0.980 0.649 0.821 0.681 0.779 0.821 0.768 
0.072 0.983 0.802 0.790 0.780 0.874 0.905 0.821 
0.077 0.986 0.696 0.815 0.747 0.832 0.842 0.758 
0.068 0.980 0.708 0.800 0.538 0.663 0.589 0.516 
0.055 0.985 0.751 0.826 0.549 0.684 0.653 0.558 
0.068 0.978 0.838 0.826 0.604 0.705 0.674 0.621 
0.061 0.985 0.930 0.790 0.659 0.758 0.800 0.726 
0.057 0.985 0.776 0.800 0.714 0.779 0.800 0.747 
0.065 0.986 0.697 0.836 0.648 0.758 0.779 0.695 
0.064 0.985 0.631 0.836 0.626 0.747 0.737 0.663 
0.059 0.981 0.682 0.831 0.626 0.737 0.768 0.674 
0.056 0.987 0.656 0.831 0.626 0.737 0.768 0.663 
0.091 0.985 0.658 0.821 0.637 0.747 0.768 0.674 
0.060 0.986 0.764 0.810 0.582 0.705 0.653 0.621 
0.075 0.977 0.715 0.836 0.615 0.716 0.695 0.663 
0.064 0.981 0.810 0.805 0.659 0.768 0.789 0.716 
0.069 0.978 0.873 0.790 0.670 0.768 0.800 0.737 
0.102 0.983 0.755 0.800 0.736 0.832 0.863 0.821 
0.058 0.983 0.684 0.831 0.626 0.737 0.758 0.695 
0.059 0.985 0.682 0.826 0.659 0.758 0.779 0.726 
0.058 0.985 0.801 0.831 0.681 0.789 0.811 0.726 
0.051 0.983 0.739 0.836 0.659 0.737 0.768 0.705 
0.075 0.986 0.692 0.831 0.648 0.716 0.705 0.653 
0.059 0.977 0.642 0.831 0.582 0.716 0.663 0.600 
0.060 0.987 0.736 0.805 0.648 0.747 0.716 0.663 
0.057 0.981 0.691 0.795 0.681 0.758 0.758 0.726 
0.087 0.986 0.751 0.795 0.670 0.758 0.768 0.716 
0.068 0.987 0.681 0.831 0.604 0.716 0.695 0.653 
0.055 0.986 0.732 0.841 0.626 0.726 0.726 0.663 
0.070 0.983 0.751 0.846 0.659 0.737 0.758 0.695 
0.091 0.983 0.770 0.836 0.659 0.758 0.779 0.716 
0.067 0.986 0.622 0.821 0.604 0.705 0.663 0.600 
0.078 0.982 0.733 0.841 0.615 0.716 0.674 0.621 
0.124 0.977 0.660 0.836 0.626 0.726 0.726 0.674 
0.105 0.981 0.701 0.826 0.648 0.737 0.726 0.695 
0.077 0.981 0.869 0.805 0.703 0.789 0.789 0.768 
0.080 0.983 0.880 0.779 0.692 0.768 0.779 0.768 
0.079 0.978 0.683 0.821 0.703 0.768 0.811 0.789 
0.068 0.985 0.732 0.815 0.670 0.758 0.768 0.747 
0.139 0.977 0.700 0.815 0.626 0.737 0.695 0.684 
0.078 0.983 0.674 0.815 0.538 0.695 0.663 0.621 
0.105 0.983 0.697 0.821 0.549 0.684 0.674 0.621 
0.102 0.978 0.682 0.815 0.593 0.705 0.663 0.653 
0.061 0.980 0.842 0.779 0.736 0.800 0.832 0.811 
0.066 0.982 0.853 0.795 0.703 0.779 0.800 0.789 
0.056 0.983 0.821 0.836 0.659 0.758 0.779 0.705 
0.053 0.987 0.670 0.826 0.637 0.747 0.758 0.695 
0.077 0.990 0.676 0.826 0.648 0.758 0.789 0.695 
0.062 0.985 0.682 0.836 0.648 0.747 0.726 0.684 
0.064 0.983 0.742 0.836 0.648 0.737 0.716 0.705 
0.054 0.985 0.605 0.831 0.626 0.705 0.684 0.663 
0.066 0.982 0.756 0.826 0.626 0.737 0.747 0.674 
0.113 0.982 0.709 0.821 0.604 0.705 0.663 0.653 
0.075 0.982 0.824 0.795 0.648 0.747 0.768 0.716 
0.078 0.977 0.718 0.800 0.714 0.789 0.821 0.779 
0.057 0.986 0.680 0.831 0.648 0.758 0.768 0.737 
0.051 0.986 0.701 0.831 0.659 0.768 0.768 0.716 
0.083 0.983 0.746 0.831 0.659 0.768 0.779 0.747 
0.100 0.981 0.814 0.810 0.626 0.747 0.747 0.695 
0.063 0.986 0.652 0.800 0.615 0.705 0.674 0.600 
0.107 0.973 0.780 0.810 0.703 0.768 0.811 0.737 
0.061 0.985 0.658 0.800 0.736 0.832 0.905 0.811 
0.053 0.986 0.669 0.810 0.703 0.789 0.832 0.747 
0.061 0.983 0.694 0.826 0.714 0.789 0.821 0.758 
0.058 0.985 0.691 0.821 0.714 0.800 0.821 0.789 
0.051 0.985 0.790 0.826 0.659 0.758 0.779 0.705 
0.066 0.981 0.689 0.821 0.637 0.726 0.737 0.674 
0.062 0.981 0.671 0.826 0.626 0.726 0.705 0.653 
0.085 0.987 0.688 0.821 0.692 0.737 0.779 0.695 
0.054 0.985 0.773 0.826 0.648 0.737 0.747 0.705 
0.050 0.986 0.662 0.831 0.681 0.747 0.768 0.716 
0.055 0.987 0.771 0.841 0.626 0.726 0.716 0.663 
0.058 0.982 0.755 0.831 0.637 0.726 0.695 0.642 
0.073 0.991 0.884 0.810 0.659 0.747 0.779 0.705 
0.092 0.986 0.768 0.826 0.670 0.768 0.768 0.695 
0.064 0.986 0.791 0.821 0.714 0.779 0.811 0.726 
0.120 0.987 0.807 0.800 0.725 0.789 0.832 0.779 
0.059 0.987 0.856 0.810 0.725 0.789 0.811 0.768 
0.058 0.982 0.749 0.826 0.648 0.747 0.726 0.684 
0.050 0.989 0.745 0.821 0.637 0.737 0.726 0.684 
0.076 0.987 0.779 0.821 0.692 0.758 0.789 0.716 
0.056 0.986 0.721 0.826 0.637 0.747 0.758 0.695 
0.057 0.985 0.708 0.841 0.648 0.747 0.758 0.684 
0.094 0.987 0.746 0.836 0.692 0.747 0.800 0.705 
0.057 0.983 0.723 0.831 0.681 0.747 0.789 0.716 
0.058 0.982 0.730 0.841 0.659 0.747 0.768 0.695 
0.057 0.985 0.749 0.826 0.637 0.747 0.747 0.684 
0.051 0.987 0.699 0.826 0.626 0.747 0.716 0.663 
0.059 0.983 0.760 0.836 0.648 0.747 0.779 0.705 
0.055 0.980 0.676 0.826 0.659 0.758 0.768 0.695 
0.063 0.990 0.726 0.831 0.637 0.758 0.747 0.663 
0.055 0.983 0.735 0.821 0.659 0.747 0.768 0.695 
0.056 0.980 0.873 0.815 0.670 0.758 0.789 0.726 
0.064 0.978 0.690 0.815 0.659 0.758 0.779 0.726 
0.089 0.983 0.644 0.821 0.615 0.737 0.726 0.632 
0.064 0.986 0.749 0.805 0.659 0.747 0.768 0.695 
0.057 0.989 0.817 0.821 0.681 0.758 0.800 0.747 
0.065 0.981 0.763 0.831 0.714 0.768 0.821 0.758 
0.087 0.985 0.744 0.826 0.659 0.758 0.779 0.705 
0.062 0.981 0.807 0.805 0.692 0.779 0.832 0.758 
0.146 0.981 0.695 0.810 0.670 0.768 0.789 0.726 
0.104 0.978 0.782 0.795 0.714 0.779 0.821 0.758 
0.174 0.981 0.683 0.826 0.659 0.758 0.768 0.684 
