0.673 0.571 0.694 0.487 0.000 0.000 0.000 0.000 
0.661 0.613 0.698 0.487 0.000 0.000 0.000 0.000 
0.649 0.614 0.702 0.487 0.000 0.000 0.000 0.000 
0.643 0.641 0.688 0.492 0.000 0.000 0.000 0.000 
0.618 0.653 0.754 0.487 0.000 0.000 0.000 0.000 
0.614 0.642 0.778 0.487 0.011 0.011 0.011 0.000 
0.600 0.656 0.728 0.523 0.187 0.232 0.158 0.189 
0.623 0.664 0.675 0.569 0.747 0.779 0.642 0.589 
0.598 0.667 0.702 0.533 0.879 0.895 0.768 0.674 
0.614 0.669 0.797 0.523 0.099 0.168 0.042 0.063 
0.602 0.691 0.692 0.533 0.538 0.600 0.400 0.284 
0.591 0.669 0.733 0.574 0.407 0.358 0.305 0.295 
0.588 0.693 0.609 0.687 0.802 0.842 0.737 0.758 
0.581 0.696 0.742 0.528 0.549 0.611 0.421 0.305 
0.569 0.702 0.637 0.621 0.538 0.589 0.453 0.421 
0.559 0.724 0.641 0.656 0.538 0.516 0.411 0.368 
0.548 0.716 0.713 0.569 0.275 0.337 0.232 0.200 
0.549 0.714 0.694 0.579 0.934 0.947 0.884 0.811 
0.579 0.732 0.941 0.508 0.505 0.516 0.389 0.305 
0.577 0.722 0.711 0.590 0.780 0.821 0.695 0.589 
0.554 0.715 0.809 0.528 0.879 0.853 0.768 0.611 
0.576 0.728 0.605 0.636 0.703 0.758 0.632 0.621 
0.562 0.713 0.711 0.574 0.143 0.200 0.074 0.126 
0.540 0.714 0.801 0.523 0.176 0.263 0.147 0.137 
0.547 0.731 0.605 0.692 0.868 0.937 0.895 0.800 
0.550 0.745 0.575 0.687 0.868 0.832 0.768 0.579 
0.578 0.725 0.580 0.713 0.396 0.442 0.284 0.295 
0.577 0.711 0.698 0.621 0.022 0.042 0.011 0.074 
0.548 0.722 0.544 0.713 0.440 0.432 0.400 0.379 
0.511 0.743 0.654 0.646 0.264 0.316 0.179 0.211 
0.501 0.747 0.640 0.636 0.989 1.000 1.000 0.989 
0.537 0.750 0.658 0.651 0.791 0.758 0.716 0.653 
0.510 0.747 0.575 0.703 0.538 0.547 0.453 0.421 
0.530 0.752 0.702 0.636 0.956 0.968 0.853 0.642 
0.498 0.760 0.805 0.585 0.407 0.368 0.295 0.221 
0.515 0.754 0.767 0.574 0.110 0.095 0.053 0.126 
0.489 0.759 0.739 0.610 0.527 0.505 0.411 0.305 
0.485 0.760 0.753 0.569 0.297 0.368 0.263 0.189 
0.492 0.780 0.681 0.626 0.407 0.474 0.358 0.253 
0.503 0.777 0.614 0.677 0.571 0.558 0.484 0.453 
0.467 0.771 1.006 0.518 0.044 0.053 0.032 0.021 
0.494 0.771 0.728 0.585 0.659 0.695 0.537 0.495 
0.487 0.756 0.723 0.631 0.451 0.421 0.337 0.337 
0.523 0.773 1.054 0.508 0.132 0.147 0.074 0.137 
0.466 0.789 0.677 0.662 0.769 0.811 0.653 0.579 
0.471 0.779 0.681 0.621 0.264 0.316 0.232 0.232 
0.462 0.783 0.614 0.703 0.022 0.042 0.011 0.063 
0.484 0.774 0.565 0.764 0.253 0.326 0.253 0.274 
0.499 0.774 0.705 0.672 0.538 0.568 0.484 0.421 
0.476 0.777 0.903 0.528 0.934 0.979 0.832 0.768 
0.468 0.785 0.945 0.513 0.121 0.116 0.095 0.116 
0.494 0.783 0.606 0.713 0.484 0.495 0.411 0.411 
0.454 0.775 0.906 0.538 0.055 0.053 0.032 0.032 
0.438 0.791 0.754 0.590 0.363 0.379 0.305 0.274 
0.452 0.794 0.752 0.626 0.044 0.074 0.053 0.116 
0.523 0.808 0.853 0.621 0.440 0.526 0.463 0.463 
0.493 0.756 0.672 0.651 0.011 0.042 0.011 0.021 
0.455 0.787 0.645 0.651 0.044 0.063 0.032 0.074 
0.430 0.793 0.563 0.759 0.505 0.547 0.474 0.442 
0.462 0.799 0.778 0.656 0.505 0.558 0.463 0.442 
0.428 0.807 1.109 0.508 0.066 0.126 0.063 0.116 
0.434 0.799 0.686 0.662 0.857 0.895 0.832 0.832 
0.478 0.779 0.655 0.708 0.033 0.074 0.042 0.063 
0.452 0.792 0.871 0.574 0.077 0.105 0.042 0.137 
0.465 0.770 0.738 0.615 0.165 0.221 0.158 0.221 
0.441 0.798 0.656 0.728 0.527 0.695 0.516 0.495 
0.452 0.798 0.628 0.718 0.714 0.842 0.716 0.653 
0.441 0.810 0.629 0.672 0.901 0.958 0.853 0.842 
0.493 0.811 0.630 0.738 0.495 0.558 0.421 0.400 
0.424 0.810 1.024 0.538 0.000 0.032 0.011 0.021 
0.419 0.811 0.748 0.631 0.363 0.400 0.326 0.347 
0.420 0.811 0.744 0.626 0.418 0.484 0.347 0.295 
0.414 0.822 0.862 0.595 0.253 0.274 0.189 0.168 
0.459 0.811 0.569 0.718 0.066 0.063 0.084 0.147 
0.438 0.822 0.585 0.723 0.736 0.884 0.758 0.737 
0.424 0.822 0.836 0.646 0.824 0.874 0.716 0.611 
0.447 0.815 1.018 0.533 0.582 0.684 0.526 0.463 
0.436 0.815 0.615 0.713 0.615 0.747 0.642 0.589 
0.422 0.815 1.491 0.508 0.132 0.168 0.084 0.032 
0.430 0.808 0.871 0.615 0.527 0.516 0.400 0.389 
0.444 0.794 0.989 0.538 0.560 0.726 0.495 0.389 
0.395 0.812 0.820 0.615 0.000 0.042 0.021 0.053 
0.389 0.811 0.854 0.626 0.033 0.063 0.032 0.074 
0.409 0.810 0.625 0.687 0.945 0.968 0.926 0.884 
0.472 0.793 1.455 0.518 0.560 0.611 0.495 0.295 
0.437 0.814 1.015 0.554 0.593 0.632 0.516 0.316 
0.442 0.822 0.633 0.682 0.549 0.547 0.432 0.326 
0.399 0.831 1.232 0.508 0.000 0.042 0.021 0.042 
0.429 0.817 0.670 0.672 0.890 0.968 0.853 0.842 
0.433 0.819 0.725 0.646 0.187 0.263 0.284 0.242 
0.392 0.820 0.764 0.672 0.154 0.211 0.179 0.179 
0.380 0.835 0.663 0.667 0.989 0.989 0.947 0.958 
0.384 0.842 1.054 0.569 0.099 0.137 0.105 0.137 
0.383 0.842 1.215 0.518 0.231 0.284 0.221 0.179 
0.419 0.840 0.676 0.692 0.275 0.326 0.284 0.221 
0.384 0.822 1.028 0.631 0.154 0.189 0.116 0.032 
0.358 0.842 0.888 0.615 0.440 0.526 0.411 0.337 
0.358 0.848 0.678 0.636 0.560 0.726 0.611 0.484 
0.401 0.849 0.612 0.703 0.890 0.916 0.853 0.758 
0.390 0.844 0.917 0.605 0.989 0.979 0.947 0.958 
0.333 0.856 1.368 0.523 0.549 0.642 0.453 0.389 
0.389 0.845 0.789 0.590 0.484 0.600 0.484 0.442 
0.353 0.839 0.630 0.697 0.648 0.737 0.600 0.495 
0.356 0.844 0.741 0.651 0.143 0.158 0.105 0.200 
0.366 0.838 0.965 0.574 0.077 0.095 0.116 0.116 
0.384 0.834 0.897 0.585 0.319 0.442 0.389 0.305 
0.367 0.853 0.905 0.579 0.659 0.800 0.726 0.600 
0.341 0.845 0.741 0.662 0.758 0.874 0.789 0.632 
0.337 0.870 0.658 0.672 0.923 0.926 0.884 0.768 
0.390 0.848 0.745 0.641 0.648 0.737 0.695 0.484 
0.388 0.820 1.027 0.538 0.451 0.442 0.400 0.284 
0.393 0.825 0.578 0.733 0.659 0.800 0.726 0.632 
0.359 0.843 0.765 0.672 0.835 0.926 0.779 0.642 
0.354 0.860 0.788 0.626 0.846 0.895 0.800 0.674 
0.364 0.863 0.929 0.605 0.736 0.853 0.684 0.505 
0.394 0.845 0.926 0.621 0.725 0.842 0.726 0.600 
0.368 0.848 1.296 0.564 0.648 0.684 0.558 0.495 
0.419 0.854 1.027 0.569 0.769 0.758 0.768 0.705 
0.377 0.854 0.921 0.595 0.956 0.947 0.863 0.726 
0.349 0.861 1.007 0.564 0.901 0.916 0.779 0.663 
0.372 0.857 0.814 0.615 0.868 0.884 0.821 0.579 
0.359 0.858 0.973 0.615 0.088 0.116 0.126 0.116 
0.361 0.868 0.504 0.764 0.879 0.874 0.811 0.705 
0.335 0.844 0.672 0.687 0.824 0.863 0.789 0.653 
0.337 0.870 0.714 0.656 0.857 0.895 0.832 0.726 
0.318 0.856 0.807 0.667 0.143 0.158 0.147 0.084 
0.347 0.857 0.568 0.708 0.857 0.895 0.874 0.768 
0.347 0.854 0.843 0.636 0.044 0.063 0.063 0.105 
0.362 0.862 0.700 0.636 0.681 0.789 0.716 0.653 
0.352 0.848 0.766 0.651 0.538 0.621 0.579 0.474 
0.320 0.865 1.074 0.590 0.308 0.326 0.263 0.211 
0.334 0.857 0.605 0.733 0.967 0.937 0.937 0.821 
0.310 0.867 0.940 0.621 0.231 0.232 0.200 0.179 
0.322 0.874 0.794 0.662 0.648 0.768 0.663 0.547 
0.359 0.843 1.296 0.554 0.516 0.579 0.442 0.347 
0.351 0.862 0.771 0.651 0.681 0.747 0.705 0.621 
0.323 0.853 0.711 0.667 0.440 0.453 0.411 0.389 
0.370 0.871 0.957 0.600 0.341 0.337 0.263 0.232 
0.315 0.880 0.669 0.708 0.912 0.926 0.926 0.853 
0.333 0.854 1.082 0.590 0.077 0.105 0.053 0.032 
0.328 0.877 0.955 0.590 0.495 0.589 0.537 0.442 
0.383 0.852 0.656 0.682 0.890 0.905 0.926 0.853 
0.318 0.865 1.255 0.564 0.703 0.737 0.663 0.547 
0.318 0.860 0.617 0.744 0.769 0.884 0.779 0.684 
0.302 0.871 0.735 0.667 0.473 0.463 0.379 0.379 
0.286 0.879 0.855 0.646 0.187 0.189 0.095 0.105 
0.299 0.871 0.577 0.733 0.802 0.874 0.789 0.716 
0.341 0.879 0.896 0.615 0.484 0.474 0.411 0.389 
0.336 0.851 0.611 0.713 0.989 0.968 0.937 0.958 
0.292 0.871 0.863 0.631 0.890 0.926 0.884 0.811 
0.295 0.888 0.909 0.615 0.637 0.789 0.747 0.642 
0.293 0.870 1.171 0.590 0.462 0.526 0.474 0.400 
0.289 0.871 1.121 0.569 0.824 0.863 0.800 0.674 
0.298 0.868 0.958 0.626 0.462 0.589 0.453 0.347 
0.323 0.865 1.384 0.554 0.769 0.842 0.716 0.558 
0.318 0.875 0.939 0.626 0.956 0.937 0.937 0.884 
0.325 0.858 0.729 0.682 0.868 0.895 0.863 0.768 
0.316 0.868 1.119 0.585 0.352 0.358 0.242 0.211 
0.384 0.856 0.962 0.590 0.484 0.579 0.474 0.316 
0.358 0.843 1.530 0.528 0.659 0.789 0.674 0.505 
0.322 0.847 0.726 0.697 0.451 0.505 0.495 0.432 
0.290 0.872 0.503 0.785 0.615 0.705 0.747 0.663 
0.336 0.865 0.974 0.605 0.022 0.042 0.053 0.116 
0.309 0.881 0.520 0.749 0.967 0.968 0.937 0.926 
0.354 0.848 0.674 0.769 0.956 0.937 0.916 0.895 
0.324 0.860 1.310 0.549 0.945 0.937 0.895 0.821 
0.396 0.856 1.429 0.538 0.374 0.400 0.337 0.253 
0.420 0.810 0.676 0.692 0.890 0.926 0.926 0.800 
0.312 0.863 1.428 0.549 0.418 0.389 0.274 0.253 
0.282 0.875 0.778 0.631 0.879 0.937 0.863 0.768 
0.311 0.877 0.908 0.615 0.692 0.863 0.695 0.589 
0.341 0.858 0.581 0.769 0.681 0.779 0.705 0.632 
0.352 0.867 1.047 0.595 0.264 0.263 0.242 0.232 
0.317 0.866 0.732 0.677 0.385 0.379 0.389 0.305 
0.312 0.875 0.685 0.728 0.615 0.705 0.632 0.516 
0.296 0.863 0.489 0.810 0.967 0.968 0.926 0.937 
0.281 0.876 0.950 0.600 0.549 0.621 0.547 0.411 
0.309 0.874 0.910 0.621 1.000 1.000 0.989 0.979 
0.310 0.874 1.503 0.523 0.099 0.074 0.053 0.021 
0.344 0.861 0.569 0.769 0.571 0.695 0.632 0.537 
0.323 0.861 1.188 0.585 0.615 0.705 0.600 0.505 
0.406 0.825 1.067 0.595 0.626 0.789 0.632 0.589 
0.324 0.854 0.986 0.595 0.615 0.642 0.537 0.505 
0.317 0.863 0.851 0.615 0.319 0.305 0.347 0.284 
0.325 0.871 0.543 0.769 0.319 0.379 0.368 0.358 
0.314 0.870 0.539 0.769 0.330 0.421 0.347 0.400 
0.296 0.879 0.727 0.662 0.593 0.674 0.611 0.526 
0.295 0.868 1.236 0.595 0.857 0.895 0.779 0.695 
0.252 0.888 1.205 0.574 0.868 0.884 0.853 0.747 
0.312 0.902 1.155 0.579 0.670 0.747 0.653 0.484 
0.274 0.885 1.386 0.569 0.440 0.537 0.389 0.284 
0.274 0.889 0.868 0.646 0.549 0.611 0.568 0.484 
0.248 0.890 0.836 0.656 0.582 0.621 0.611 0.526 
0.269 0.891 0.764 0.672 0.758 0.853 0.832 0.779 
0.298 0.889 2.037 0.497 0.242 0.232 0.147 0.105 
0.327 0.883 1.069 0.579 0.670 0.716 0.684 0.547 
0.281 0.893 1.313 0.544 0.407 0.347 0.284 0.221 
0.335 0.890 0.637 0.733 0.659 0.758 0.726 0.526 
0.312 0.870 1.673 0.523 0.484 0.495 0.442 0.263 
0.310 0.872 0.832 0.703 0.022 0.063 0.053 0.126 
0.286 0.874 0.531 0.800 0.846 0.884 0.874 0.779 
0.283 0.874 0.933 0.626 0.363 0.400 0.337 0.242 
0.285 0.891 1.080 0.600 0.516 0.653 0.537 0.432 
0.252 0.895 0.763 0.682 0.758 0.863 0.705 0.632 
0.261 0.881 0.971 0.641 0.429 0.537 0.411 0.326 
0.275 0.885 0.727 0.667 0.516 0.547 0.474 0.400 
0.263 0.899 1.026 0.585 0.692 0.842 0.716 0.653 
0.259 0.903 1.005 0.610 0.440 0.505 0.389 0.358 
0.328 0.884 0.621 0.728 0.571 0.600 0.537 0.516 
0.366 0.863 1.103 0.600 0.363 0.421 0.347 0.326 
0.343 0.886 0.910 0.569 0.385 0.453 0.379 0.379 
0.334 0.868 0.520 0.800 0.978 0.968 0.958 0.968 
0.299 0.881 0.746 0.692 0.692 0.832 0.737 0.589 
0.289 0.895 0.625 0.749 0.934 0.926 0.937 0.874 
0.250 0.900 0.722 0.687 0.758 0.853 0.811 0.632 
0.262 0.903 0.835 0.651 0.549 0.653 0.537 0.411 
0.250 0.894 0.538 0.764 0.626 0.726 0.663 0.611 
0.230 0.903 0.854 0.656 0.615 0.726 0.737 0.579 
0.236 0.905 0.560 0.749 0.747 0.874 0.832 0.758 
0.262 0.902 0.538 0.769 0.747 0.905 0.884 0.789 
0.262 0.895 0.871 0.636 0.571 0.568 0.579 0.495 
0.257 0.907 1.085 0.605 0.582 0.653 0.600 0.484 
0.220 0.903 1.290 0.590 0.648 0.800 0.653 0.526 
0.252 0.913 0.909 0.662 0.429 0.484 0.411 0.316 
0.272 0.902 1.251 0.585 0.692 0.800 0.705 0.632 
0.223 0.907 0.828 0.662 0.538 0.579 0.526 0.453 
0.238 0.900 0.901 0.651 0.505 0.537 0.484 0.389 
0.270 0.914 1.007 0.621 0.571 0.642 0.589 0.537 
0.311 0.899 0.778 0.672 0.637 0.747 0.653 0.558 
0.255 0.898 1.084 0.615 0.604 0.674 0.611 0.537 
0.298 0.893 0.575 0.718 0.780 0.884 0.863 0.684 
0.220 0.904 0.533 0.759 0.945 0.947 0.905 0.874 
0.237 0.903 0.584 0.764 0.648 0.779 0.684 0.632 
0.272 0.903 1.282 0.574 0.549 0.611 0.505 0.421 
0.226 0.899 0.664 0.723 0.725 0.832 0.842 0.684 
0.269 0.894 0.790 0.651 0.747 0.842 0.747 0.642 
0.331 0.893 0.616 0.764 0.758 0.874 0.811 0.716 
0.356 0.858 0.773 0.708 0.758 0.832 0.747 0.653 
0.287 0.889 0.632 0.703 0.681 0.779 0.684 0.674 
0.252 0.894 0.905 0.636 0.725 0.800 0.747 0.653 
0.303 0.898 1.094 0.610 0.319 0.274 0.274 0.211 
0.275 0.891 0.812 0.662 0.670 0.789 0.726 0.621 
0.260 0.886 0.578 0.754 0.835 0.842 0.832 0.747 
0.238 0.918 0.776 0.713 0.978 0.958 0.926 0.895 
0.229 0.920 1.226 0.595 0.626 0.737 0.653 0.516 
0.219 0.911 1.303 0.605 0.516 0.579 0.505 0.463 
0.218 0.912 0.673 0.703 0.714 0.789 0.789 0.747 
0.264 0.909 1.010 0.631 0.527 0.632 0.547 0.474 
0.272 0.891 1.036 0.656 0.604 0.705 0.642 0.526 
0.358 0.879 0.524 0.790 0.923 0.947 0.937 0.958 
0.243 0.902 0.847 0.672 0.549 0.568 0.526 0.432 
0.257 0.904 0.541 0.795 0.615 0.747 0.663 0.642 
0.237 0.902 0.934 0.646 0.604 0.768 0.632 0.547 
0.202 0.923 0.697 0.738 0.527 0.642 0.568 0.516 
0.202 0.912 0.895 0.692 0.527 0.600 0.558 0.495 
0.209 0.903 0.637 0.759 0.582 0.632 0.642 0.547 
0.238 0.911 1.015 0.651 0.516 0.568 0.547 0.442 
0.314 0.890 0.578 0.769 0.703 0.853 0.747 0.716 
0.273 0.862 0.836 0.677 0.473 0.600 0.537 0.526 
0.232 0.898 0.592 0.749 0.758 0.779 0.811 0.779 
0.207 0.916 0.632 0.759 0.802 0.895 0.863 0.726 
0.190 0.925 0.595 0.764 0.769 0.895 0.832 0.705 
0.243 0.916 0.664 0.728 0.835 0.905 0.884 0.747 
0.259 0.903 0.509 0.805 0.868 0.916 0.874 0.768 
0.218 0.911 0.989 0.651 0.758 0.842 0.800 0.642 
0.207 0.909 1.004 0.651 0.363 0.442 0.389 0.347 
0.242 0.914 0.825 0.682 0.571 0.705 0.663 0.589 
0.260 0.900 0.911 0.677 0.791 0.832 0.832 0.716 
0.273 0.889 1.240 0.605 0.560 0.621 0.558 0.505 
0.250 0.890 0.633 0.754 0.571 0.674 0.579 0.547 
0.274 0.886 1.105 0.595 0.297 0.305 0.232 0.221 
0.245 0.912 0.542 0.790 0.538 0.600 0.663 0.558 
0.226 0.913 0.620 0.759 0.769 0.863 0.842 0.779 
0.257 0.899 0.510 0.790 0.703 0.842 0.842 0.737 
0.251 0.893 0.577 0.764 0.802 0.895 0.811 0.789 
0.217 0.920 0.829 0.692 0.549 0.663 0.589 0.495 
0.212 0.909 0.584 0.810 0.407 0.505 0.526 0.453 
0.225 0.908 0.565 0.800 0.758 0.842 0.821 0.747 
0.231 0.904 0.630 0.764 0.604 0.737 0.716 0.621 
0.207 0.920 0.667 0.744 0.516 0.632 0.611 0.558 
0.206 0.911 0.914 0.662 0.440 0.505 0.537 0.484 
0.215 0.913 0.564 0.754 0.714 0.853 0.789 0.726 
0.212 0.912 0.912 0.656 0.604 0.758 0.674 0.579 
0.205 0.926 0.709 0.718 0.495 0.642 0.589 0.442 
0.227 0.921 0.665 0.774 0.703 0.863 0.800 0.737 
0.220 0.908 0.603 0.759 0.791 0.863 0.842 0.821 
0.197 0.907 0.889 0.718 0.747 0.853 0.779 0.684 
0.231 0.907 0.647 0.785 0.846 0.926 0.874 0.789 
0.240 0.905 0.685 0.733 0.857 0.905 0.874 0.832 
0.194 0.920 0.747 0.672 0.626 0.800 0.674 0.558 
0.189 0.913 0.600 0.779 0.857 0.916 0.905 0.758 
0.209 0.912 0.772 0.723 0.791 0.853 0.789 0.695 
0.251 0.917 0.881 0.667 0.835 0.905 0.832 0.716 
0.263 0.883 1.195 0.610 0.703 0.853 0.789 0.695 
0.225 0.909 1.432 0.610 0.165 0.189 0.158 0.084 
0.235 0.898 0.637 0.733 0.495 0.674 0.632 0.484 
0.241 0.893 0.686 0.754 0.791 0.821 0.821 0.705 
0.249 0.920 0.522 0.805 0.978 0.958 0.979 0.937 
0.281 0.900 0.691 0.749 0.956 0.979 0.979 0.926 
0.283 0.884 0.842 0.672 0.451 0.558 0.526 0.411 
0.224 0.911 0.534 0.815 0.956 0.968 0.968 0.947 
0.198 0.922 0.968 0.636 0.549 0.653 0.589 0.442 
0.195 0.931 0.936 0.662 0.626 0.737 0.642 0.558 
0.208 0.931 0.629 0.759 0.769 0.832 0.800 0.684 
0.186 0.934 0.554 0.774 0.725 0.853 0.800 0.695 
0.214 0.908 0.684 0.744 0.725 0.853 0.800 0.705 
0.179 0.927 0.740 0.738 0.516 0.600 0.611 0.505 
0.154 0.935 0.627 0.759 0.462 0.547 0.547 0.463 
0.176 0.935 0.563 0.795 0.648 0.716 0.747 0.705 
0.196 0.918 0.722 0.738 0.736 0.884 0.811 0.716 
0.183 0.928 0.873 0.662 0.692 0.842 0.779 0.642 
0.201 0.931 0.526 0.815 0.890 0.926 0.905 0.811 
0.173 0.935 0.551 0.785 0.604 0.789 0.726 0.611 
0.205 0.928 0.470 0.826 0.813 0.895 0.895 0.811 
0.217 0.912 0.629 0.790 0.769 0.884 0.863 0.726 
0.229 0.909 0.649 0.754 0.604 0.758 0.674 0.589 
0.252 0.903 0.788 0.738 0.582 0.663 0.589 0.526 
0.180 0.925 0.567 0.759 0.582 0.726 0.674 0.642 
0.213 0.937 0.626 0.759 0.549 0.695 0.663 0.579 
0.182 0.932 1.469 0.574 0.363 0.400 0.389 0.284 
0.185 0.935 0.856 0.692 0.462 0.558 0.484 0.358 
0.248 0.922 0.963 0.651 0.374 0.442 0.442 0.305 
0.212 0.911 0.508 0.790 0.736 0.800 0.800 0.737 
0.244 0.922 0.596 0.759 0.945 0.968 0.958 0.905 
0.226 0.920 0.729 0.728 0.912 0.947 0.958 0.905 
0.221 0.918 0.635 0.744 0.429 0.516 0.516 0.389 
0.191 0.927 0.657 0.769 0.549 0.653 0.653 0.537 
0.168 0.927 0.489 0.779 0.714 0.853 0.789 0.695 
0.221 0.928 0.622 0.733 0.912 0.937 0.926 0.874 
0.213 0.928 0.578 0.790 0.945 0.947 0.958 0.926 
0.187 0.932 0.817 0.713 0.780 0.884 0.842 0.726 
0.207 0.921 0.595 0.769 0.780 0.874 0.853 0.747 
0.190 0.916 0.546 0.779 0.912 0.916 0.926 0.842 
0.166 0.932 0.519 0.805 0.703 0.874 0.789 0.674 
0.174 0.934 0.476 0.815 0.978 0.968 0.968 0.968 
0.143 0.946 0.574 0.759 0.747 0.874 0.811 0.705 
0.160 0.932 0.554 0.800 0.670 0.789 0.716 0.642 
0.167 0.944 0.610 0.769 0.604 0.684 0.642 0.579 
0.169 0.931 0.571 0.785 0.462 0.537 0.579 0.516 
0.170 0.936 0.540 0.815 0.670 0.853 0.842 0.768 
0.195 0.918 0.830 0.708 0.879 0.905 0.905 0.789 
0.219 0.903 0.740 0.723 0.824 0.895 0.895 0.789 
0.199 0.923 0.616 0.754 0.945 0.958 0.968 0.895 
0.172 0.923 0.663 0.749 0.736 0.853 0.800 0.684 
0.169 0.930 0.829 0.682 0.835 0.905 0.832 0.726 
0.176 0.944 0.721 0.687 0.648 0.768 0.705 0.579 
0.185 0.935 0.712 0.723 0.681 0.821 0.768 0.674 
0.148 0.935 0.710 0.738 0.835 0.905 0.884 0.758 
0.159 0.943 0.773 0.713 0.615 0.716 0.674 0.558 
0.158 0.932 0.619 0.749 0.879 0.926 0.916 0.800 
0.150 0.930 0.625 0.785 0.901 0.926 0.937 0.853 
0.150 0.940 0.545 0.800 0.923 0.937 0.968 0.874 
0.143 0.940 0.708 0.759 0.813 0.874 0.842 0.758 
0.147 0.951 0.566 0.790 0.703 0.811 0.768 0.674 
0.146 0.945 0.490 0.790 0.835 0.905 0.905 0.821 
0.164 0.939 0.940 0.656 0.571 0.632 0.579 0.474 
0.204 0.922 0.547 0.800 0.714 0.842 0.821 0.758 
0.153 0.946 0.580 0.785 0.681 0.811 0.789 0.726 
0.205 0.928 0.614 0.744 0.615 0.726 0.684 0.579 
0.206 0.904 0.596 0.774 0.824 0.926 0.884 0.800 
0.172 0.934 0.685 0.779 0.725 0.884 0.789 0.684 
0.132 0.953 0.942 0.656 0.571 0.663 0.600 0.442 
0.218 0.943 0.535 0.779 0.934 0.947 0.937 0.916 
0.234 0.911 0.605 0.749 0.989 0.979 0.947 0.905 
0.259 0.903 0.849 0.687 0.714 0.800 0.737 0.611 
0.218 0.917 0.693 0.738 0.989 0.979 0.968 0.947 
0.255 0.905 0.685 0.738 0.912 0.947 0.926 0.811 
0.224 0.916 0.601 0.738 0.956 0.958 0.958 0.884 
0.262 0.912 0.700 0.738 0.956 0.947 0.947 0.874 
0.200 0.916 0.546 0.769 1.000 0.989 0.989 0.968 
0.212 0.927 0.848 0.677 0.604 0.737 0.684 0.547 
0.155 0.934 0.665 0.744 0.582 0.642 0.642 0.516 
0.163 0.936 0.789 0.733 0.615 0.768 0.705 0.568 
0.163 0.939 1.223 0.626 0.560 0.642 0.547 0.432 
0.141 0.949 1.085 0.646 0.670 0.789 0.684 0.547 
0.190 0.939 0.619 0.779 0.758 0.874 0.863 0.747 
0.183 0.916 0.623 0.785 0.912 0.947 0.905 0.832 
0.139 0.948 0.973 0.651 0.615 0.716 0.621 0.495 
0.131 0.944 0.932 0.703 0.582 0.726 0.653 0.547 
0.139 0.957 0.872 0.677 0.516 0.653 0.568 0.484 
0.132 0.948 0.764 0.728 0.473 0.558 0.526 0.432 
0.131 0.957 0.685 0.759 0.484 0.516 0.537 0.453 
0.176 0.944 0.618 0.774 0.549 0.642 0.632 0.568 
0.184 0.944 1.128 0.651 0.626 0.737 0.674 0.505 
0.187 0.932 0.639 0.764 0.967 0.958 0.958 0.895 
0.185 0.916 0.617 0.749 0.824 0.905 0.874 0.758 
0.158 0.943 0.599 0.769 0.659 0.726 0.716 0.568 
0.130 0.948 0.720 0.749 0.593 0.726 0.663 0.589 
0.124 0.964 0.839 0.692 0.593 0.726 0.663 0.621 
0.144 0.941 0.520 0.790 0.791 0.884 0.916 0.768 
0.193 0.946 0.566 0.800 0.857 0.905 0.937 0.863 
0.195 0.918 0.509 0.805 0.736 0.821 0.821 0.758 
0.164 0.935 0.613 0.744 0.703 0.768 0.768 0.705 
0.138 0.943 0.694 0.744 0.736 0.821 0.821 0.716 
0.203 0.940 0.568 0.795 0.791 0.895 0.853 0.779 
0.167 0.930 1.278 0.626 0.736 0.853 0.768 0.653 
0.159 0.948 0.839 0.733 0.593 0.737 0.663 0.547 
0.168 0.928 0.542 0.805 0.703 0.789 0.821 0.716 
0.189 0.939 0.600 0.754 0.692 0.842 0.811 0.716 
0.141 0.946 0.736 0.728 0.769 0.863 0.853 0.747 
0.147 0.951 0.539 0.790 0.846 0.905 0.884 0.821 
0.179 0.949 0.498 0.785 0.769 0.895 0.895 0.789 
0.171 0.926 0.572 0.779 0.813 0.916 0.895 0.832 
0.172 0.953 0.637 0.779 0.978 0.958 0.968 0.979 
0.176 0.941 1.479 0.605 0.626 0.758 0.737 0.579 
0.172 0.937 0.888 0.728 0.429 0.484 0.516 0.411 
0.150 0.940 0.710 0.764 0.615 0.758 0.726 0.611 
0.166 0.950 0.500 0.790 0.835 0.905 0.905 0.821 
0.152 0.935 0.642 0.764 0.967 0.968 0.968 0.989 
0.125 0.948 0.639 0.759 0.549 0.642 0.611 0.495 
0.117 0.957 0.581 0.774 0.571 0.674 0.632 0.568 
0.133 0.946 0.562 0.785 0.681 0.821 0.716 0.674 
0.133 0.959 0.677 0.785 0.714 0.842 0.779 0.705 
0.220 0.944 0.641 0.785 0.813 0.905 0.905 0.811 
0.196 0.932 0.523 0.810 0.934 0.937 0.958 0.884 
0.150 0.949 0.625 0.785 0.703 0.811 0.779 0.695 
0.142 0.964 0.658 0.764 0.714 0.853 0.768 0.663 
0.144 0.950 1.072 0.636 0.670 0.758 0.642 0.579 
0.138 0.945 0.708 0.749 0.725 0.832 0.737 0.600 
0.128 0.959 0.632 0.754 0.802 0.895 0.905 0.789 
0.163 0.946 0.746 0.759 0.769 0.884 0.842 0.737 
0.126 0.940 0.540 0.779 0.780 0.874 0.842 0.737 
0.128 0.949 0.559 0.774 0.813 0.895 0.874 0.821 
0.130 0.940 0.585 0.815 0.857 0.926 0.926 0.874 
0.119 0.957 0.611 0.795 0.692 0.811 0.800 0.642 
0.116 0.954 0.687 0.764 0.703 0.832 0.811 0.695 
0.110 0.957 0.577 0.805 0.747 0.884 0.842 0.737 
0.117 0.959 0.505 0.826 0.791 0.905 0.853 0.747 
0.121 0.966 0.536 0.800 0.681 0.832 0.811 0.695 
0.143 0.954 0.622 0.810 0.945 0.937 0.968 0.937 
0.155 0.940 0.555 0.810 0.989 0.979 0.968 0.937 
0.170 0.932 0.626 0.769 0.571 0.705 0.589 0.505 
0.177 0.928 0.758 0.723 0.692 0.811 0.726 0.674 
0.121 0.962 0.740 0.759 0.637 0.716 0.611 0.516 
0.146 0.949 0.566 0.826 0.692 0.779 0.737 0.663 
0.126 0.955 0.476 0.785 0.747 0.842 0.853 0.758 
0.108 0.958 0.698 0.749 0.714 0.811 0.800 0.726 
0.110 0.971 0.759 0.733 0.593 0.684 0.674 0.568 
0.137 0.964 0.590 0.774 0.549 0.568 0.621 0.495 
0.126 0.957 0.547 0.790 0.692 0.758 0.779 0.674 
0.105 0.957 0.565 0.800 0.802 0.884 0.884 0.800 
0.129 0.958 0.621 0.790 0.681 0.779 0.737 0.663 
0.201 0.962 0.519 0.831 0.901 0.926 0.968 0.905 
0.244 0.911 0.628 0.785 0.835 0.884 0.926 0.832 
0.239 0.927 1.062 0.667 0.549 0.632 0.642 0.537 
0.170 0.925 1.165 0.631 0.780 0.884 0.811 0.705 
0.121 0.954 0.663 0.754 0.681 0.789 0.737 0.589 
0.124 0.964 0.764 0.764 0.549 0.579 0.579 0.505 
0.131 0.953 0.565 0.800 0.769 0.832 0.853 0.726 
0.112 0.959 0.513 0.805 0.791 0.884 0.842 0.758 
0.098 0.964 0.613 0.769 0.637 0.758 0.705 0.568 
0.109 0.969 0.565 0.805 0.758 0.853 0.821 0.705 
0.108 0.962 0.604 0.785 0.945 0.947 0.958 0.926 
0.100 0.968 0.550 0.805 0.879 0.937 0.916 0.842 
0.139 0.955 0.622 0.774 0.835 0.926 0.905 0.779 
0.126 0.950 0.676 0.759 0.868 0.916 0.916 0.779 
0.119 0.962 0.628 0.764 0.857 0.895 0.895 0.768 
0.136 0.943 0.666 0.774 0.615 0.726 0.674 0.579 
0.169 0.943 0.627 0.785 0.692 0.779 0.768 0.642 
0.204 0.937 0.706 0.749 0.615 0.726 0.726 0.632 
0.182 0.931 0.599 0.815 0.516 0.568 0.579 0.505 
0.135 0.946 0.930 0.738 0.978 0.979 0.979 0.947 
0.100 0.968 0.883 0.656 0.637 0.758 0.674 0.589 
0.104 0.964 0.660 0.728 0.659 0.758 0.684 0.611 
0.129 0.953 0.591 0.821 0.835 0.916 0.905 0.821 
0.161 0.934 0.705 0.774 0.747 0.874 0.821 0.737 
0.141 0.954 0.535 0.795 0.714 0.874 0.853 0.716 
0.154 0.960 0.759 0.733 0.681 0.800 0.779 0.663 
0.150 0.930 0.685 0.749 0.571 0.705 0.674 0.579 
0.128 0.957 0.570 0.790 0.626 0.737 0.674 0.579 
0.175 0.960 0.641 0.790 0.725 0.874 0.800 0.726 
0.233 0.918 0.864 0.703 0.659 0.747 0.674 0.611 
0.199 0.932 0.734 0.749 0.659 0.758 0.695 0.600 
0.131 0.946 0.758 0.769 0.692 0.789 0.758 0.653 
0.104 0.959 0.604 0.800 0.604 0.705 0.621 0.568 
0.122 0.963 0.544 0.826 0.681 0.811 0.800 0.663 
0.131 0.963 0.771 0.744 0.593 0.716 0.674 0.547 
0.136 0.955 0.577 0.779 0.582 0.642 0.611 0.505 
0.115 0.954 0.543 0.841 0.692 0.800 0.747 0.642 
0.105 0.962 0.573 0.805 0.593 0.716 0.653 0.568 
0.135 0.959 0.719 0.785 0.714 0.811 0.800 0.716 
0.132 0.945 0.653 0.774 0.747 0.863 0.853 0.737 
0.119 0.960 0.630 0.795 0.912 0.947 0.926 0.905 
0.147 0.955 1.088 0.646 0.604 0.684 0.611 0.526 
0.135 0.949 0.805 0.749 0.593 0.726 0.684 0.579 
0.094 0.964 0.856 0.738 0.648 0.737 0.726 0.621 
0.123 0.957 0.744 0.759 0.571 0.684 0.653 0.547 
0.119 0.957 0.833 0.697 0.582 0.705 0.632 0.568 
0.099 0.968 0.553 0.815 0.670 0.758 0.747 0.621 
0.115 0.962 0.577 0.810 0.769 0.884 0.895 0.758 
0.126 0.968 0.604 0.790 0.868 0.926 0.947 0.842 
0.131 0.944 0.771 0.728 0.747 0.874 0.853 0.716 
0.106 0.959 0.563 0.800 0.791 0.905 0.884 0.800 
0.106 0.968 0.628 0.795 0.835 0.926 0.895 0.768 
0.104 0.973 0.576 0.805 0.791 0.905 0.853 0.758 
0.086 0.967 0.534 0.821 0.846 0.916 0.895 0.789 
0.118 0.967 0.487 0.841 0.868 0.926 0.937 0.853 
0.101 0.964 0.581 0.810 0.824 0.905 0.884 0.800 
0.123 0.964 0.522 0.800 0.714 0.821 0.821 0.716 
0.116 0.958 0.575 0.831 0.670 0.758 0.747 0.684 
0.132 0.963 0.568 0.815 0.736 0.863 0.863 0.747 
0.115 0.966 0.610 0.805 0.857 0.926 0.947 0.874 
0.113 0.966 0.622 0.795 0.714 0.853 0.842 0.705 
0.115 0.963 0.583 0.800 0.670 0.789 0.737 0.600 
0.111 0.960 0.573 0.821 0.857 0.926 0.937 0.811 
0.086 0.969 0.604 0.779 0.692 0.779 0.747 0.600 
0.142 0.971 0.586 0.815 0.978 0.958 0.968 0.947 
0.122 0.946 0.519 0.815 1.000 0.989 1.000 0.968 
0.094 0.969 0.592 0.785 0.901 0.916 0.968 0.779 
0.106 0.971 0.566 0.810 0.868 0.916 0.905 0.811 
0.097 0.964 0.667 0.821 0.813 0.895 0.842 0.726 
0.085 0.976 0.648 0.785 0.769 0.884 0.842 0.726 
0.090 0.969 0.645 0.790 0.692 0.832 0.768 0.663 
0.093 0.974 0.528 0.815 0.802 0.895 0.895 0.779 
0.101 0.971 0.581 0.815 0.736 0.874 0.811 0.705 
0.112 0.964 0.553 0.805 0.769 0.884 0.821 0.695 
0.091 0.974 0.603 0.810 0.780 0.884 0.884 0.779 
0.114 0.976 0.623 0.821 0.890 0.926 0.968 0.832 
0.099 0.969 0.604 0.785 0.879 0.916 0.947 0.842 
0.107 0.966 0.557 0.826 0.780 0.884 0.842 0.779 
0.105 0.971 0.550 0.826 0.736 0.821 0.811 0.716 
0.103 0.973 0.604 0.795 0.593 0.695 0.684 0.547 
0.089 0.968 0.556 0.810 0.637 0.768 0.705 0.621 
0.078 0.978 0.559 0.805 0.681 0.811 0.758 0.653 
0.084 0.973 0.613 0.821 0.670 0.800 0.747 0.642 
0.082 0.973 0.598 0.815 0.681 0.811 0.789 0.674 
0.105 0.974 0.524 0.821 0.769 0.874 0.842 0.811 
0.088 0.972 0.492 0.826 0.802 0.895 0.884 0.832 
0.088 0.971 0.580 0.836 0.736 0.874 0.832 0.768 
0.117 0.972 0.529 0.836 0.791 0.905 0.874 0.811 
0.143 0.958 0.560 0.815 0.879 0.926 0.947 0.863 
0.091 0.974 0.636 0.785 0.681 0.779 0.768 0.684 
0.110 0.963 0.598 0.810 0.692 0.832 0.789 0.684 
0.088 0.963 0.571 0.810 0.758 0.884 0.874 0.779 
0.083 0.980 0.639 0.800 0.659 0.789 0.705 0.589 
0.096 0.971 0.583 0.826 0.681 0.779 0.737 0.632 
0.086 0.973 0.604 0.805 0.681 0.811 0.779 0.674 
0.128 0.971 0.548 0.805 0.670 0.821 0.768 0.674 
0.256 0.950 0.578 0.795 0.879 0.937 0.958 0.905 
0.173 0.944 0.666 0.790 0.769 0.874 0.832 0.779 
0.101 0.974 0.703 0.795 0.648 0.747 0.705 0.611 
0.077 0.972 0.599 0.810 0.681 0.768 0.716 0.632 
0.103 0.978 0.677 0.805 0.681 0.800 0.747 0.642 
0.105 0.967 0.636 0.779 0.615 0.705 0.674 0.579 
0.175 0.969 0.556 0.805 0.615 0.705 0.611 0.547 
0.109 0.957 0.807 0.738 0.473 0.516 0.474 0.400 
0.118 0.963 0.671 0.779 0.626 0.716 0.642 0.547 
0.086 0.976 0.601 0.795 0.670 0.811 0.758 0.674 
0.128 0.964 0.573 0.821 0.714 0.874 0.811 0.705 
0.117 0.960 0.697 0.774 0.769 0.853 0.863 0.747 
0.111 0.974 0.755 0.764 0.758 0.874 0.853 0.716 
0.165 0.969 0.874 0.713 0.637 0.747 0.684 0.589 
0.104 0.957 0.676 0.805 0.780 0.884 0.874 0.800 
0.086 0.974 0.624 0.779 0.637 0.758 0.695 0.589 
0.085 0.978 0.533 0.810 0.703 0.821 0.789 0.716 
0.119 0.968 0.539 0.795 0.736 0.863 0.811 0.726 
0.087 0.960 0.836 0.749 0.692 0.832 0.789 0.684 
0.085 0.966 0.682 0.754 0.692 0.895 0.842 0.716 
0.090 0.971 0.541 0.815 0.813 0.895 0.895 0.821 
0.129 0.976 0.581 0.795 0.692 0.874 0.842 0.737 
0.096 0.974 0.756 0.785 0.736 0.874 0.853 0.726 
0.077 0.977 0.649 0.795 0.912 0.937 0.968 0.937 
0.106 0.981 0.547 0.826 0.747 0.895 0.832 0.800 
0.095 0.962 0.671 0.810 0.626 0.726 0.716 0.611 
0.102 0.964 0.844 0.713 0.560 0.695 0.632 0.516 
0.094 0.969 0.629 0.774 0.659 0.800 0.747 0.632 
0.091 0.969 0.659 0.785 0.703 0.832 0.779 0.695 
0.121 0.962 0.791 0.744 0.560 0.653 0.621 0.516 
0.102 0.957 0.693 0.785 0.769 0.884 0.874 0.779 
0.105 0.968 0.711 0.754 0.681 0.800 0.758 0.632 
0.092 0.964 0.651 0.785 0.714 0.874 0.800 0.684 
0.121 0.977 0.783 0.744 0.659 0.758 0.737 0.621 
0.155 0.968 0.771 0.749 0.681 0.842 0.758 0.663 
0.170 0.949 0.660 0.805 0.879 0.926 0.937 0.884 
0.177 0.939 0.593 0.815 0.736 0.842 0.832 0.758 
0.121 0.957 0.778 0.769 0.868 0.916 0.958 0.937 
0.094 0.972 0.576 0.821 0.747 0.874 0.832 0.779 
0.091 0.974 0.577 0.841 0.780 0.884 0.874 0.800 
0.083 0.971 0.781 0.754 0.626 0.758 0.716 0.579 
0.105 0.976 0.589 0.815 0.670 0.789 0.758 0.695 
0.104 0.966 0.651 0.795 0.758 0.884 0.842 0.758 
0.098 0.969 0.721 0.744 0.747 0.853 0.789 0.695 
0.116 0.978 0.563 0.836 0.857 0.916 0.916 0.832 
0.126 0.968 0.683 0.795 0.758 0.853 0.842 0.716 
0.130 0.950 0.673 0.790 0.714 0.821 0.821 0.716 
0.080 0.978 0.621 0.826 0.670 0.768 0.768 0.684 
0.081 0.977 0.553 0.826 0.670 0.747 0.758 0.705 
0.071 0.973 0.659 0.795 0.670 0.747 0.758 0.663 
0.090 0.966 0.633 0.805 0.659 0.737 0.737 0.621 
0.113 0.976 0.613 0.815 0.659 0.737 0.684 0.632 
0.122 0.950 1.070 0.703 0.363 0.421 0.337 0.274 
0.117 0.954 0.651 0.779 0.560 0.684 0.632 0.537 
0.087 0.973 0.616 0.826 0.714 0.832 0.811 0.758 
0.073 0.981 0.693 0.800 0.648 0.779 0.705 0.653 
0.120 0.966 0.651 0.800 0.681 0.800 0.737 0.684 
0.086 0.974 0.693 0.815 0.780 0.853 0.895 0.832 
0.102 0.977 0.700 0.774 0.571 0.674 0.611 0.537 
0.131 0.969 0.718 0.774 0.451 0.516 0.537 0.442 
0.081 0.974 0.606 0.815 0.582 0.663 0.621 0.568 
0.107 0.972 0.615 0.836 0.582 0.632 0.642 0.568 
0.104 0.969 0.649 0.805 0.604 0.705 0.695 0.621 
0.085 0.974 0.629 0.821 0.670 0.800 0.737 0.674 
0.113 0.960 0.591 0.810 0.615 0.705 0.674 0.568 
0.102 0.981 0.840 0.774 0.835 0.916 0.937 0.884 
0.074 0.980 0.620 0.810 0.703 0.832 0.789 0.674 
0.080 0.976 0.631 0.831 0.703 0.853 0.800 0.726 
0.081 0.974 0.638 0.805 0.659 0.811 0.779 0.674 
0.091 0.976 0.597 0.805 0.714 0.853 0.800 0.726 
0.072 0.978 0.580 0.810 0.714 0.832 0.821 0.737 
0.086 0.977 0.554 0.815 0.692 0.832 0.800 0.726 
0.078 0.977 0.640 0.805 0.604 0.705 0.695 0.568 
0.121 0.977 0.543 0.826 0.681 0.758 0.737 0.663 
0.091 0.969 0.663 0.826 0.681 0.789 0.747 0.653 
0.098 0.973 0.628 0.815 0.582 0.705 0.663 0.558 
0.075 0.972 0.680 0.815 0.758 0.832 0.811 0.737 
0.075 0.983 0.529 0.821 0.736 0.832 0.811 0.758 
0.080 0.978 0.634 0.790 0.615 0.737 0.695 0.568 
0.072 0.982 0.711 0.800 0.593 0.747 0.674 0.579 
0.075 0.982 0.626 0.821 0.692 0.811 0.737 0.695 
0.118 0.967 0.653 0.805 0.791 0.884 0.916 0.832 
0.096 0.968 0.670 0.815 0.791 0.895 0.926 0.842 
0.118 0.967 0.751 0.805 0.714 0.832 0.811 0.716 
0.101 0.967 0.800 0.774 0.560 0.705 0.642 0.516 
0.091 0.972 0.795 0.728 0.451 0.558 0.568 0.411 
0.089 0.981 0.672 0.826 0.637 0.726 0.705 0.621 
0.144 0.978 0.653 0.795 0.560 0.663 0.642 0.568 
0.103 0.964 0.907 0.692 0.505 0.547 0.589 0.463 
0.109 0.971 0.776 0.754 0.462 0.579 0.589 0.453 
0.130 0.971 0.867 0.754 0.593 0.642 0.663 0.579 
0.114 0.967 0.553 0.831 0.714 0.832 0.821 0.779 
0.091 0.980 0.678 0.831 0.725 0.853 0.863 0.821 
0.081 0.968 0.565 0.826 0.637 0.737 0.737 0.642 
0.068 0.985 0.612 0.800 0.604 0.716 0.705 0.589 
0.073 0.981 0.646 0.831 0.637 0.716 0.684 0.632 
0.081 0.982 0.686 0.826 0.681 0.768 0.758 0.705 
0.072 0.978 0.576 0.831 0.670 0.768 0.768 0.705 
0.075 0.978 0.635 0.831 0.626 0.705 0.684 0.611 
0.085 0.974 0.737 0.779 0.648 0.737 0.726 0.611 
0.096 0.974 0.774 0.733 0.516 0.653 0.642 0.537 
0.105 0.971 0.663 0.790 0.637 0.726 0.726 0.642 
0.076 0.978 0.620 0.821 0.692 0.842 0.863 0.800 
0.142 0.966 0.830 0.764 0.582 0.716 0.695 0.589 
0.094 0.958 0.549 0.826 0.725 0.842 0.863 0.768 
0.071 0.977 0.600 0.810 0.824 0.884 0.895 0.821 
0.097 0.978 0.616 0.795 0.681 0.789 0.758 0.653 
0.091 0.976 0.638 0.810 0.516 0.674 0.642 0.568 
0.079 0.976 0.645 0.779 0.637 0.705 0.695 0.642 
0.109 0.971 0.707 0.759 0.549 0.600 0.589 0.537 
0.089 0.978 0.605 0.795 0.714 0.821 0.768 0.695 
0.083 0.971 0.552 0.805 0.670 0.789 0.747 0.684 
0.094 0.976 0.600 0.795 0.637 0.768 0.716 0.632 
0.165 0.966 0.587 0.810 0.802 0.884 0.926 0.832 
0.123 0.962 0.551 0.805 0.835 0.905 0.968 0.895 
0.106 0.968 0.956 0.728 0.429 0.505 0.484 0.305 
0.083 0.977 0.707 0.769 0.495 0.621 0.579 0.484 
0.074 0.974 0.619 0.800 0.505 0.632 0.589 0.526 
0.094 0.976 0.644 0.831 0.549 0.695 0.684 0.579 
0.074 0.977 0.575 0.805 0.571 0.695 0.684 0.568 
0.074 0.983 0.617 0.810 0.549 0.684 0.632 0.568 
0.067 0.983 0.573 0.826 0.604 0.716 0.705 0.600 
0.092 0.973 0.602 0.815 0.604 0.726 0.705 0.600 
0.082 0.973 0.644 0.800 0.747 0.821 0.832 0.779 
0.103 0.976 0.626 0.800 0.659 0.737 0.726 0.653 
0.083 0.978 0.656 0.795 0.648 0.726 0.716 0.632 
0.083 0.978 0.595 0.826 0.714 0.821 0.842 0.779 
0.061 0.987 0.703 0.785 0.615 0.705 0.684 0.589 
0.149 0.974 0.626 0.795 0.582 0.705 0.684 0.589 
0.101 0.976 0.683 0.790 0.681 0.737 0.716 0.653 
0.115 0.974 0.650 0.805 0.714 0.779 0.779 0.695 
0.114 0.971 0.663 0.810 0.659 0.737 0.716 0.674 
0.078 0.977 0.582 0.800 0.725 0.811 0.842 0.747 
0.084 0.971 0.607 0.821 0.626 0.716 0.737 0.621 
0.093 0.980 0.684 0.805 0.516 0.642 0.642 0.579 
0.110 0.976 0.642 0.785 0.527 0.653 0.632 0.558 
0.082 0.967 0.636 0.800 0.692 0.811 0.789 0.684 
0.100 0.974 0.569 0.821 0.703 0.811 0.800 0.663 
0.102 0.963 0.611 0.810 0.626 0.705 0.674 0.600 
0.100 0.966 0.757 0.754 0.593 0.705 0.653 0.568 
0.082 0.982 0.638 0.805 0.648 0.768 0.674 0.621 
0.081 0.977 0.593 0.815 0.681 0.811 0.811 0.705 
0.077 0.978 0.625 0.795 0.615 0.705 0.684 0.589 
0.100 0.974 0.681 0.821 0.758 0.874 0.863 0.800 
0.075 0.976 0.562 0.805 0.714 0.853 0.800 0.726 
0.100 0.972 0.638 0.810 0.659 0.716 0.653 0.589 
0.072 0.973 0.666 0.800 0.637 0.726 0.695 0.600 
0.075 0.981 0.643 0.800 0.626 0.705 0.663 0.568 
0.089 0.980 0.586 0.836 0.692 0.800 0.800 0.695 
0.063 0.985 0.646 0.805 0.868 0.905 0.958 0.884 
0.070 0.981 0.585 0.831 0.703 0.842 0.842 0.768 
0.082 0.972 0.694 0.810 0.659 0.737 0.705 0.621 
0.075 0.980 0.686 0.831 0.659 0.768 0.747 0.632 
0.067 0.980 0.637 0.826 0.670 0.768 0.747 0.632 
0.069 0.977 0.657 0.795 0.593 0.695 0.632 0.579 
0.064 0.982 0.657 0.795 0.549 0.653 0.632 0.579 
0.071 0.986 0.627 0.821 0.681 0.800 0.779 0.705 
0.080 0.973 0.632 0.810 0.593 0.684 0.705 0.600 
0.061 0.982 0.662 0.785 0.484 0.621 0.568 0.516 
0.093 0.973 0.679 0.805 0.626 0.726 0.684 0.579 
0.072 0.978 0.594 0.805 0.670 0.789 0.800 0.716 
0.068 0.978 0.640 0.774 0.582 0.674 0.642 0.558 
0.070 0.976 0.625 0.836 0.637 0.695 0.663 0.600 
0.070 0.976 0.675 0.800 0.527 0.621 0.621 0.537 
0.066 0.977 0.620 0.821 0.571 0.674 0.653 0.579 
0.069 0.976 0.580 0.826 0.604 0.705 0.663 0.589 
0.098 0.971 0.568 0.821 0.615 0.705 0.674 0.611 
0.071 0.973 0.646 0.810 0.648 0.726 0.695 0.632 
0.081 0.981 0.576 0.805 0.527 0.632 0.642 0.568 
0.061 0.982 0.588 0.810 0.571 0.674 0.653 0.568 
0.065 0.981 0.608 0.826 0.670 0.758 0.737 0.663 
0.081 0.976 0.623 0.831 0.703 0.832 0.821 0.737 
0.123 0.982 0.622 0.831 0.725 0.884 0.874 0.768 
0.073 0.980 0.567 0.815 0.714 0.821 0.800 0.737 
0.068 0.978 0.559 0.795 0.648 0.737 0.737 0.621 
0.066 0.981 0.597 0.826 0.714 0.853 0.842 0.747 
0.077 0.982 0.641 0.836 0.703 0.800 0.800 0.758 
0.150 0.971 0.651 0.821 0.725 0.832 0.842 0.768 
0.066 0.982 0.593 0.815 0.637 0.747 0.695 0.653 
0.077 0.987 0.648 0.815 0.670 0.779 0.747 0.674 
0.092 0.978 0.582 0.810 0.681 0.779 0.737 0.684 
0.064 0.981 0.678 0.800 0.692 0.800 0.705 0.632 
0.081 0.985 0.594 0.821 0.615 0.695 0.674 0.589 
0.067 0.980 0.650 0.815 0.560 0.642 0.611 0.558 
0.056 0.987 0.650 0.826 0.593 0.726 0.684 0.568 
0.062 0.983 0.578 0.821 0.549 0.705 0.663 0.558 
0.058 0.986 0.604 0.821 0.626 0.737 0.695 0.632 
0.070 0.980 0.577 0.805 0.648 0.737 0.726 0.632 
0.096 0.977 0.626 0.815 0.637 0.737 0.684 0.600 
0.062 0.976 0.728 0.744 0.516 0.642 0.568 0.505 
0.068 0.982 0.757 0.790 0.527 0.642 0.568 0.526 
0.114 0.978 0.647 0.821 0.626 0.726 0.684 0.611 
0.067 0.978 0.794 0.790 0.780 0.884 0.916 0.832 
0.078 0.985 0.622 0.831 0.648 0.768 0.737 0.716 
0.089 0.980 0.625 0.826 0.703 0.789 0.821 0.779 
0.062 0.982 0.646 0.800 0.593 0.705 0.684 0.589 
0.056 0.987 0.617 0.795 0.538 0.684 0.642 0.568 
0.120 0.974 0.609 0.815 0.615 0.726 0.705 0.600 
0.121 0.969 0.651 0.805 0.747 0.884 0.884 0.821 
0.112 0.976 0.625 0.800 0.703 0.811 0.821 0.747 
0.071 0.980 0.717 0.769 0.582 0.663 0.632 0.547 
0.067 0.986 0.568 0.795 0.604 0.705 0.663 0.568 
0.111 0.978 0.652 0.831 0.604 0.705 0.663 0.579 
0.078 0.976 0.670 0.821 0.582 0.716 0.684 0.579 
0.089 0.981 0.635 0.805 0.516 0.642 0.621 0.516 
0.105 0.972 0.641 0.815 0.659 0.747 0.747 0.674 
0.084 0.980 0.644 0.821 0.692 0.768 0.789 0.758 
0.070 0.983 0.693 0.810 0.681 0.768 0.779 0.705 
0.079 0.981 0.714 0.785 0.593 0.674 0.642 0.579 
0.098 0.991 0.619 0.836 0.703 0.789 0.789 0.695 
0.108 0.978 0.650 0.831 0.714 0.800 0.842 0.758 
0.080 0.981 0.660 0.795 0.637 0.705 0.663 0.621 
0.059 0.985 0.640 0.805 0.604 0.747 0.695 0.589 
0.066 0.980 0.630 0.810 0.681 0.747 0.768 0.705 
0.067 0.990 0.691 0.815 0.692 0.811 0.800 0.768 
0.068 0.986 0.574 0.795 0.615 0.705 0.674 0.611 
0.059 0.985 0.602 0.795 0.648 0.716 0.705 0.621 
0.083 0.981 0.714 0.815 0.692 0.789 0.758 0.663 
0.080 0.986 0.602 0.815 0.670 0.737 0.737 0.611 
0.076 0.978 0.617 0.815 0.659 0.789 0.758 0.684 
0.135 0.976 0.560 0.810 0.736 0.853 0.821 0.768 
0.133 0.981 0.698 0.790 0.670 0.758 0.747 0.663 
0.101 0.974 0.670 0.810 0.681 0.768 0.768 0.705 
0.060 0.982 0.740 0.769 0.648 0.737 0.716 0.621 
0.056 0.991 0.624 0.810 0.615 0.695 0.663 0.589 
0.061 0.986 0.713 0.805 0.626 0.684 0.674 0.600 
0.056 0.983 0.718 0.810 0.582 0.642 0.653 0.558 
0.178 0.974 0.630 0.815 0.593 0.653 0.663 0.568 
0.065 0.985 0.694 0.795 0.473 0.547 0.589 0.484 
0.106 0.976 0.574 0.821 0.626 0.737 0.705 0.642 
0.071 0.976 0.661 0.795 0.549 0.695 0.684 0.568 
0.079 0.980 0.731 0.790 0.571 0.653 0.663 0.579 
0.093 0.980 0.632 0.800 0.582 0.663 0.674 0.589 
0.077 0.981 0.690 0.795 0.637 0.747 0.737 0.653 
0.079 0.983 0.634 0.790 0.670 0.789 0.779 0.674 
0.067 0.981 0.598 0.810 0.747 0.863 0.842 0.758 
0.056 0.983 0.750 0.810 0.703 0.842 0.800 0.705 
0.057 0.981 0.645 0.785 0.659 0.747 0.779 0.642 
0.161 0.977 0.674 0.785 0.637 0.737 0.705 0.642 
0.097 0.977 0.632 0.815 0.648 0.758 0.737 0.674 
0.090 0.976 0.619 0.831 0.725 0.832 0.821 0.758 
0.082 0.982 0.727 0.774 0.659 0.716 0.695 0.632 
0.077 0.983 0.634 0.815 0.681 0.768 0.768 0.695 
0.054 0.987 0.697 0.790 0.582 0.642 0.632 0.547 
0.084 0.987 0.661 0.815 0.626 0.716 0.684 0.621 
0.086 0.974 0.634 0.810 0.692 0.789 0.800 0.747 
0.070 0.983 0.720 0.815 0.637 0.726 0.695 0.642 
0.079 0.976 0.691 0.826 0.659 0.737 0.747 0.674 
0.067 0.982 0.652 0.815 0.637 0.716 0.674 0.600 
0.081 0.983 0.575 0.826 0.714 0.842 0.842 0.758 
0.074 0.981 0.588 0.821 0.714 0.832 0.811 0.758 
0.056 0.986 0.654 0.810 0.593 0.695 0.663 0.589 
0.075 0.982 0.678 0.790 0.495 0.653 0.621 0.547 
0.081 0.977 0.668 0.800 0.484 0.611 0.621 0.526 
0.097 0.973 0.657 0.815 0.626 0.716 0.674 0.653 
0.085 0.985 0.654 0.805 0.407 0.474 0.474 0.389 
0.063 0.985 0.627 0.810 0.648 0.726 0.674 0.632 
0.068 0.982 0.617 0.805 0.582 0.663 0.653 0.568 
0.071 0.981 0.625 0.795 0.538 0.663 0.653 0.547 
0.060 0.983 0.583 0.800 0.516 0.663 0.653 0.558 
0.058 0.985 0.657 0.810 0.549 0.642 0.642 0.589 
0.063 0.986 0.613 0.805 0.516 0.621 0.632 0.568 
0.072 0.989 0.609 0.831 0.615 0.695 0.674 0.621 
0.112 0.986 0.688 0.800 0.549 0.684 0.674 0.568 
0.067 0.983 0.647 0.800 0.505 0.611 0.600 0.547 
0.059 0.989 0.657 0.810 0.495 0.621 0.589 0.537 
0.063 0.982 0.612 0.821 0.484 0.600 0.579 0.537 
0.069 0.989 0.696 0.815 0.505 0.653 0.632 0.558 
0.089 0.982 0.601 0.831 0.615 0.726 0.674 0.632 
0.087 0.983 0.675 0.815 0.560 0.684 0.663 0.558 
0.124 0.974 0.677 0.800 0.495 0.632 0.642 0.516 
0.099 0.989 0.652 0.790 0.571 0.663 0.653 0.568 
0.064 0.985 0.618 0.810 0.703 0.800 0.853 0.789 
0.052 0.991 0.612 0.810 0.637 0.726 0.705 0.611 
0.055 0.985 0.627 0.815 0.604 0.705 0.663 0.579 
0.055 0.983 0.588 0.805 0.604 0.705 0.663 0.579 
0.058 0.987 0.692 0.826 0.626 0.716 0.674 0.621 
0.064 0.981 0.716 0.836 0.604 0.716 0.674 0.611 
0.086 0.983 0.737 0.810 0.582 0.684 0.663 0.579 
0.080 0.977 0.639 0.826 0.637 0.716 0.674 0.653 
0.083 0.977 0.653 0.810 0.560 0.653 0.653 0.547 
0.059 0.982 0.584 0.821 0.637 0.726 0.695 0.695 
0.060 0.986 0.624 0.805 0.538 0.621 0.611 0.558 
0.072 0.985 0.686 0.826 0.527 0.611 0.611 0.558 
0.062 0.983 0.686 0.805 0.571 0.621 0.642 0.589 
0.064 0.981 0.702 0.805 0.484 0.568 0.611 0.516 
0.056 0.982 0.640 0.810 0.484 0.589 0.611 0.526 
0.093 0.983 0.669 0.831 0.604 0.695 0.674 0.589 
0.064 0.981 0.666 0.805 0.703 0.768 0.779 0.779 
0.057 0.985 0.674 0.826 0.681 0.758 0.758 0.726 
0.057 0.983 0.686 0.805 0.549 0.653 0.653 0.589 
0.066 0.987 0.683 0.805 0.571 0.653 0.653 0.568 
0.059 0.989 0.631 0.831 0.626 0.716 0.674 0.621 
0.057 0.982 0.615 0.800 0.626 0.705 0.674 0.621 
0.061 0.985 0.613 0.800 0.626 0.716 0.663 0.621 
0.063 0.981 0.645 0.815 0.626 0.716 0.695 0.621 
0.055 0.986 0.659 0.815 0.615 0.716 0.663 0.621 
0.194 0.977 0.630 0.831 0.637 0.684 0.663 0.632 
0.088 0.977 0.739 0.836 0.648 0.716 0.737 0.705 
0.057 0.980 0.599 0.831 0.637 0.705 0.695 0.621 
0.050 0.985 0.674 0.821 0.637 0.695 0.684 0.621 
0.060 0.989 0.651 0.800 0.582 0.632 0.663 0.579 
0.061 0.985 0.636 0.795 0.571 0.642 0.663 0.579 
0.081 0.985 0.659 0.810 0.582 0.663 0.663 0.600 
0.074 0.982 0.587 0.810 0.681 0.726 0.705 0.653 
0.073 0.981 0.670 0.810 0.692 0.747 0.737 0.663 
0.080 0.978 0.707 0.785 0.571 0.653 0.642 0.589 
0.084 0.986 0.751 0.810 0.582 0.621 0.642 0.568 
0.058 0.986 0.729 0.821 0.659 0.695 0.705 0.632 
0.052 0.982 0.709 0.826 0.659 0.705 0.684 0.632 
0.125 0.978 0.663 0.805 0.626 0.695 0.663 0.611 
0.058 0.982 0.676 0.790 0.615 0.695 0.642 0.579 
0.067 0.981 0.672 0.810 0.659 0.779 0.758 0.674 
0.054 0.981 0.670 0.805 0.659 0.737 0.747 0.642 
0.086 0.985 0.689 0.805 0.659 0.726 0.716 0.621 
0.060 0.981 0.666 0.815 0.659 0.716 0.737 0.642 
0.048 0.983 0.661 0.821 0.670 0.768 0.768 0.695 
0.073 0.989 0.646 0.815 0.681 0.779 0.789 0.716 
0.114 0.983 0.622 0.805 0.714 0.779 0.800 0.716 
0.119 0.986 0.781 0.779 0.582 0.674 0.653 0.558 
0.074 0.985 0.688 0.795 0.659 0.726 0.705 0.632 
0.067 0.982 0.672 0.800 0.615 0.695 0.674 0.589 
0.055 0.991 0.599 0.810 0.670 0.716 0.737 0.663 
0.059 0.986 0.606 0.821 0.659 0.747 0.779 0.716 
0.077 0.978 0.680 0.800 0.637 0.726 0.726 0.663 
0.072 0.987 0.704 0.785 0.626 0.716 0.684 0.611 
0.050 0.985 0.619 0.821 0.692 0.768 0.789 0.737 
0.126 0.978 0.622 0.826 0.604 0.695 0.663 0.579 
0.056 0.985 0.633 0.815 0.549 0.663 0.653 0.568 
0.050 0.985 0.749 0.831 0.615 0.695 0.674 0.600 
0.101 0.980 0.597 0.821 0.681 0.737 0.747 0.695 
0.071 0.978 0.665 0.815 0.714 0.842 0.863 0.811 
0.067 0.978 0.636 0.810 0.604 0.705 0.684 0.611 
0.093 0.978 0.701 0.795 0.549 0.642 0.632 0.547 
0.089 0.986 0.624 0.810 0.505 0.632 0.611 0.516 
0.064 0.985 0.652 0.826 0.593 0.684 0.653 0.589 
0.064 0.985 0.661 0.815 0.648 0.737 0.737 0.695 
0.061 0.982 0.668 0.836 0.648 0.747 0.768 0.674 
0.049 0.986 0.638 0.826 0.637 0.726 0.684 0.611 
0.075 0.983 0.682 0.821 0.626 0.726 0.674 0.589 
0.051 0.989 0.625 0.815 0.637 0.716 0.663 0.589 
0.059 0.989 0.631 0.826 0.648 0.726 0.747 0.684 
0.061 0.985 0.696 0.821 0.593 0.716 0.653 0.589 
0.101 0.978 0.690 0.821 0.637 0.726 0.716 0.642 
0.074 0.980 0.699 0.831 0.593 0.705 0.632 0.568 
0.099 0.985 0.707 0.810 0.648 0.768 0.726 0.695 
0.073 0.986 0.696 0.769 0.495 0.589 0.579 0.484 
0.058 0.985 0.582 0.815 0.637 0.705 0.642 0.600 
0.082 0.985 0.675 0.810 0.615 0.674 0.632 0.589 
0.056 0.983 0.646 0.821 0.582 0.663 0.632 0.568 
0.047 0.986 0.616 0.815 0.593 0.695 0.642 0.568 
0.053 0.987 0.591 0.805 0.604 0.695 0.642 0.568 
0.065 0.989 0.617 0.831 0.571 0.684 0.632 0.568 
0.048 0.991 0.580 0.831 0.593 0.705 0.663 0.589 
0.084 0.985 0.727 0.821 0.648 0.737 0.684 0.621 
0.066 0.982 0.652 0.826 0.648 0.747 0.758 0.705 
0.076 0.978 0.613 0.821 0.637 0.726 0.705 0.653 
0.049 0.989 0.627 0.841 0.637 0.726 0.695 0.632 
0.056 0.985 0.634 0.826 0.637 0.726 0.716 0.642 
0.116 0.983 0.628 0.805 0.637 0.726 0.705 0.589 
0.061 0.985 0.725 0.769 0.571 0.684 0.632 0.547 
0.082 0.981 0.650 0.795 0.604 0.695 0.632 0.579 
0.050 0.989 0.644 0.790 0.582 0.705 0.632 0.568 
0.075 0.980 0.660 0.810 0.538 0.653 0.621 0.537 
0.058 0.986 0.658 0.810 0.495 0.642 0.600 0.537 
0.068 0.987 0.686 0.815 0.505 0.653 0.611 0.547 
0.096 0.977 0.625 0.805 0.582 0.663 0.642 0.568 
0.081 0.983 0.638 0.790 0.538 0.642 0.611 0.537 
0.061 0.985 0.660 0.841 0.604 0.716 0.684 0.589 
0.050 0.986 0.655 0.846 0.626 0.726 0.695 0.621 
0.093 0.985 0.614 0.826 0.593 0.726 0.684 0.589 
0.058 0.986 0.723 0.800 0.571 0.695 0.674 0.579 
0.087 0.986 0.758 0.800 0.484 0.621 0.611 0.526 
0.055 0.981 0.709 0.805 0.593 0.684 0.653 0.579 
0.107 0.978 0.652 0.826 0.604 0.695 0.663 0.600 
0.055 0.986 0.714 0.815 0.593 0.663 0.653 0.600 
0.089 0.990 0.692 0.836 0.626 0.726 0.684 0.642 
0.072 0.981 0.781 0.826 0.692 0.821 0.832 0.811 
0.056 0.987 0.652 0.826 0.604 0.716 0.674 0.589 
0.096 0.985 0.666 0.815 0.593 0.674 0.653 0.579 
0.055 0.989 0.707 0.815 0.604 0.705 0.674 0.589 
0.046 0.986 0.679 0.805 0.582 0.674 0.642 0.568 
0.089 0.985 0.638 0.821 0.582 0.663 0.642 0.579 
0.051 0.986 0.750 0.831 0.648 0.705 0.674 0.621 
0.056 0.987 0.698 0.831 0.615 0.695 0.653 0.600 
0.060 0.989 0.602 0.831 0.582 0.653 0.632 0.579 
0.056 0.987 0.676 0.846 0.593 0.674 0.642 0.579 
0.064 0.985 0.635 0.846 0.604 0.695 0.674 0.589 
0.071 0.980 0.669 0.841 0.637 0.726 0.726 0.705 
0.060 0.983 0.662 0.826 0.703 0.768 0.789 0.737 
0.066 0.985 0.691 0.836 0.626 0.716 0.684 0.632 
0.062 0.986 0.620 0.821 0.527 0.621 0.632 0.505 
0.064 0.980 0.650 0.836 0.637 0.726 0.716 0.653 
0.061 0.987 0.653 0.841 0.626 0.716 0.695 0.632 
0.075 0.987 0.704 0.831 0.637 0.737 0.705 0.674 
0.052 0.983 0.642 0.826 0.604 0.705 0.642 0.579 
0.054 0.987 0.587 0.805 0.571 0.684 0.632 0.568 
0.053 0.989 0.612 0.815 0.615 0.705 0.663 0.589 
0.053 0.986 0.635 0.795 0.560 0.663 0.632 0.547 
0.049 0.985 0.612 0.795 0.604 0.705 0.663 0.589 
0.055 0.989 0.636 0.810 0.604 0.716 0.674 0.600 
0.061 0.983 0.676 0.810 0.604 0.716 0.684 0.621 
0.063 0.989 0.694 0.831 0.626 0.716 0.642 0.600 
0.107 0.983 0.659 0.831 0.604 0.695 0.632 0.579 
0.070 0.981 0.672 0.826 0.593 0.695 0.632 0.579 
0.053 0.982 0.610 0.821 0.604 0.705 0.642 0.611 
0.061 0.989 0.620 0.815 0.604 0.695 0.642 0.579 
0.068 0.986 0.692 0.815 0.615 0.695 0.642 0.579 
0.054 0.980 0.727 0.815 0.615 0.705 0.684 0.632 
0.064 0.987 0.637 0.815 0.615 0.705 0.695 0.632 
0.062 0.982 0.606 0.831 0.615 0.705 0.695 0.621 
0.051 0.989 0.625 0.810 0.637 0.726 0.747 0.695 
0.064 0.989 0.645 0.826 0.637 0.737 0.737 0.705 
0.054 0.986 0.731 0.821 0.615 0.716 0.705 0.653 
0.058 0.982 0.616 0.831 0.604 0.705 0.684 0.632 
0.057 0.986 0.780 0.831 0.604 0.705 0.674 0.621 
0.065 0.987 0.748 0.831 0.637 0.726 0.695 0.642 
0.046 0.987 0.659 0.826 0.615 0.705 0.674 0.621 
0.094 0.985 0.704 0.815 0.648 0.726 0.747 0.716 
0.085 0.978 0.635 0.815 0.703 0.789 0.821 0.737 
0.082 0.980 0.598 0.821 0.615 0.705 0.674 0.611 
0.054 0.987 0.589 0.826 0.615 0.726 0.674 0.611 
0.043 0.987 0.734 0.821 0.615 0.705 0.663 0.579 
0.067 0.983 0.653 0.821 0.615 0.716 0.674 0.579 
0.051 0.989 0.651 0.815 0.615 0.716 0.684 0.600 
0.073 0.983 0.632 0.821 0.615 0.705 0.674 0.600 
0.047 0.987 0.679 0.831 0.626 0.726 0.684 0.621 
0.052 0.990 0.689 0.826 0.615 0.716 0.674 0.600 
0.056 0.987 0.678 0.815 0.615 0.684 0.642 0.589 
0.054 0.989 0.701 0.810 0.593 0.674 0.642 0.568 
0.056 0.982 0.662 0.821 0.615 0.705 0.653 0.589 
0.114 0.986 0.725 0.821 0.670 0.768 0.779 0.747 
0.086 0.982 0.818 0.795 0.780 0.874 0.916 0.884 
0.060 0.978 0.713 0.826 0.637 0.747 0.747 0.705 
0.052 0.989 0.721 0.836 0.626 0.737 0.695 0.611 
0.079 0.986 0.621 0.831 0.626 0.716 0.716 0.611 
0.059 0.982 0.645 0.790 0.571 0.674 0.642 0.579 
0.052 0.986 0.602 0.826 0.593 0.695 0.663 0.621 
0.053 0.985 0.651 0.841 0.604 0.695 0.663 0.600 
0.070 0.982 0.654 0.821 0.615 0.695 0.642 0.568 
0.079 0.982 0.602 0.805 0.604 0.663 0.663 0.589 
0.051 0.990 0.602 0.800 0.626 0.716 0.695 0.684 
0.061 0.989 0.639 0.810 0.593 0.695 0.642 0.558 
0.102 0.981 0.669 0.815 0.560 0.684 0.621 0.558 
0.046 0.986 0.664 0.826 0.637 0.716 0.716 0.632 
0.067 0.983 0.650 0.831 0.626 0.705 0.663 0.589 
0.058 0.987 0.674 0.831 0.626 0.716 0.684 0.589 
0.055 0.985 0.667 0.810 0.560 0.653 0.632 0.547 
0.055 0.983 0.584 0.826 0.615 0.716 0.663 0.589 
0.050 0.989 0.628 0.826 0.626 0.716 0.684 0.589 
0.062 0.989 0.683 0.815 0.593 0.705 0.653 0.568 
0.054 0.985 0.777 0.826 0.648 0.758 0.716 0.653 
0.121 0.983 0.683 0.836 0.637 0.726 0.684 0.589 
0.066 0.986 0.744 0.846 0.626 0.716 0.695 0.611 
0.048 0.990 0.605 0.831 0.560 0.695 0.642 0.568 
0.055 0.982 0.691 0.831 0.604 0.716 0.653 0.579 
0.050 0.990 0.660 0.826 0.637 0.758 0.737 0.674 
0.060 0.991 0.638 0.815 0.593 0.716 0.663 0.589 
0.131 0.983 0.683 0.810 0.604 0.716 0.705 0.621 
0.079 0.985 0.722 0.795 0.758 0.853 0.874 0.789 
0.087 0.982 0.627 0.831 0.626 0.758 0.726 0.632 
0.091 0.981 0.677 0.831 0.736 0.811 0.863 0.832 
