4.913 0.476 1.913 0.566 0.846 0.833 0.833 0.833 
1.502 0.608 2.326 0.623 1.000 1.000 1.000 1.000 
2.165 0.575 2.058 0.623 1.000 1.000 1.000 1.000 
1.683 0.575 1.103 0.623 1.000 1.000 1.000 1.000 
0.872 0.585 1.229 0.415 0.154 0.111 0.111 0.111 
1.028 0.524 0.968 0.509 0.154 0.111 0.111 0.111 
0.709 0.684 0.999 0.717 0.923 0.833 0.778 0.833 
0.764 0.689 1.043 0.642 1.000 0.944 0.944 0.944 
0.824 0.679 0.928 0.660 1.000 0.833 0.833 0.833 
0.758 0.689 0.729 0.698 0.846 0.611 0.611 0.611 
0.653 0.712 0.619 0.604 0.385 0.278 0.278 0.278 
0.614 0.670 0.628 0.547 0.385 0.278 0.278 0.278 
0.604 0.660 0.568 0.717 0.692 0.500 0.500 0.500 
0.587 0.736 0.605 0.755 0.769 0.556 0.556 0.556 
0.580 0.745 0.599 0.755 0.692 0.500 0.500 0.500 
0.576 0.736 0.606 0.736 0.462 0.333 0.333 0.333 
0.574 0.788 0.679 0.755 0.308 0.222 0.222 0.222 
0.562 0.741 0.624 0.792 0.385 0.333 0.333 0.333 
0.549 0.778 0.615 0.774 0.462 0.333 0.333 0.333 
0.545 0.774 0.610 0.774 0.462 0.333 0.333 0.333 
0.546 0.769 0.629 0.736 0.308 0.222 0.222 0.222 
0.534 0.783 0.652 0.717 0.231 0.167 0.167 0.167 
0.535 0.736 0.640 0.736 0.308 0.222 0.222 0.222 
0.525 0.788 0.618 0.811 0.308 0.222 0.222 0.222 
0.531 0.792 0.620 0.811 0.308 0.278 0.278 0.278 
0.519 0.783 0.632 0.774 0.308 0.222 0.222 0.222 
0.530 0.769 0.640 0.736 0.308 0.222 0.222 0.222 
0.525 0.802 0.633 0.774 0.308 0.222 0.222 0.222 
0.511 0.783 0.652 0.755 0.308 0.222 0.222 0.222 
0.516 0.792 0.642 0.774 0.308 0.222 0.222 0.222 
0.520 0.792 0.643 0.736 0.308 0.222 0.222 0.222 
0.517 0.778 0.660 0.717 0.308 0.222 0.222 0.222 
0.506 0.764 0.651 0.736 0.308 0.222 0.222 0.222 
0.509 0.802 0.629 0.774 0.308 0.222 0.222 0.222 
0.508 0.807 0.637 0.774 0.308 0.222 0.222 0.222 
0.517 0.797 0.644 0.736 0.308 0.222 0.222 0.222 
0.512 0.759 0.646 0.717 0.308 0.222 0.222 0.222 
0.513 0.764 0.628 0.755 0.308 0.278 0.278 0.278 
0.510 0.764 0.623 0.774 0.462 0.333 0.333 0.333 
0.504 0.792 0.621 0.792 0.462 0.333 0.333 0.333 
0.505 0.807 0.629 0.755 0.462 0.333 0.333 0.333 
0.501 0.764 0.645 0.698 0.385 0.278 0.278 0.278 
4.913 0.476 1.913 0.566 0.846 0.833 0.833 0.833 
1.502 0.608 2.326 0.623 1.000 1.000 1.000 1.000 
2.165 0.575 2.058 0.623 1.000 1.000 1.000 1.000 
1.683 0.575 1.104 0.623 1.000 1.000 1.000 1.000 
0.872 0.585 1.230 0.415 0.154 0.111 0.111 0.111 
1.029 0.519 0.967 0.509 0.154 0.111 0.111 0.111 
0.710 0.689 1.000 0.717 0.923 0.833 0.833 0.778 
0.765 0.679 1.046 0.642 1.000 0.944 0.944 0.944 
0.827 0.679 0.932 0.660 1.000 0.833 0.833 0.833 
0.761 0.689 0.732 0.717 0.846 0.611 0.611 0.611 
0.653 0.712 0.619 0.604 0.385 0.278 0.278 0.278 
0.612 0.670 0.631 0.566 0.308 0.222 0.222 0.222 
0.603 0.675 0.567 0.717 0.692 0.500 0.500 0.500 
0.586 0.736 0.606 0.755 0.769 0.556 0.556 0.556 
0.580 0.745 0.602 0.755 0.769 0.556 0.556 0.556 
0.576 0.736 0.609 0.736 0.462 0.333 0.333 0.333 
0.576 0.788 0.684 0.736 0.308 0.222 0.222 0.222 
0.563 0.745 0.627 0.792 0.308 0.333 0.333 0.333 
0.549 0.774 0.614 0.774 0.462 0.333 0.333 0.333 
0.545 0.778 0.610 0.774 0.462 0.333 0.333 0.333 
0.546 0.778 0.630 0.736 0.308 0.222 0.222 0.222 
0.535 0.783 0.656 0.717 0.231 0.167 0.167 0.167 
0.535 0.741 0.642 0.736 0.308 0.222 0.222 0.222 
0.525 0.802 0.617 0.811 0.308 0.222 0.222 0.222 
0.531 0.788 0.620 0.774 0.462 0.333 0.333 0.333 
0.519 0.774 0.632 0.792 0.308 0.222 0.222 0.222 
0.529 0.774 0.641 0.736 0.308 0.222 0.222 0.222 
0.524 0.807 0.635 0.792 0.308 0.222 0.222 0.222 
0.509 0.783 0.652 0.774 0.308 0.222 0.222 0.222 
0.514 0.802 0.645 0.755 0.385 0.278 0.278 0.278 
0.517 0.792 0.648 0.736 0.308 0.222 0.222 0.222 
0.515 0.783 0.666 0.717 0.308 0.222 0.222 0.222 
0.507 0.764 0.655 0.736 0.308 0.222 0.222 0.222 
0.509 0.811 0.636 0.774 0.385 0.278 0.278 0.278 
0.508 0.807 0.646 0.755 0.308 0.222 0.222 0.222 
0.516 0.797 0.656 0.736 0.308 0.222 0.222 0.222 
0.513 0.750 0.658 0.717 0.308 0.222 0.222 0.222 
0.513 0.778 0.639 0.717 0.385 0.278 0.278 0.278 
0.512 0.759 0.636 0.755 0.462 0.333 0.333 0.333 
0.505 0.802 0.635 0.755 0.462 0.333 0.333 0.333 
0.507 0.802 0.643 0.736 0.462 0.333 0.333 0.333 
0.504 0.774 0.656 0.717 0.308 0.222 0.222 0.222 
0.506 0.783 0.632 0.774 0.385 0.333 0.333 0.333 
0.498 0.788 0.633 0.774 0.385 0.333 0.333 0.333 
0.502 0.802 0.638 0.774 0.385 0.278 0.278 0.278 
0.498 0.802 0.640 0.774 0.385 0.333 0.333 0.278 
0.501 0.788 0.637 0.755 0.462 0.333 0.333 0.333 
0.514 0.778 0.637 0.755 0.462 0.333 0.333 0.333 
0.500 0.811 0.629 0.774 0.462 0.333 0.333 0.333 
0.497 0.802 0.648 0.717 0.385 0.278 0.278 0.278 
0.499 0.792 0.647 0.717 0.385 0.278 0.278 0.278 
0.488 0.788 0.641 0.736 0.385 0.333 0.333 0.333 
0.490 0.807 0.644 0.698 0.462 0.333 0.333 0.333 
0.482 0.802 0.660 0.698 0.462 0.333 0.333 0.333 
0.495 0.792 0.653 0.717 0.385 0.333 0.333 0.278 
0.490 0.792 0.636 0.736 0.462 0.333 0.333 0.333 
0.494 0.774 0.637 0.717 0.462 0.333 0.333 0.333 
0.481 0.807 0.641 0.717 0.462 0.333 0.333 0.333 
0.484 0.792 0.652 0.736 0.385 0.278 0.278 0.278 
0.487 0.783 0.645 0.717 0.462 0.333 0.333 0.333 
0.487 0.783 0.637 0.736 0.462 0.333 0.333 0.333 
0.481 0.792 0.639 0.774 0.462 0.333 0.333 0.333 
0.496 0.774 0.643 0.717 0.462 0.333 0.333 0.333 
0.478 0.792 0.648 0.755 0.462 0.333 0.333 0.333 
0.474 0.802 0.641 0.755 0.462 0.333 0.333 0.333 
0.478 0.788 0.638 0.774 0.462 0.333 0.333 0.333 
0.472 0.797 0.636 0.774 0.462 0.333 0.333 0.333 
0.471 0.811 0.648 0.698 0.462 0.333 0.333 0.333 
0.472 0.792 0.648 0.717 0.462 0.333 0.333 0.333 
0.479 0.778 0.637 0.774 0.462 0.389 0.389 0.389 
0.466 0.792 0.636 0.774 0.462 0.333 0.333 0.333 
0.476 0.792 0.643 0.755 0.462 0.333 0.333 0.333 
0.488 0.759 0.636 0.774 0.462 0.333 0.333 0.333 
0.478 0.783 0.635 0.755 0.462 0.333 0.333 0.333 
0.486 0.792 0.636 0.755 0.462 0.333 0.333 0.333 
0.474 0.807 0.630 0.755 0.462 0.333 0.333 0.333 
0.467 0.802 0.635 0.755 0.462 0.333 0.333 0.333 
0.471 0.792 0.631 0.755 0.462 0.333 0.333 0.333 
0.479 0.802 0.633 0.755 0.462 0.333 0.333 0.333 
0.462 0.811 0.635 0.774 0.462 0.333 0.333 0.333 
0.469 0.797 0.636 0.755 0.462 0.333 0.333 0.333 
0.464 0.802 0.659 0.736 0.385 0.278 0.278 0.278 
0.459 0.807 0.642 0.755 0.462 0.333 0.333 0.333 
0.467 0.797 0.636 0.736 0.462 0.333 0.333 0.333 
0.459 0.811 0.661 0.717 0.385 0.278 0.278 0.278 
0.462 0.807 0.629 0.755 0.462 0.333 0.333 0.333 
0.470 0.792 0.625 0.755 0.462 0.333 0.333 0.333 
0.484 0.792 0.625 0.774 0.538 0.389 0.389 0.389 
0.455 0.802 0.639 0.736 0.692 0.500 0.500 0.500 
0.476 0.797 0.633 0.755 0.615 0.444 0.500 0.500 
0.464 0.811 0.635 0.736 0.462 0.333 0.333 0.333 
0.473 0.802 0.636 0.755 0.462 0.333 0.333 0.333 
0.470 0.792 0.617 0.755 0.462 0.333 0.333 0.333 
0.468 0.792 0.616 0.755 0.462 0.333 0.333 0.333 
0.459 0.802 0.616 0.755 0.462 0.333 0.333 0.333 
0.462 0.797 0.622 0.755 0.462 0.333 0.333 0.333 
0.461 0.807 0.617 0.774 0.538 0.389 0.389 0.389 
0.468 0.792 0.621 0.774 0.462 0.389 0.389 0.389 
0.459 0.807 0.630 0.774 0.385 0.278 0.278 0.278 
0.460 0.792 0.618 0.755 0.462 0.333 0.333 0.333 
0.464 0.797 0.610 0.774 0.538 0.389 0.389 0.389 
0.448 0.816 0.605 0.774 0.538 0.389 0.389 0.389 
0.466 0.807 0.615 0.755 0.462 0.333 0.389 0.333 
0.442 0.802 0.603 0.755 0.538 0.389 0.389 0.389 
0.462 0.807 0.609 0.774 0.538 0.389 0.389 0.389 
0.492 0.811 0.600 0.774 0.538 0.389 0.389 0.389 
0.475 0.807 0.636 0.717 0.385 0.278 0.278 0.278 
0.455 0.802 0.617 0.755 0.462 0.333 0.333 0.333 
0.455 0.788 0.601 0.774 0.538 0.389 0.389 0.389 
0.453 0.811 0.611 0.774 0.538 0.389 0.389 0.389 
0.454 0.811 0.603 0.755 0.538 0.389 0.389 0.389 
0.439 0.816 0.609 0.755 0.462 0.333 0.333 0.333 
0.473 0.783 0.603 0.755 0.538 0.389 0.389 0.389 
0.460 0.778 0.597 0.774 0.538 0.389 0.389 0.389 
0.453 0.807 0.594 0.774 0.538 0.389 0.389 0.389 
0.455 0.802 0.594 0.774 0.538 0.389 0.389 0.389 
0.459 0.783 0.599 0.755 0.462 0.333 0.333 0.333 
0.456 0.811 0.604 0.755 0.538 0.389 0.389 0.389 
0.456 0.792 0.603 0.755 0.538 0.389 0.389 0.389 
0.454 0.802 0.595 0.755 0.538 0.389 0.389 0.389 
0.464 0.792 0.591 0.755 0.538 0.389 0.389 0.389 
0.445 0.797 0.594 0.755 0.615 0.444 0.444 0.444 
0.442 0.788 0.602 0.755 0.615 0.444 0.444 0.444 
0.461 0.797 0.595 0.774 0.538 0.389 0.389 0.389 
0.457 0.797 0.604 0.774 0.462 0.333 0.333 0.333 
0.446 0.802 0.595 0.774 0.538 0.389 0.389 0.389 
0.455 0.807 0.599 0.774 0.538 0.389 0.389 0.389 
0.468 0.807 0.592 0.755 0.538 0.389 0.389 0.389 
0.459 0.807 0.626 0.717 0.385 0.278 0.278 0.278 
0.465 0.788 0.596 0.755 0.462 0.333 0.333 0.333 
0.455 0.788 0.591 0.774 0.538 0.389 0.389 0.389 
0.468 0.797 0.588 0.774 0.538 0.389 0.389 0.389 
0.455 0.797 0.589 0.755 0.538 0.389 0.389 0.389 
0.445 0.797 0.589 0.774 0.538 0.389 0.389 0.389 
0.451 0.797 0.590 0.755 0.538 0.389 0.389 0.389 
0.455 0.792 0.590 0.736 0.538 0.389 0.389 0.389 
0.442 0.807 0.582 0.755 0.538 0.389 0.389 0.389 
0.445 0.797 0.584 0.755 0.538 0.389 0.389 0.389 
0.465 0.797 0.582 0.755 0.538 0.389 0.389 0.389 
0.456 0.807 0.581 0.774 0.538 0.389 0.389 0.389 
0.458 0.797 0.586 0.736 0.538 0.389 0.389 0.389 
0.454 0.792 0.582 0.755 0.538 0.389 0.389 0.389 
0.452 0.811 0.580 0.774 0.538 0.389 0.389 0.389 
0.443 0.811 0.588 0.774 0.538 0.389 0.389 0.389 
0.450 0.816 0.585 0.755 0.538 0.389 0.389 0.389 
0.462 0.783 0.585 0.755 0.538 0.389 0.389 0.389 
0.440 0.811 0.583 0.774 0.538 0.389 0.389 0.389 
0.447 0.792 0.587 0.774 0.538 0.389 0.389 0.389 
0.441 0.821 0.585 0.774 0.538 0.389 0.389 0.389 
0.455 0.807 0.583 0.774 0.538 0.389 0.389 0.389 
0.456 0.797 0.585 0.774 0.538 0.389 0.389 0.389 
0.441 0.821 0.586 0.755 0.538 0.389 0.389 0.389 
0.451 0.797 0.581 0.774 0.538 0.389 0.389 0.389 
0.447 0.821 0.573 0.774 0.538 0.389 0.389 0.389 
0.444 0.807 0.574 0.774 0.538 0.389 0.389 0.389 
0.447 0.816 0.574 0.755 0.538 0.389 0.389 0.389 
0.445 0.816 0.580 0.792 0.385 0.278 0.278 0.278 
0.451 0.802 0.571 0.774 0.538 0.389 0.389 0.389 
0.448 0.816 0.590 0.755 0.615 0.444 0.444 0.444 
0.439 0.792 0.576 0.774 0.538 0.389 0.389 0.389 
0.454 0.821 0.580 0.755 0.538 0.389 0.389 0.389 
0.450 0.802 0.574 0.774 0.538 0.389 0.389 0.389 
0.445 0.807 0.570 0.774 0.538 0.389 0.389 0.389 
0.451 0.802 0.563 0.774 0.538 0.389 0.389 0.389 
0.442 0.797 0.575 0.755 0.538 0.333 0.333 0.333 
0.445 0.797 0.566 0.774 0.538 0.389 0.389 0.389 
0.439 0.802 0.572 0.755 0.615 0.500 0.500 0.500 
0.455 0.764 0.571 0.774 0.538 0.389 0.389 0.389 
0.455 0.788 0.579 0.755 0.462 0.333 0.333 0.333 
0.456 0.778 0.574 0.755 0.462 0.333 0.333 0.333 
0.448 0.821 0.569 0.774 0.538 0.389 0.389 0.389 
0.454 0.811 0.562 0.774 0.538 0.389 0.389 0.389 
0.440 0.811 0.554 0.774 0.538 0.389 0.389 0.389 
0.465 0.792 0.560 0.774 0.462 0.333 0.333 0.333 
0.440 0.816 0.562 0.755 0.538 0.389 0.389 0.389 
0.457 0.792 0.566 0.774 0.538 0.389 0.389 0.389 
0.433 0.797 0.561 0.774 0.538 0.389 0.389 0.389 
0.442 0.797 0.559 0.774 0.538 0.389 0.389 0.389 
0.446 0.816 0.558 0.774 0.538 0.389 0.389 0.389 
0.441 0.792 0.572 0.736 0.538 0.389 0.389 0.389 
0.462 0.811 0.581 0.736 0.615 0.444 0.444 0.444 
0.453 0.807 0.552 0.755 0.538 0.389 0.389 0.389 
0.432 0.811 0.552 0.774 0.538 0.389 0.389 0.389 
0.444 0.797 0.550 0.774 0.538 0.389 0.389 0.389 
0.444 0.816 0.555 0.774 0.462 0.333 0.333 0.333 
0.443 0.792 0.574 0.792 0.308 0.222 0.222 0.222 
0.442 0.797 0.561 0.774 0.462 0.333 0.333 0.333 
0.431 0.825 0.551 0.774 0.538 0.389 0.389 0.389 
0.431 0.816 0.557 0.774 0.462 0.333 0.333 0.333 
0.435 0.811 0.581 0.774 0.385 0.278 0.278 0.278 
0.429 0.821 0.581 0.774 0.385 0.278 0.278 0.278 
0.436 0.816 0.562 0.774 0.538 0.389 0.389 0.389 
0.428 0.830 0.554 0.774 0.538 0.389 0.389 0.389 
0.449 0.811 0.550 0.774 0.538 0.389 0.389 0.389 
0.439 0.807 0.548 0.774 0.538 0.333 0.333 0.333 
0.472 0.769 0.553 0.774 0.538 0.389 0.389 0.389 
0.441 0.811 0.572 0.736 0.692 0.500 0.500 0.500 
0.437 0.807 0.566 0.774 0.538 0.389 0.389 0.389 
0.433 0.825 0.567 0.792 0.462 0.333 0.333 0.333 
0.443 0.807 0.564 0.792 0.462 0.333 0.333 0.333 
0.440 0.816 0.558 0.774 0.538 0.389 0.389 0.389 
0.432 0.811 0.558 0.774 0.538 0.389 0.389 0.389 
0.428 0.821 0.559 0.774 0.538 0.389 0.389 0.389 
0.433 0.802 0.558 0.774 0.538 0.389 0.389 0.389 
0.449 0.792 0.557 0.774 0.538 0.389 0.389 0.389 
0.437 0.821 0.555 0.774 0.538 0.389 0.389 0.389 
0.417 0.821 0.557 0.774 0.538 0.389 0.389 0.389 
0.430 0.825 0.553 0.774 0.538 0.389 0.389 0.389 
0.436 0.816 0.553 0.774 0.538 0.389 0.389 0.389 
0.429 0.802 0.554 0.774 0.538 0.389 0.389 0.389 
0.431 0.811 0.554 0.774 0.538 0.389 0.389 0.389 
0.434 0.811 0.553 0.774 0.538 0.389 0.389 0.389 
0.425 0.816 0.547 0.774 0.538 0.389 0.389 0.389 
0.443 0.802 0.551 0.774 0.462 0.333 0.333 0.333 
0.435 0.816 0.551 0.755 0.538 0.389 0.389 0.389 
0.457 0.797 0.548 0.774 0.538 0.389 0.389 0.389 
0.443 0.821 0.561 0.774 0.538 0.389 0.389 0.389 
0.443 0.807 0.546 0.792 0.462 0.333 0.333 0.333 
0.429 0.825 0.546 0.792 0.462 0.333 0.333 0.333 
0.439 0.802 0.556 0.811 0.308 0.222 0.222 0.222 
0.450 0.816 0.555 0.774 0.538 0.389 0.389 0.389 
0.428 0.807 0.548 0.774 0.538 0.389 0.389 0.389 
0.445 0.797 0.549 0.792 0.462 0.333 0.333 0.333 
0.431 0.797 0.551 0.792 0.462 0.333 0.333 0.333 
0.428 0.807 0.550 0.774 0.538 0.389 0.389 0.389 
0.433 0.797 0.561 0.774 0.538 0.389 0.389 0.389 
0.432 0.792 0.552 0.774 0.538 0.389 0.389 0.389 
0.440 0.783 0.550 0.774 0.538 0.389 0.389 0.389 
0.440 0.797 0.544 0.774 0.538 0.389 0.389 0.389 
0.424 0.830 0.545 0.774 0.538 0.389 0.389 0.389 
0.442 0.816 0.544 0.774 0.538 0.389 0.389 0.389 
0.424 0.830 0.546 0.774 0.538 0.389 0.389 0.389 
0.429 0.830 0.547 0.774 0.538 0.389 0.389 0.389 
0.452 0.788 0.549 0.774 0.538 0.389 0.389 0.389 
0.424 0.811 0.552 0.774 0.538 0.389 0.389 0.389 
0.440 0.811 0.543 0.774 0.538 0.389 0.389 0.389 
0.432 0.821 0.547 0.811 0.385 0.278 0.278 0.278 
0.424 0.821 0.548 0.830 0.308 0.222 0.222 0.222 
0.431 0.840 0.550 0.792 0.462 0.333 0.333 0.333 
0.419 0.816 0.547 0.774 0.538 0.333 0.333 0.333 
0.446 0.830 0.547 0.774 0.538 0.389 0.389 0.389 
0.426 0.825 0.548 0.792 0.462 0.333 0.333 0.333 
0.444 0.816 0.547 0.792 0.462 0.333 0.333 0.333 
0.424 0.802 0.545 0.792 0.462 0.333 0.333 0.333 
0.437 0.821 0.544 0.774 0.538 0.389 0.389 0.389 
0.437 0.816 0.541 0.774 0.538 0.389 0.389 0.389 
0.438 0.825 0.543 0.774 0.538 0.389 0.389 0.389 
0.438 0.816 0.545 0.792 0.462 0.333 0.333 0.333 
0.425 0.825 0.548 0.792 0.538 0.333 0.333 0.333 
0.423 0.811 0.546 0.792 0.462 0.333 0.333 0.333 
0.431 0.821 0.548 0.774 0.538 0.389 0.389 0.389 
0.434 0.825 0.546 0.774 0.538 0.389 0.389 0.389 
0.438 0.807 0.545 0.792 0.462 0.333 0.333 0.333 
0.428 0.821 0.552 0.792 0.462 0.333 0.333 0.333 
0.429 0.807 0.552 0.811 0.385 0.278 0.278 0.278 
0.435 0.811 0.550 0.792 0.462 0.333 0.333 0.333 
0.430 0.825 0.546 0.792 0.462 0.333 0.333 0.333 
0.426 0.816 0.544 0.774 0.538 0.389 0.389 0.389 
0.421 0.825 0.551 0.774 0.538 0.389 0.389 0.389 
0.425 0.835 0.555 0.774 0.538 0.389 0.389 0.389 
0.425 0.830 0.557 0.792 0.462 0.333 0.333 0.333 
0.435 0.811 0.550 0.792 0.538 0.333 0.333 0.333 
0.445 0.811 0.543 0.774 0.538 0.389 0.389 0.389 
0.434 0.807 0.543 0.774 0.538 0.389 0.389 0.389 
0.439 0.821 0.541 0.774 0.538 0.389 0.389 0.389 
0.439 0.811 0.539 0.792 0.462 0.333 0.333 0.333 
0.434 0.816 0.542 0.774 0.538 0.389 0.389 0.389 
0.420 0.825 0.538 0.792 0.462 0.333 0.333 0.333 
0.422 0.816 0.541 0.792 0.462 0.333 0.333 0.333 
0.436 0.821 0.538 0.774 0.538 0.389 0.389 0.389 
0.434 0.807 0.537 0.774 0.538 0.389 0.389 0.389 
0.441 0.816 0.539 0.774 0.538 0.389 0.389 0.389 
0.444 0.807 0.540 0.792 0.385 0.278 0.278 0.278 
0.438 0.825 0.540 0.792 0.462 0.333 0.333 0.333 
0.426 0.807 0.541 0.792 0.462 0.333 0.333 0.333 
0.419 0.840 0.547 0.792 0.462 0.333 0.333 0.333 
0.429 0.811 0.545 0.792 0.462 0.333 0.333 0.333 
0.423 0.816 0.542 0.774 0.538 0.389 0.389 0.389 
0.420 0.835 0.541 0.792 0.462 0.333 0.333 0.333 
0.425 0.825 0.548 0.774 0.538 0.389 0.389 0.389 
0.433 0.816 0.547 0.774 0.538 0.389 0.389 0.389 
0.434 0.830 0.542 0.792 0.462 0.333 0.333 0.333 
0.443 0.821 0.538 0.792 0.462 0.333 0.333 0.333 
0.426 0.816 0.535 0.792 0.462 0.333 0.333 0.333 
0.429 0.816 0.540 0.792 0.385 0.278 0.278 0.278 
0.440 0.816 0.550 0.792 0.462 0.333 0.333 0.333 
0.414 0.844 0.546 0.792 0.462 0.333 0.333 0.333 
0.410 0.849 0.541 0.792 0.462 0.333 0.333 0.333 
0.428 0.825 0.540 0.774 0.538 0.389 0.389 0.389 
0.429 0.821 0.540 0.792 0.462 0.333 0.333 0.333 
0.421 0.825 0.542 0.792 0.462 0.333 0.333 0.333 
0.427 0.825 0.549 0.792 0.462 0.333 0.333 0.333 
0.438 0.802 0.545 0.792 0.462 0.333 0.333 0.333 
0.423 0.811 0.542 0.774 0.538 0.389 0.389 0.389 
0.422 0.821 0.542 0.774 0.538 0.389 0.389 0.389 
0.427 0.811 0.543 0.774 0.538 0.389 0.389 0.389 
0.442 0.816 0.553 0.774 0.538 0.389 0.389 0.389 
0.429 0.830 0.545 0.792 0.462 0.333 0.333 0.333 
0.421 0.825 0.541 0.774 0.538 0.389 0.389 0.389 
0.430 0.816 0.541 0.774 0.538 0.389 0.389 0.389 
0.429 0.825 0.540 0.774 0.538 0.389 0.389 0.389 
0.430 0.816 0.542 0.792 0.462 0.333 0.333 0.333 
0.444 0.821 0.541 0.792 0.462 0.333 0.333 0.333 
0.437 0.816 0.537 0.792 0.385 0.278 0.278 0.278 
0.422 0.821 0.540 0.792 0.462 0.333 0.333 0.333 
0.439 0.835 0.544 0.774 0.538 0.389 0.389 0.389 
0.432 0.821 0.540 0.792 0.462 0.333 0.333 0.333 
0.426 0.811 0.541 0.792 0.462 0.333 0.333 0.333 
0.413 0.825 0.543 0.774 0.538 0.389 0.389 0.389 
0.428 0.835 0.547 0.774 0.538 0.389 0.389 0.389 
0.422 0.825 0.542 0.774 0.538 0.389 0.389 0.389 
0.423 0.830 0.541 0.774 0.538 0.333 0.333 0.333 
0.412 0.835 0.549 0.811 0.385 0.278 0.278 0.278 
0.417 0.830 0.543 0.792 0.462 0.333 0.333 0.333 
0.419 0.816 0.545 0.792 0.462 0.333 0.333 0.333 
0.430 0.830 0.543 0.792 0.462 0.333 0.333 0.333 
0.431 0.825 0.544 0.811 0.385 0.278 0.278 0.278 
0.423 0.825 0.541 0.792 0.462 0.333 0.333 0.333 
0.421 0.825 0.549 0.774 0.538 0.389 0.389 0.389 
0.424 0.821 0.545 0.774 0.538 0.389 0.389 0.389 
0.430 0.816 0.541 0.792 0.462 0.333 0.333 0.333 
0.415 0.835 0.542 0.792 0.462 0.333 0.333 0.333 
0.418 0.835 0.544 0.774 0.538 0.389 0.389 0.389 
0.426 0.811 0.540 0.792 0.462 0.333 0.333 0.333 
0.415 0.830 0.543 0.774 0.538 0.389 0.389 0.389 
0.428 0.830 0.541 0.774 0.538 0.389 0.389 0.389 
0.427 0.835 0.542 0.774 0.538 0.389 0.389 0.389 
0.406 0.835 0.546 0.774 0.538 0.389 0.389 0.389 
0.427 0.825 0.549 0.774 0.538 0.389 0.389 0.389 
0.428 0.830 0.541 0.792 0.462 0.333 0.333 0.333 
0.431 0.835 0.539 0.774 0.538 0.389 0.389 0.389 
0.440 0.792 0.536 0.774 0.538 0.389 0.389 0.389 
0.428 0.830 0.536 0.774 0.538 0.389 0.389 0.389 
0.433 0.835 0.536 0.792 0.462 0.333 0.333 0.333 
0.427 0.825 0.541 0.811 0.385 0.278 0.278 0.278 
0.418 0.849 0.540 0.811 0.385 0.278 0.278 0.278 
0.417 0.825 0.539 0.792 0.462 0.333 0.333 0.333 
0.430 0.825 0.540 0.774 0.538 0.389 0.389 0.389 
0.421 0.835 0.542 0.774 0.538 0.389 0.389 0.389 
0.415 0.835 0.543 0.774 0.538 0.389 0.389 0.389 
0.433 0.840 0.546 0.774 0.538 0.389 0.389 0.389 
0.427 0.825 0.543 0.792 0.462 0.333 0.333 0.333 
0.433 0.825 0.539 0.792 0.462 0.333 0.333 0.333 
0.418 0.840 0.540 0.774 0.538 0.389 0.389 0.389 
0.430 0.825 0.544 0.774 0.538 0.389 0.389 0.389 
0.404 0.840 0.546 0.774 0.538 0.389 0.389 0.389 
0.404 0.830 0.545 0.774 0.538 0.389 0.389 0.389 
0.418 0.844 0.548 0.774 0.538 0.389 0.389 0.389 
0.410 0.835 0.547 0.792 0.462 0.333 0.333 0.333 
0.424 0.835 0.546 0.792 0.462 0.333 0.333 0.333 
0.423 0.830 0.539 0.792 0.462 0.333 0.333 0.333 
0.412 0.835 0.542 0.811 0.385 0.278 0.278 0.278 
0.421 0.830 0.540 0.792 0.385 0.278 0.278 0.278 
0.411 0.835 0.542 0.792 0.462 0.333 0.333 0.333 
0.402 0.840 0.539 0.792 0.462 0.333 0.333 0.333 
0.419 0.816 0.541 0.774 0.538 0.389 0.389 0.389 
0.421 0.849 0.551 0.774 0.538 0.389 0.389 0.389 
0.424 0.830 0.544 0.774 0.538 0.389 0.389 0.389 
0.425 0.811 0.543 0.792 0.538 0.333 0.333 0.333 
0.409 0.849 0.546 0.792 0.462 0.333 0.333 0.333 
0.416 0.825 0.549 0.774 0.538 0.389 0.389 0.389 
0.437 0.821 0.540 0.774 0.538 0.444 0.444 0.444 
0.426 0.821 0.534 0.811 0.385 0.278 0.278 0.278 
0.422 0.835 0.541 0.792 0.462 0.333 0.333 0.333 
0.429 0.849 0.544 0.792 0.385 0.278 0.278 0.278 
0.417 0.825 0.542 0.811 0.385 0.278 0.278 0.278 
0.428 0.840 0.537 0.792 0.462 0.333 0.333 0.333 
0.419 0.825 0.533 0.774 0.538 0.389 0.444 0.389 
0.418 0.830 0.534 0.774 0.615 0.444 0.444 0.444 
0.420 0.835 0.535 0.774 0.538 0.389 0.389 0.389 
0.421 0.840 0.537 0.792 0.462 0.333 0.333 0.333 
0.425 0.844 0.539 0.792 0.462 0.333 0.333 0.333 
0.419 0.840 0.539 0.792 0.462 0.333 0.333 0.333 
0.417 0.840 0.543 0.774 0.538 0.389 0.389 0.389 
0.421 0.830 0.543 0.755 0.615 0.444 0.444 0.444 
0.423 0.807 0.537 0.774 0.538 0.389 0.389 0.389 
0.427 0.821 0.533 0.792 0.462 0.333 0.333 0.333 
0.420 0.840 0.538 0.792 0.462 0.333 0.333 0.333 
0.421 0.840 0.538 0.792 0.462 0.333 0.333 0.333 
0.418 0.816 0.534 0.792 0.462 0.333 0.333 0.333 
0.401 0.840 0.537 0.755 0.615 0.444 0.444 0.444 
0.424 0.825 0.539 0.755 0.615 0.444 0.444 0.444 
0.418 0.840 0.542 0.792 0.462 0.333 0.333 0.333 
0.411 0.835 0.539 0.792 0.462 0.333 0.333 0.333 
0.416 0.830 0.538 0.774 0.538 0.389 0.389 0.389 
0.418 0.835 0.534 0.792 0.538 0.333 0.333 0.333 
0.429 0.811 0.534 0.792 0.462 0.333 0.333 0.333 
0.410 0.840 0.541 0.792 0.462 0.333 0.333 0.333 
0.418 0.830 0.543 0.792 0.462 0.333 0.333 0.333 
0.420 0.825 0.539 0.811 0.385 0.278 0.278 0.278 
0.420 0.835 0.539 0.774 0.538 0.389 0.389 0.389 
0.417 0.835 0.535 0.774 0.538 0.333 0.333 0.333 
0.421 0.830 0.537 0.792 0.462 0.333 0.333 0.333 
0.409 0.835 0.538 0.811 0.385 0.278 0.278 0.278 
0.431 0.835 0.537 0.811 0.385 0.278 0.278 0.278 
0.412 0.830 0.537 0.811 0.385 0.278 0.278 0.278 
0.409 0.835 0.535 0.811 0.385 0.278 0.278 0.278 
0.413 0.816 0.532 0.811 0.385 0.278 0.278 0.278 
0.408 0.849 0.532 0.792 0.462 0.333 0.333 0.333 
0.403 0.825 0.533 0.774 0.538 0.333 0.333 0.333 
0.408 0.844 0.541 0.774 0.538 0.389 0.389 0.389 
0.406 0.849 0.537 0.792 0.462 0.333 0.333 0.333 
0.419 0.821 0.536 0.792 0.462 0.333 0.333 0.333 
0.415 0.830 0.537 0.792 0.462 0.333 0.333 0.333 
0.427 0.830 0.540 0.774 0.538 0.389 0.389 0.389 
0.418 0.830 0.536 0.792 0.462 0.333 0.333 0.333 
0.416 0.835 0.535 0.811 0.385 0.278 0.278 0.278 
0.416 0.844 0.537 0.792 0.462 0.333 0.278 0.333 
0.417 0.825 0.539 0.792 0.462 0.333 0.333 0.333 
0.429 0.840 0.540 0.774 0.538 0.389 0.389 0.389 
0.429 0.849 0.534 0.774 0.538 0.389 0.389 0.389 
0.420 0.835 0.531 0.774 0.538 0.389 0.389 0.389 
0.411 0.840 0.531 0.774 0.538 0.389 0.389 0.389 
0.417 0.840 0.531 0.792 0.462 0.333 0.333 0.333 
0.412 0.830 0.535 0.774 0.538 0.389 0.389 0.389 
0.409 0.849 0.538 0.774 0.538 0.389 0.389 0.389 
0.432 0.844 0.540 0.774 0.538 0.389 0.389 0.389 
0.413 0.849 0.533 0.792 0.462 0.333 0.333 0.333 
0.413 0.840 0.534 0.792 0.462 0.333 0.333 0.333 
0.419 0.835 0.533 0.792 0.462 0.333 0.333 0.333 
0.414 0.830 0.539 0.774 0.538 0.389 0.389 0.389 
0.407 0.840 0.547 0.774 0.538 0.389 0.389 0.389 
0.423 0.821 0.543 0.774 0.538 0.389 0.389 0.389 
0.416 0.835 0.539 0.792 0.462 0.333 0.333 0.333 
0.420 0.844 0.537 0.792 0.462 0.333 0.333 0.333 
0.426 0.849 0.538 0.774 0.538 0.389 0.389 0.389 
0.423 0.835 0.536 0.774 0.538 0.444 0.444 0.444 
0.417 0.849 0.538 0.774 0.538 0.333 0.333 0.333 
0.421 0.854 0.536 0.792 0.462 0.333 0.333 0.333 
0.416 0.840 0.535 0.792 0.462 0.333 0.333 0.333 
0.425 0.835 0.534 0.774 0.538 0.389 0.389 0.389 
0.421 0.840 0.535 0.792 0.462 0.333 0.333 0.333 
0.424 0.835 0.537 0.792 0.462 0.333 0.333 0.333 
0.424 0.835 0.536 0.774 0.538 0.389 0.389 0.389 
0.416 0.854 0.537 0.774 0.538 0.389 0.389 0.389 
0.413 0.854 0.535 0.792 0.462 0.333 0.333 0.333 
0.415 0.835 0.534 0.792 0.462 0.333 0.333 0.333 
0.423 0.825 0.535 0.792 0.462 0.333 0.333 0.333 
0.422 0.835 0.539 0.774 0.538 0.389 0.389 0.389 
0.421 0.849 0.541 0.774 0.538 0.389 0.389 0.389 
0.420 0.821 0.538 0.792 0.462 0.333 0.333 0.333 
0.402 0.854 0.539 0.811 0.385 0.278 0.278 0.278 
0.411 0.844 0.539 0.811 0.385 0.278 0.278 0.278 
0.426 0.844 0.544 0.792 0.462 0.333 0.333 0.333 
0.434 0.844 0.537 0.792 0.462 0.333 0.333 0.333 
0.424 0.835 0.533 0.792 0.462 0.333 0.333 0.333 
0.415 0.844 0.534 0.792 0.462 0.333 0.333 0.333 
0.413 0.825 0.537 0.792 0.462 0.333 0.333 0.333 
0.416 0.835 0.546 0.774 0.538 0.389 0.389 0.389 
0.414 0.844 0.549 0.774 0.538 0.389 0.389 0.389 
0.404 0.840 0.548 0.774 0.538 0.389 0.389 0.389 
0.414 0.854 0.542 0.774 0.538 0.389 0.389 0.389 
0.417 0.821 0.537 0.792 0.462 0.333 0.333 0.333 
0.413 0.840 0.538 0.792 0.462 0.333 0.333 0.333 
0.425 0.825 0.537 0.792 0.462 0.333 0.333 0.333 
0.428 0.849 0.538 0.792 0.462 0.333 0.333 0.333 
0.424 0.854 0.537 0.792 0.462 0.333 0.333 0.333 
0.409 0.840 0.534 0.792 0.462 0.333 0.333 0.333 
0.405 0.844 0.537 0.792 0.462 0.333 0.333 0.333 
0.406 0.830 0.537 0.792 0.462 0.333 0.333 0.333 
0.422 0.844 0.544 0.774 0.538 0.389 0.389 0.389 
0.414 0.830 0.545 0.774 0.538 0.389 0.389 0.389 
0.403 0.830 0.542 0.774 0.538 0.333 0.333 0.333 
0.420 0.830 0.537 0.792 0.462 0.333 0.333 0.333 
0.407 0.844 0.537 0.792 0.462 0.333 0.333 0.333 
0.414 0.840 0.538 0.792 0.385 0.278 0.278 0.278 
0.423 0.844 0.542 0.792 0.462 0.333 0.333 0.333 
0.423 0.849 0.540 0.792 0.462 0.333 0.333 0.333 
0.428 0.840 0.538 0.755 0.615 0.444 0.444 0.444 
0.426 0.830 0.536 0.774 0.538 0.389 0.444 0.444 
0.418 0.844 0.534 0.792 0.462 0.333 0.333 0.333 
0.426 0.830 0.533 0.792 0.462 0.333 0.278 0.333 
0.412 0.854 0.539 0.811 0.385 0.278 0.278 0.278 
0.418 0.849 0.537 0.811 0.385 0.278 0.278 0.278 
0.413 0.844 0.534 0.811 0.385 0.278 0.278 0.278 
0.403 0.835 0.534 0.811 0.385 0.278 0.278 0.278 
0.424 0.844 0.537 0.811 0.385 0.278 0.278 0.278 
0.423 0.840 0.539 0.811 0.385 0.278 0.278 0.278 
0.418 0.840 0.538 0.811 0.385 0.278 0.278 0.278 
0.445 0.816 0.532 0.811 0.385 0.278 0.278 0.278 
0.411 0.840 0.528 0.792 0.462 0.333 0.333 0.333 
0.420 0.825 0.533 0.792 0.462 0.333 0.333 0.333 
0.428 0.844 0.541 0.774 0.538 0.389 0.389 0.389 
0.408 0.844 0.532 0.792 0.462 0.333 0.333 0.333 
0.404 0.849 0.532 0.792 0.462 0.333 0.333 0.333 
0.418 0.840 0.532 0.792 0.462 0.333 0.333 0.333 
0.420 0.854 0.533 0.792 0.462 0.333 0.333 0.333 
0.407 0.844 0.533 0.792 0.462 0.333 0.333 0.333 
0.427 0.840 0.531 0.792 0.462 0.333 0.278 0.333 
0.414 0.849 0.529 0.811 0.385 0.278 0.278 0.278 
0.408 0.844 0.533 0.811 0.385 0.278 0.278 0.278 
0.419 0.844 0.533 0.811 0.308 0.278 0.222 0.278 
0.423 0.840 0.531 0.830 0.308 0.222 0.222 0.222 
0.421 0.840 0.534 0.792 0.462 0.389 0.389 0.389 
0.407 0.849 0.535 0.792 0.462 0.333 0.333 0.333 
0.408 0.849 0.535 0.792 0.462 0.333 0.333 0.333 
0.421 0.849 0.533 0.811 0.385 0.278 0.278 0.278 
0.427 0.835 0.534 0.811 0.385 0.278 0.278 0.278 
0.416 0.840 0.532 0.811 0.385 0.278 0.278 0.278 
0.404 0.830 0.535 0.811 0.385 0.278 0.278 0.278 
0.408 0.844 0.537 0.792 0.462 0.333 0.333 0.333 
0.413 0.849 0.538 0.792 0.462 0.333 0.333 0.333 
0.408 0.835 0.540 0.792 0.385 0.278 0.278 0.278 
0.423 0.844 0.540 0.792 0.385 0.278 0.278 0.278 
0.407 0.840 0.538 0.811 0.385 0.278 0.278 0.278 
0.423 0.825 0.537 0.811 0.385 0.278 0.278 0.278 
0.403 0.849 0.539 0.774 0.538 0.333 0.333 0.333 
0.416 0.854 0.541 0.792 0.462 0.333 0.333 0.333 
0.413 0.849 0.538 0.792 0.462 0.333 0.333 0.333 
0.419 0.844 0.537 0.811 0.385 0.278 0.278 0.278 
0.423 0.835 0.534 0.811 0.385 0.278 0.278 0.278 
0.413 0.835 0.537 0.811 0.385 0.278 0.278 0.278 
0.417 0.844 0.535 0.792 0.462 0.333 0.333 0.333 
0.424 0.840 0.536 0.792 0.462 0.333 0.333 0.333 
0.421 0.840 0.535 0.792 0.462 0.333 0.278 0.278 
0.416 0.844 0.538 0.792 0.462 0.333 0.278 0.278 
0.416 0.840 0.539 0.792 0.462 0.333 0.333 0.333 
0.413 0.844 0.537 0.792 0.462 0.333 0.333 0.333 
0.407 0.835 0.540 0.774 0.538 0.389 0.389 0.389 
0.410 0.840 0.546 0.774 0.538 0.389 0.389 0.389 
0.413 0.849 0.541 0.774 0.538 0.389 0.389 0.389 
0.405 0.840 0.538 0.792 0.462 0.333 0.333 0.333 
0.421 0.840 0.536 0.792 0.385 0.278 0.278 0.278 
0.415 0.844 0.534 0.792 0.462 0.333 0.333 0.333 
0.421 0.835 0.532 0.792 0.462 0.333 0.278 0.278 
0.401 0.849 0.533 0.792 0.462 0.333 0.333 0.333 
0.408 0.835 0.538 0.774 0.538 0.333 0.333 0.333 
0.411 0.849 0.542 0.774 0.538 0.389 0.389 0.389 
0.413 0.835 0.537 0.774 0.538 0.389 0.389 0.389 
0.416 0.830 0.534 0.792 0.462 0.333 0.333 0.333 
0.420 0.840 0.536 0.792 0.462 0.333 0.333 0.333 
0.426 0.840 0.539 0.774 0.538 0.333 0.333 0.333 
0.422 0.849 0.536 0.774 0.538 0.333 0.333 0.333 
0.408 0.840 0.536 0.755 0.615 0.444 0.444 0.444 
0.415 0.830 0.538 0.755 0.615 0.444 0.444 0.444 
0.419 0.844 0.536 0.774 0.538 0.389 0.389 0.389 
0.422 0.844 0.533 0.792 0.462 0.333 0.333 0.333 
0.406 0.840 0.531 0.811 0.385 0.278 0.278 0.278 
0.421 0.825 0.532 0.811 0.385 0.278 0.278 0.278 
0.417 0.844 0.531 0.811 0.385 0.278 0.278 0.278 
0.406 0.849 0.528 0.792 0.462 0.333 0.333 0.333 
0.427 0.825 0.527 0.792 0.462 0.333 0.333 0.333 
0.408 0.844 0.530 0.792 0.462 0.333 0.333 0.333 
0.416 0.835 0.532 0.792 0.462 0.333 0.333 0.333 
0.421 0.849 0.537 0.774 0.538 0.389 0.389 0.389 
0.407 0.844 0.536 0.774 0.538 0.389 0.389 0.389 
0.402 0.849 0.536 0.792 0.462 0.333 0.389 0.333 
0.429 0.835 0.533 0.792 0.462 0.333 0.333 0.333 
0.409 0.840 0.531 0.792 0.385 0.278 0.278 0.278 
0.435 0.849 0.529 0.792 0.462 0.389 0.389 0.389 
0.426 0.849 0.530 0.792 0.462 0.333 0.278 0.278 
0.412 0.849 0.532 0.811 0.385 0.278 0.278 0.278 
0.404 0.849 0.530 0.792 0.462 0.333 0.333 0.333 
0.407 0.840 0.531 0.774 0.538 0.389 0.389 0.389 
0.415 0.849 0.535 0.774 0.538 0.389 0.389 0.389 
0.409 0.844 0.533 0.774 0.538 0.389 0.389 0.389 
0.411 0.840 0.535 0.774 0.538 0.389 0.389 0.389 
0.396 0.849 0.538 0.792 0.462 0.333 0.333 0.333 
0.409 0.840 0.540 0.792 0.462 0.333 0.333 0.333 
0.411 0.844 0.542 0.792 0.462 0.333 0.333 0.333 
0.409 0.849 0.540 0.774 0.538 0.333 0.333 0.333 
0.421 0.854 0.535 0.792 0.462 0.333 0.333 0.333 
0.419 0.844 0.531 0.811 0.385 0.278 0.278 0.278 
0.407 0.849 0.529 0.811 0.385 0.278 0.278 0.278 
0.403 0.840 0.528 0.792 0.385 0.278 0.278 0.278 
0.416 0.825 0.532 0.792 0.462 0.333 0.333 0.333 
0.420 0.858 0.540 0.774 0.538 0.389 0.389 0.389 
0.405 0.844 0.533 0.774 0.538 0.389 0.389 0.389 
0.426 0.849 0.534 0.774 0.538 0.389 0.389 0.389 
0.415 0.849 0.531 0.792 0.462 0.333 0.333 0.333 
0.416 0.840 0.529 0.792 0.385 0.278 0.278 0.278 
0.417 0.840 0.532 0.792 0.462 0.333 0.333 0.333 
0.412 0.825 0.534 0.792 0.462 0.333 0.333 0.333 
0.403 0.840 0.539 0.792 0.538 0.389 0.389 0.389 
0.421 0.849 0.540 0.755 0.615 0.444 0.444 0.444 
0.416 0.844 0.531 0.792 0.385 0.278 0.278 0.278 
0.402 0.854 0.528 0.811 0.385 0.278 0.278 0.278 
0.410 0.840 0.527 0.811 0.385 0.278 0.278 0.278 
0.410 0.840 0.529 0.792 0.385 0.278 0.278 0.278 
0.403 0.844 0.534 0.792 0.462 0.333 0.333 0.333 
0.420 0.849 0.535 0.792 0.462 0.333 0.278 0.333 
0.420 0.849 0.533 0.792 0.385 0.278 0.278 0.278 
0.411 0.840 0.530 0.811 0.385 0.278 0.278 0.278 
0.412 0.849 0.533 0.792 0.462 0.333 0.333 0.333 
0.418 0.840 0.532 0.792 0.462 0.333 0.278 0.278 
0.406 0.840 0.537 0.774 0.538 0.389 0.389 0.389 
0.403 0.849 0.541 0.755 0.615 0.500 0.500 0.500 
0.407 0.844 0.542 0.755 0.615 0.444 0.444 0.444 
0.430 0.835 0.538 0.774 0.538 0.389 0.389 0.389 
0.408 0.844 0.533 0.774 0.538 0.389 0.389 0.389 
0.428 0.849 0.533 0.774 0.538 0.389 0.389 0.389 
0.410 0.844 0.529 0.811 0.385 0.278 0.278 0.278 
0.413 0.840 0.528 0.792 0.385 0.278 0.278 0.278 
0.416 0.854 0.530 0.792 0.462 0.333 0.278 0.278 
0.413 0.844 0.533 0.811 0.385 0.278 0.278 0.278 
0.418 0.854 0.533 0.792 0.462 0.333 0.333 0.333 
0.410 0.849 0.531 0.811 0.385 0.278 0.278 0.278 
0.413 0.844 0.530 0.811 0.385 0.278 0.278 0.278 
0.400 0.844 0.529 0.811 0.385 0.278 0.278 0.278 
0.397 0.844 0.531 0.792 0.462 0.333 0.278 0.278 
0.416 0.840 0.535 0.774 0.538 0.333 0.333 0.333 
0.418 0.844 0.536 0.774 0.538 0.389 0.389 0.389 
0.423 0.858 0.539 0.774 0.538 0.389 0.389 0.389 
0.414 0.844 0.533 0.774 0.538 0.333 0.333 0.333 
0.402 0.830 0.531 0.792 0.462 0.333 0.333 0.333 
0.407 0.849 0.530 0.792 0.462 0.333 0.333 0.333 
0.417 0.844 0.531 0.792 0.462 0.333 0.333 0.333 
0.424 0.854 0.532 0.774 0.538 0.389 0.389 0.389 
0.405 0.844 0.531 0.792 0.462 0.333 0.333 0.333 
0.422 0.854 0.534 0.792 0.462 0.333 0.333 0.333 
0.407 0.840 0.531 0.792 0.462 0.333 0.333 0.333 
0.404 0.849 0.531 0.792 0.462 0.333 0.333 0.333 
0.417 0.830 0.528 0.792 0.462 0.333 0.333 0.333 
0.400 0.844 0.529 0.792 0.385 0.278 0.278 0.278 
0.413 0.844 0.529 0.792 0.462 0.333 0.333 0.333 
0.411 0.835 0.530 0.792 0.462 0.333 0.333 0.333 
0.424 0.849 0.531 0.792 0.462 0.333 0.333 0.333 
0.404 0.844 0.531 0.774 0.538 0.333 0.333 0.333 
0.421 0.849 0.534 0.774 0.538 0.389 0.389 0.389 
0.414 0.854 0.534 0.774 0.538 0.389 0.389 0.389 
0.397 0.840 0.532 0.792 0.462 0.333 0.333 0.333 
0.403 0.844 0.532 0.792 0.462 0.333 0.333 0.333 
0.419 0.849 0.536 0.774 0.538 0.333 0.333 0.333 
0.412 0.830 0.531 0.792 0.462 0.333 0.278 0.278 
0.421 0.840 0.533 0.792 0.462 0.333 0.333 0.333 
0.401 0.844 0.531 0.792 0.462 0.333 0.333 0.333 
0.413 0.849 0.533 0.792 0.462 0.333 0.333 0.333 
0.411 0.844 0.531 0.792 0.462 0.278 0.278 0.278 
0.408 0.844 0.533 0.792 0.462 0.333 0.333 0.333 
0.415 0.830 0.533 0.774 0.538 0.333 0.333 0.333 
0.417 0.849 0.537 0.774 0.538 0.389 0.389 0.389 
0.405 0.849 0.534 0.774 0.538 0.389 0.389 0.389 
0.412 0.854 0.533 0.774 0.538 0.389 0.389 0.389 
0.413 0.849 0.534 0.774 0.538 0.389 0.389 0.389 
0.403 0.849 0.532 0.774 0.538 0.389 0.389 0.389 
0.402 0.849 0.533 0.774 0.538 0.389 0.389 0.389 
0.409 0.844 0.532 0.774 0.538 0.389 0.389 0.389 
0.415 0.844 0.537 0.774 0.538 0.389 0.389 0.389 
0.428 0.844 0.536 0.774 0.538 0.333 0.333 0.333 
0.403 0.840 0.536 0.792 0.462 0.333 0.278 0.333 
0.402 0.825 0.536 0.811 0.385 0.278 0.278 0.278 
0.409 0.849 0.537 0.792 0.462 0.278 0.278 0.278 
0.413 0.840 0.533 0.811 0.385 0.278 0.278 0.278 
0.409 0.844 0.532 0.792 0.385 0.278 0.278 0.278 
0.410 0.849 0.534 0.774 0.538 0.333 0.333 0.333 
0.421 0.849 0.535 0.774 0.538 0.389 0.389 0.389 
0.432 0.840 0.534 0.774 0.538 0.333 0.333 0.333 
0.412 0.844 0.530 0.792 0.462 0.333 0.333 0.333 
0.414 0.854 0.532 0.774 0.538 0.333 0.333 0.333 
0.418 0.849 0.534 0.774 0.538 0.389 0.389 0.333 
0.418 0.844 0.538 0.774 0.538 0.389 0.389 0.389 
0.429 0.849 0.534 0.774 0.538 0.389 0.389 0.389 
0.417 0.844 0.531 0.792 0.462 0.333 0.333 0.333 
0.412 0.835 0.529 0.792 0.462 0.333 0.333 0.333 
0.417 0.844 0.530 0.811 0.385 0.278 0.278 0.278 
0.421 0.854 0.530 0.792 0.462 0.333 0.333 0.333 
0.424 0.835 0.531 0.792 0.462 0.333 0.333 0.333 
0.407 0.840 0.531 0.792 0.462 0.333 0.278 0.333 
0.416 0.849 0.537 0.774 0.538 0.389 0.389 0.389 
0.395 0.854 0.534 0.792 0.462 0.333 0.333 0.333 
0.418 0.840 0.533 0.792 0.538 0.333 0.333 0.333 
0.420 0.849 0.531 0.792 0.462 0.333 0.333 0.333 
0.414 0.830 0.529 0.811 0.385 0.278 0.278 0.278 
0.411 0.849 0.530 0.792 0.385 0.278 0.278 0.278 
0.415 0.849 0.532 0.792 0.462 0.333 0.333 0.333 
0.425 0.844 0.530 0.792 0.462 0.333 0.333 0.333 
0.397 0.849 0.530 0.792 0.462 0.333 0.333 0.333 
0.415 0.840 0.531 0.792 0.462 0.333 0.333 0.333 
0.427 0.844 0.531 0.774 0.538 0.333 0.333 0.333 
0.412 0.840 0.532 0.792 0.462 0.333 0.333 0.333 
0.392 0.849 0.533 0.792 0.462 0.333 0.333 0.333 
0.410 0.849 0.537 0.792 0.462 0.333 0.333 0.333 
0.415 0.854 0.534 0.792 0.462 0.333 0.333 0.333 
0.415 0.849 0.531 0.792 0.462 0.333 0.333 0.333 
0.405 0.844 0.529 0.792 0.385 0.278 0.278 0.278 
0.399 0.840 0.528 0.792 0.462 0.333 0.278 0.333 
0.400 0.844 0.530 0.774 0.538 0.333 0.333 0.333 
0.415 0.844 0.534 0.774 0.538 0.389 0.389 0.389 
0.411 0.840 0.534 0.774 0.538 0.389 0.389 0.389 
0.411 0.844 0.535 0.774 0.538 0.389 0.389 0.389 
0.418 0.844 0.537 0.774 0.538 0.389 0.389 0.389 
0.424 0.840 0.533 0.774 0.538 0.389 0.389 0.333 
0.413 0.844 0.532 0.774 0.538 0.333 0.333 0.333 
0.421 0.844 0.530 0.774 0.538 0.333 0.333 0.333 
0.419 0.854 0.528 0.792 0.462 0.333 0.333 0.333 
0.408 0.835 0.528 0.792 0.462 0.333 0.333 0.333 
0.407 0.854 0.533 0.774 0.538 0.389 0.389 0.389 
0.414 0.844 0.540 0.792 0.538 0.389 0.389 0.389 
0.420 0.835 0.540 0.792 0.538 0.389 0.389 0.389 
0.418 0.849 0.540 0.774 0.538 0.389 0.389 0.389 
0.419 0.844 0.538 0.774 0.538 0.389 0.389 0.389 
0.414 0.849 0.535 0.774 0.538 0.389 0.389 0.389 
0.423 0.840 0.532 0.792 0.462 0.333 0.333 0.333 
0.407 0.849 0.531 0.792 0.462 0.333 0.278 0.333 
0.406 0.844 0.532 0.774 0.538 0.333 0.333 0.333 
0.403 0.858 0.533 0.774 0.538 0.389 0.389 0.389 
0.392 0.854 0.536 0.774 0.538 0.389 0.389 0.389 
0.409 0.849 0.540 0.774 0.538 0.389 0.389 0.389 
0.414 0.854 0.537 0.774 0.538 0.389 0.389 0.389 
0.410 0.854 0.536 0.774 0.538 0.333 0.389 0.333 
0.411 0.854 0.536 0.774 0.538 0.389 0.389 0.389 
0.410 0.849 0.536 0.774 0.538 0.389 0.389 0.389 
0.414 0.849 0.537 0.774 0.538 0.389 0.389 0.389 
0.410 0.849 0.535 0.774 0.538 0.389 0.389 0.389 
0.405 0.854 0.536 0.774 0.538 0.389 0.389 0.389 
0.415 0.854 0.536 0.774 0.538 0.389 0.389 0.389 
0.395 0.849 0.535 0.774 0.538 0.389 0.389 0.389 
0.405 0.844 0.535 0.774 0.538 0.389 0.389 0.389 
0.415 0.840 0.538 0.774 0.538 0.389 0.389 0.389 
0.418 0.854 0.540 0.774 0.538 0.389 0.389 0.389 
0.413 0.849 0.539 0.774 0.538 0.389 0.389 0.389 
0.408 0.840 0.538 0.774 0.538 0.389 0.389 0.389 
0.417 0.844 0.538 0.774 0.538 0.389 0.389 0.389 
0.406 0.849 0.538 0.774 0.538 0.389 0.389 0.389 
0.416 0.844 0.536 0.774 0.538 0.389 0.389 0.389 
0.391 0.840 0.534 0.774 0.538 0.389 0.389 0.389 
0.401 0.844 0.535 0.774 0.538 0.389 0.389 0.389 
0.413 0.849 0.539 0.774 0.538 0.389 0.389 0.389 
0.406 0.854 0.537 0.774 0.538 0.389 0.389 0.389 
0.404 0.854 0.539 0.774 0.538 0.389 0.389 0.389 
0.401 0.854 0.538 0.774 0.538 0.389 0.389 0.389 
0.425 0.854 0.538 0.774 0.538 0.389 0.389 0.389 
0.394 0.844 0.534 0.774 0.538 0.389 0.389 0.389 
0.418 0.849 0.535 0.774 0.538 0.389 0.389 0.389 
0.409 0.849 0.532 0.774 0.538 0.389 0.389 0.389 
0.417 0.854 0.534 0.774 0.538 0.389 0.389 0.389 
0.422 0.849 0.533 0.774 0.538 0.389 0.389 0.389 
0.415 0.849 0.534 0.774 0.538 0.389 0.389 0.389 
0.413 0.849 0.533 0.774 0.538 0.389 0.389 0.389 
0.416 0.849 0.533 0.774 0.538 0.389 0.389 0.389 
0.400 0.844 0.533 0.774 0.538 0.333 0.333 0.333 
0.411 0.849 0.535 0.774 0.538 0.333 0.333 0.333 
0.416 0.844 0.536 0.774 0.538 0.389 0.389 0.389 
0.403 0.844 0.537 0.774 0.538 0.389 0.389 0.389 
0.414 0.854 0.538 0.774 0.538 0.389 0.389 0.389 
0.404 0.849 0.538 0.774 0.538 0.389 0.389 0.389 
0.410 0.854 0.538 0.774 0.538 0.389 0.389 0.389 
0.409 0.854 0.537 0.774 0.538 0.389 0.389 0.389 
0.410 0.854 0.535 0.774 0.538 0.389 0.389 0.389 
0.407 0.840 0.533 0.774 0.538 0.333 0.333 0.333 
0.397 0.844 0.536 0.774 0.538 0.389 0.389 0.389 
0.416 0.835 0.537 0.774 0.538 0.389 0.389 0.389 
0.413 0.844 0.539 0.774 0.538 0.389 0.389 0.389 
0.412 0.858 0.538 0.774 0.538 0.389 0.389 0.389 
0.401 0.849 0.537 0.774 0.538 0.333 0.333 0.333 
0.402 0.844 0.537 0.774 0.538 0.333 0.333 0.333 
0.411 0.840 0.536 0.774 0.538 0.389 0.389 0.389 
0.417 0.849 0.537 0.774 0.538 0.389 0.389 0.389 
0.414 0.849 0.535 0.774 0.538 0.389 0.389 0.389 
0.413 0.849 0.532 0.792 0.462 0.333 0.278 0.333 
0.417 0.835 0.533 0.774 0.538 0.333 0.333 0.333 
0.409 0.854 0.534 0.774 0.538 0.389 0.389 0.389 
0.411 0.844 0.533 0.774 0.538 0.389 0.389 0.389 
0.416 0.849 0.535 0.774 0.538 0.389 0.389 0.389 
0.418 0.849 0.535 0.774 0.538 0.389 0.389 0.389 
0.420 0.858 0.533 0.774 0.538 0.389 0.389 0.389 
0.408 0.844 0.532 0.774 0.538 0.333 0.333 0.333 
0.404 0.849 0.534 0.774 0.538 0.333 0.333 0.333 
0.409 0.849 0.535 0.774 0.538 0.389 0.389 0.333 
0.414 0.849 0.537 0.774 0.538 0.389 0.389 0.389 
0.414 0.854 0.538 0.774 0.538 0.389 0.389 0.389 
0.413 0.849 0.537 0.774 0.538 0.389 0.389 0.389 
0.398 0.844 0.537 0.774 0.538 0.389 0.389 0.389 
0.424 0.849 0.538 0.774 0.538 0.389 0.389 0.389 
0.413 0.854 0.533 0.774 0.538 0.389 0.389 0.389 
0.389 0.844 0.530 0.774 0.538 0.389 0.389 0.333 
0.408 0.858 0.532 0.774 0.538 0.389 0.389 0.389 
0.415 0.844 0.531 0.774 0.538 0.389 0.389 0.389 
0.413 0.854 0.534 0.774 0.538 0.389 0.389 0.389 
0.413 0.844 0.534 0.774 0.538 0.333 0.333 0.333 
0.431 0.830 0.535 0.774 0.538 0.389 0.389 0.389 
0.402 0.844 0.536 0.774 0.538 0.333 0.333 0.333 
0.427 0.854 0.535 0.774 0.538 0.389 0.389 0.389 
0.403 0.854 0.531 0.774 0.538 0.389 0.389 0.389 
0.406 0.840 0.529 0.774 0.538 0.389 0.389 0.389 
0.404 0.858 0.530 0.774 0.538 0.389 0.389 0.389 
0.412 0.858 0.534 0.774 0.538 0.389 0.389 0.389 
0.400 0.849 0.535 0.774 0.538 0.389 0.389 0.389 
0.407 0.854 0.535 0.774 0.538 0.389 0.389 0.389 
0.411 0.849 0.536 0.774 0.538 0.389 0.389 0.389 
0.411 0.854 0.533 0.774 0.538 0.389 0.389 0.389 
0.402 0.844 0.532 0.774 0.538 0.389 0.389 0.389 
0.399 0.854 0.532 0.774 0.538 0.389 0.389 0.389 
0.395 0.854 0.534 0.774 0.538 0.389 0.389 0.389 
0.418 0.858 0.537 0.792 0.538 0.389 0.389 0.389 
0.415 0.854 0.536 0.774 0.538 0.389 0.389 0.389 
0.405 0.849 0.535 0.774 0.538 0.389 0.389 0.389 
0.391 0.849 0.535 0.774 0.538 0.389 0.389 0.389 
0.408 0.849 0.536 0.774 0.538 0.389 0.389 0.389 
0.395 0.844 0.533 0.774 0.538 0.389 0.389 0.389 
0.410 0.849 0.534 0.774 0.538 0.389 0.389 0.389 
0.405 0.858 0.532 0.774 0.538 0.389 0.389 0.389 
0.406 0.844 0.533 0.774 0.538 0.389 0.389 0.389 
0.419 0.854 0.532 0.774 0.538 0.389 0.389 0.389 
0.404 0.854 0.531 0.774 0.538 0.389 0.389 0.389 
0.415 0.849 0.534 0.774 0.538 0.389 0.389 0.389 
0.406 0.849 0.533 0.774 0.538 0.389 0.389 0.389 
0.405 0.854 0.535 0.774 0.538 0.389 0.389 0.389 
0.412 0.849 0.531 0.774 0.538 0.389 0.389 0.389 
0.410 0.854 0.532 0.774 0.538 0.389 0.389 0.389 
0.409 0.844 0.534 0.774 0.538 0.389 0.389 0.389 
0.406 0.854 0.535 0.774 0.538 0.389 0.389 0.389 
0.401 0.854 0.535 0.774 0.538 0.389 0.389 0.389 
0.414 0.854 0.535 0.774 0.538 0.389 0.389 0.389 
0.404 0.849 0.536 0.774 0.538 0.389 0.389 0.389 
0.404 0.854 0.534 0.774 0.538 0.389 0.389 0.389 
0.409 0.844 0.535 0.774 0.538 0.389 0.389 0.389 
0.423 0.849 0.536 0.792 0.538 0.389 0.389 0.389 
0.421 0.858 0.534 0.774 0.538 0.389 0.389 0.389 
0.403 0.849 0.534 0.774 0.538 0.389 0.389 0.389 
0.416 0.854 0.533 0.774 0.538 0.389 0.389 0.389 
0.407 0.858 0.533 0.774 0.538 0.389 0.389 0.389 
0.407 0.849 0.534 0.774 0.538 0.389 0.389 0.389 
0.395 0.858 0.534 0.774 0.538 0.389 0.389 0.389 
0.424 0.854 0.534 0.774 0.538 0.389 0.389 0.389 
0.405 0.849 0.535 0.774 0.538 0.389 0.389 0.389 
0.411 0.844 0.533 0.774 0.538 0.389 0.389 0.389 
0.404 0.854 0.532 0.774 0.538 0.389 0.389 0.389 
0.414 0.849 0.535 0.774 0.538 0.389 0.389 0.389 
0.408 0.854 0.534 0.774 0.538 0.389 0.389 0.389 
0.402 0.849 0.534 0.774 0.538 0.389 0.389 0.389 
0.406 0.858 0.533 0.774 0.538 0.389 0.389 0.389 
0.409 0.849 0.533 0.774 0.538 0.389 0.389 0.389 
0.411 0.858 0.535 0.774 0.538 0.389 0.389 0.389 
0.415 0.854 0.535 0.774 0.538 0.389 0.389 0.389 
0.415 0.854 0.534 0.774 0.538 0.389 0.389 0.389 
0.408 0.854 0.532 0.774 0.538 0.389 0.389 0.389 
0.411 0.858 0.531 0.774 0.538 0.389 0.389 0.389 
0.414 0.840 0.532 0.774 0.538 0.389 0.389 0.389 
0.412 0.858 0.533 0.774 0.538 0.389 0.389 0.389 
0.409 0.854 0.534 0.774 0.538 0.389 0.389 0.389 
0.402 0.858 0.534 0.774 0.538 0.389 0.389 0.389 
0.422 0.854 0.535 0.774 0.538 0.389 0.389 0.389 
0.407 0.849 0.532 0.774 0.538 0.389 0.389 0.389 
0.410 0.849 0.532 0.774 0.538 0.389 0.389 0.389 
0.400 0.854 0.532 0.774 0.538 0.389 0.389 0.389 
0.402 0.854 0.533 0.774 0.538 0.389 0.389 0.389 
0.412 0.844 0.533 0.774 0.538 0.389 0.389 0.389 
0.412 0.854 0.533 0.774 0.538 0.389 0.389 0.389 
0.411 0.849 0.533 0.774 0.538 0.389 0.389 0.389 
0.400 0.849 0.532 0.774 0.538 0.389 0.389 0.389 
0.418 0.854 0.533 0.774 0.538 0.389 0.389 0.389 
0.414 0.849 0.533 0.774 0.538 0.389 0.389 0.389 
0.412 0.854 0.532 0.774 0.538 0.389 0.389 0.389 
0.414 0.854 0.530 0.774 0.538 0.389 0.389 0.389 
0.411 0.854 0.530 0.774 0.538 0.389 0.389 0.389 
0.402 0.849 0.530 0.774 0.538 0.389 0.389 0.389 
0.407 0.849 0.530 0.774 0.538 0.389 0.389 0.389 
0.415 0.858 0.531 0.774 0.538 0.389 0.389 0.389 
0.417 0.849 0.531 0.774 0.538 0.389 0.389 0.389 
0.401 0.849 0.532 0.774 0.538 0.389 0.389 0.389 
0.408 0.858 0.532 0.792 0.538 0.389 0.389 0.389 
0.406 0.849 0.532 0.774 0.538 0.389 0.389 0.389 
0.403 0.849 0.531 0.792 0.538 0.389 0.389 0.389 
0.414 0.849 0.532 0.792 0.538 0.389 0.389 0.389 
0.401 0.858 0.533 0.792 0.538 0.389 0.389 0.389 
0.393 0.854 0.532 0.774 0.538 0.389 0.389 0.389 
0.413 0.854 0.534 0.792 0.538 0.389 0.389 0.389 
0.416 0.854 0.533 0.774 0.538 0.389 0.389 0.389 
0.410 0.849 0.532 0.792 0.538 0.389 0.389 0.389 
0.417 0.854 0.531 0.774 0.538 0.389 0.389 0.389 
0.409 0.854 0.530 0.774 0.538 0.389 0.389 0.389 
0.423 0.858 0.530 0.774 0.538 0.389 0.389 0.389 
0.409 0.858 0.529 0.792 0.538 0.389 0.389 0.389 
0.403 0.858 0.531 0.792 0.538 0.389 0.389 0.389 
0.412 0.858 0.532 0.792 0.538 0.389 0.389 0.389 
0.420 0.849 0.532 0.774 0.538 0.389 0.389 0.389 
0.412 0.854 0.531 0.774 0.538 0.389 0.389 0.389 
0.415 0.854 0.530 0.774 0.538 0.389 0.389 0.389 
0.402 0.854 0.527 0.774 0.538 0.389 0.389 0.333 
0.406 0.858 0.529 0.774 0.538 0.389 0.389 0.389 
0.416 0.854 0.531 0.774 0.538 0.389 0.389 0.389 
0.400 0.844 0.531 0.774 0.538 0.389 0.389 0.389 
0.414 0.854 0.533 0.774 0.538 0.389 0.389 0.389 
0.412 0.844 0.534 0.792 0.538 0.389 0.389 0.389 
0.404 0.849 0.532 0.774 0.538 0.389 0.389 0.389 
0.420 0.849 0.531 0.774 0.538 0.389 0.389 0.389 
0.408 0.849 0.530 0.774 0.538 0.389 0.389 0.389 
0.405 0.854 0.529 0.774 0.538 0.389 0.389 0.389 
0.414 0.844 0.528 0.774 0.538 0.389 0.389 0.389 
0.412 0.854 0.529 0.774 0.538 0.389 0.389 0.389 
0.412 0.858 0.531 0.792 0.538 0.389 0.389 0.389 
0.403 0.854 0.531 0.792 0.538 0.389 0.389 0.389 
0.407 0.849 0.532 0.792 0.538 0.389 0.389 0.389 
0.398 0.854 0.530 0.792 0.538 0.389 0.389 0.389 
0.418 0.854 0.530 0.792 0.538 0.389 0.389 0.389 
0.399 0.849 0.530 0.774 0.538 0.389 0.389 0.389 
0.394 0.849 0.529 0.774 0.538 0.389 0.389 0.389 
0.419 0.849 0.532 0.774 0.538 0.389 0.389 0.389 
0.403 0.854 0.531 0.774 0.538 0.389 0.389 0.389 
0.418 0.854 0.532 0.792 0.538 0.389 0.389 0.389 
0.407 0.849 0.532 0.792 0.538 0.389 0.389 0.389 
0.419 0.854 0.533 0.792 0.538 0.389 0.389 0.389 
0.420 0.858 0.531 0.792 0.538 0.389 0.389 0.389 
0.414 0.854 0.528 0.792 0.538 0.389 0.389 0.389 
0.414 0.854 0.527 0.774 0.538 0.389 0.389 0.389 
0.405 0.849 0.526 0.774 0.538 0.333 0.333 0.333 
0.410 0.849 0.527 0.774 0.538 0.333 0.333 0.333 
0.417 0.849 0.528 0.774 0.538 0.389 0.389 0.389 
0.414 0.858 0.530 0.792 0.538 0.389 0.389 0.389 
0.407 0.854 0.532 0.792 0.538 0.389 0.389 0.389 
0.412 0.854 0.531 0.792 0.538 0.389 0.389 0.389 
0.394 0.849 0.531 0.792 0.538 0.389 0.389 0.389 
0.426 0.854 0.531 0.792 0.538 0.389 0.389 0.389 
0.425 0.849 0.530 0.792 0.538 0.389 0.389 0.389 
0.420 0.858 0.530 0.792 0.538 0.389 0.389 0.389 
0.412 0.858 0.528 0.792 0.538 0.389 0.389 0.389 
0.412 0.854 0.527 0.792 0.538 0.389 0.389 0.389 
0.415 0.849 0.528 0.792 0.538 0.389 0.389 0.389 
0.401 0.858 0.529 0.792 0.538 0.389 0.389 0.389 
0.405 0.858 0.530 0.792 0.538 0.389 0.389 0.389 
0.416 0.849 0.531 0.792 0.538 0.389 0.389 0.389 
0.411 0.858 0.531 0.792 0.538 0.389 0.389 0.389 
0.404 0.849 0.531 0.792 0.538 0.389 0.389 0.389 
0.396 0.854 0.531 0.792 0.538 0.389 0.389 0.389 
0.411 0.849 0.531 0.792 0.538 0.389 0.389 0.389 
0.413 0.854 0.531 0.792 0.538 0.389 0.389 0.389 
0.411 0.849 0.530 0.792 0.538 0.389 0.389 0.389 
0.417 0.844 0.530 0.792 0.538 0.389 0.389 0.389 
0.404 0.858 0.529 0.792 0.538 0.389 0.389 0.389 
0.415 0.858 0.530 0.792 0.538 0.389 0.389 0.389 
0.413 0.854 0.530 0.792 0.538 0.389 0.389 0.389 
0.406 0.858 0.529 0.792 0.538 0.389 0.389 0.389 
0.408 0.854 0.530 0.792 0.538 0.389 0.389 0.389 
0.397 0.858 0.528 0.792 0.538 0.389 0.389 0.389 
0.404 0.849 0.529 0.792 0.538 0.389 0.389 0.389 
0.409 0.858 0.529 0.792 0.538 0.389 0.389 0.389 
0.406 0.854 0.529 0.792 0.538 0.389 0.389 0.389 
0.418 0.858 0.530 0.792 0.538 0.389 0.389 0.389 
0.417 0.854 0.528 0.792 0.538 0.389 0.389 0.389 
0.417 0.858 0.528 0.792 0.538 0.389 0.389 0.389 
0.399 0.854 0.528 0.792 0.538 0.389 0.389 0.389 
0.417 0.844 0.528 0.792 0.538 0.389 0.389 0.389 
0.408 0.854 0.529 0.792 0.538 0.389 0.389 0.389 
0.407 0.854 0.529 0.792 0.538 0.389 0.389 0.389 
0.421 0.854 0.530 0.792 0.538 0.389 0.389 0.389 
0.420 0.858 0.530 0.792 0.538 0.389 0.389 0.389 
0.410 0.858 0.528 0.792 0.538 0.389 0.389 0.389 
0.415 0.849 0.528 0.792 0.538 0.389 0.389 0.389 
0.411 0.858 0.528 0.792 0.538 0.389 0.389 0.389 
0.411 0.858 0.527 0.792 0.538 0.389 0.389 0.389 
0.416 0.858 0.527 0.792 0.538 0.389 0.389 0.389 
0.403 0.854 0.527 0.792 0.538 0.389 0.389 0.389 
0.404 0.858 0.527 0.792 0.538 0.389 0.389 0.389 
0.412 0.858 0.529 0.792 0.538 0.389 0.389 0.389 
0.408 0.849 0.528 0.792 0.538 0.389 0.389 0.389 
0.419 0.854 0.530 0.792 0.538 0.389 0.389 0.389 
0.412 0.858 0.530 0.792 0.538 0.389 0.389 0.389 
0.416 0.858 0.529 0.792 0.538 0.389 0.389 0.389 
0.417 0.854 0.528 0.792 0.538 0.389 0.389 0.389 
0.417 0.854 0.528 0.792 0.538 0.389 0.389 0.389 
0.417 0.854 0.527 0.792 0.538 0.389 0.389 0.389 
0.400 0.849 0.527 0.792 0.538 0.389 0.389 0.389 
0.402 0.849 0.526 0.792 0.538 0.389 0.389 0.389 
0.418 0.854 0.527 0.792 0.538 0.389 0.389 0.389 
0.406 0.858 0.526 0.792 0.538 0.389 0.389 0.389 
0.404 0.858 0.527 0.792 0.538 0.389 0.389 0.389 
0.405 0.854 0.527 0.792 0.538 0.389 0.389 0.389 
0.412 0.858 0.527 0.792 0.538 0.389 0.389 0.389 
0.400 0.858 0.527 0.792 0.538 0.389 0.389 0.389 
0.413 0.854 0.528 0.792 0.538 0.389 0.389 0.389 
0.415 0.858 0.529 0.792 0.538 0.389 0.389 0.389 
0.404 0.858 0.529 0.792 0.538 0.389 0.389 0.389 
0.414 0.858 0.529 0.792 0.538 0.389 0.389 0.389 
0.414 0.858 0.528 0.792 0.538 0.389 0.389 0.389 
0.413 0.854 0.527 0.792 0.538 0.389 0.389 0.389 
0.404 0.858 0.527 0.792 0.538 0.389 0.389 0.389 
0.407 0.849 0.527 0.792 0.538 0.389 0.389 0.389 
0.394 0.858 0.528 0.792 0.538 0.389 0.389 0.389 
0.401 0.854 0.528 0.792 0.538 0.389 0.389 0.389 
0.401 0.849 0.529 0.792 0.538 0.389 0.389 0.389 
0.399 0.858 0.529 0.792 0.538 0.389 0.389 0.389 
0.411 0.849 0.529 0.792 0.538 0.389 0.389 0.389 
0.406 0.849 0.529 0.792 0.538 0.389 0.389 0.389 
0.407 0.858 0.530 0.792 0.538 0.389 0.389 0.389 
0.404 0.849 0.529 0.792 0.538 0.389 0.389 0.389 
0.409 0.849 0.529 0.792 0.538 0.389 0.389 0.389 
0.399 0.854 0.529 0.792 0.538 0.389 0.389 0.389 
0.407 0.858 0.530 0.792 0.538 0.389 0.389 0.389 
0.404 0.858 0.530 0.792 0.538 0.389 0.389 0.389 
0.408 0.849 0.530 0.792 0.538 0.389 0.389 0.389 
0.421 0.858 0.530 0.792 0.538 0.389 0.389 0.389 
0.411 0.854 0.528 0.792 0.538 0.389 0.389 0.389 
0.396 0.858 0.527 0.792 0.538 0.389 0.389 0.389 
0.414 0.858 0.527 0.792 0.538 0.389 0.389 0.389 
0.403 0.858 0.527 0.792 0.538 0.389 0.389 0.389 
0.405 0.858 0.527 0.792 0.538 0.389 0.389 0.389 
0.412 0.854 0.528 0.792 0.538 0.389 0.389 0.389 
0.409 0.858 0.527 0.792 0.538 0.389 0.389 0.389 
0.404 0.849 0.527 0.792 0.538 0.389 0.389 0.389 
0.396 0.858 0.527 0.792 0.538 0.389 0.389 0.389 
0.400 0.858 0.528 0.792 0.538 0.389 0.389 0.389 
0.412 0.854 0.529 0.792 0.538 0.389 0.389 0.389 
0.403 0.854 0.529 0.792 0.538 0.389 0.389 0.389 
0.414 0.858 0.531 0.792 0.538 0.389 0.389 0.389 
0.399 0.858 0.529 0.792 0.538 0.389 0.389 0.389 
0.398 0.854 0.530 0.792 0.538 0.389 0.389 0.389 
0.412 0.858 0.530 0.792 0.538 0.389 0.389 0.389 
0.411 0.858 0.528 0.792 0.538 0.389 0.389 0.389 
0.402 0.854 0.528 0.792 0.538 0.389 0.389 0.389 
