4.973 0.448 1.872 0.604 0.846 0.833 0.833 0.833 
1.593 0.604 2.539 0.623 1.000 1.000 1.000 1.000 
2.134 0.604 2.160 0.623 1.000 1.000 1.000 1.000 
1.596 0.604 1.134 0.623 1.000 1.000 1.000 1.000 
0.903 0.594 0.873 0.415 0.615 0.611 0.556 0.556 
0.874 0.472 0.810 0.566 0.692 0.556 0.556 0.556 
0.684 0.679 1.044 0.660 0.923 0.889 0.889 0.889 
0.709 0.675 1.159 0.660 0.923 0.889 0.889 0.889 
0.789 0.660 1.069 0.679 0.923 0.778 0.778 0.778 
0.751 0.665 0.871 0.755 0.692 0.500 0.500 0.500 
0.661 0.722 0.705 0.679 0.231 0.167 0.167 0.167 
0.639 0.656 0.631 0.547 0.308 0.222 0.222 0.222 
0.607 0.675 0.564 0.717 0.692 0.500 0.500 0.500 
0.568 0.741 0.590 0.736 0.769 0.556 0.556 0.556 
0.574 0.712 0.608 0.717 0.846 0.667 0.667 0.667 
0.565 0.679 0.684 0.774 0.462 0.333 0.333 0.333 
0.552 0.750 0.771 0.660 0.462 0.333 0.333 0.333 
0.586 0.731 0.651 0.736 0.615 0.444 0.444 0.444 
0.559 0.736 0.635 0.736 0.769 0.611 0.611 0.611 
0.566 0.689 0.610 0.774 0.615 0.444 0.444 0.444 
0.558 0.698 0.604 0.811 0.308 0.278 0.278 0.278 
0.546 0.750 0.615 0.811 0.308 0.222 0.222 0.222 
0.553 0.731 0.624 0.755 0.462 0.333 0.333 0.333 
0.539 0.741 0.619 0.774 0.462 0.333 0.333 0.333 
0.543 0.764 0.622 0.792 0.462 0.333 0.333 0.333 
0.537 0.764 0.613 0.792 0.538 0.389 0.389 0.389 
0.538 0.769 0.621 0.774 0.538 0.389 0.389 0.389 
0.554 0.750 0.616 0.792 0.462 0.333 0.333 0.333 
0.557 0.769 0.639 0.774 0.462 0.333 0.333 0.333 
0.534 0.764 0.621 0.774 0.462 0.333 0.333 0.333 
0.539 0.769 0.622 0.774 0.462 0.333 0.333 0.333 
0.532 0.769 0.627 0.755 0.462 0.333 0.333 0.333 
0.536 0.783 0.618 0.792 0.462 0.333 0.333 0.333 
0.528 0.759 0.611 0.774 0.538 0.389 0.389 0.389 
0.535 0.759 0.612 0.792 0.462 0.333 0.333 0.333 
0.545 0.769 0.642 0.792 0.385 0.333 0.278 0.333 
0.572 0.750 0.642 0.774 0.385 0.278 0.278 0.278 
0.537 0.764 0.623 0.774 0.462 0.333 0.333 0.333 
0.544 0.778 0.623 0.774 0.462 0.333 0.333 0.333 
0.533 0.769 0.619 0.774 0.462 0.333 0.333 0.333 
0.554 0.755 0.622 0.774 0.462 0.333 0.333 0.333 
4.973 0.448 1.872 0.604 0.846 0.833 0.833 0.833 
1.593 0.604 2.539 0.623 1.000 1.000 1.000 1.000 
2.134 0.604 2.160 0.623 1.000 1.000 1.000 1.000 
1.596 0.604 1.135 0.623 1.000 1.000 1.000 1.000 
0.902 0.594 0.873 0.415 0.615 0.556 0.611 0.556 
0.875 0.476 0.809 0.566 0.692 0.500 0.556 0.500 
0.684 0.679 1.044 0.660 0.923 0.889 0.944 0.944 
0.710 0.675 1.163 0.660 0.923 0.889 0.889 0.889 
0.791 0.660 1.072 0.679 0.923 0.778 0.833 0.833 
0.753 0.670 0.874 0.755 0.692 0.500 0.556 0.500 
0.660 0.722 0.707 0.679 0.231 0.167 0.167 0.167 
0.637 0.656 0.631 0.566 0.308 0.222 0.222 0.222 
0.606 0.675 0.564 0.717 0.692 0.500 0.500 0.500 
0.567 0.741 0.589 0.755 0.769 0.556 0.556 0.556 
0.574 0.703 0.608 0.717 0.846 0.667 0.667 0.667 
0.566 0.684 0.691 0.774 0.462 0.333 0.333 0.333 
0.553 0.736 0.775 0.660 0.462 0.333 0.333 0.333 
0.589 0.726 0.648 0.736 0.615 0.444 0.444 0.444 
0.559 0.731 0.633 0.736 0.769 0.611 0.611 0.611 
0.568 0.689 0.609 0.792 0.615 0.444 0.444 0.444 
0.560 0.703 0.604 0.792 0.385 0.333 0.333 0.333 
0.548 0.745 0.617 0.811 0.308 0.222 0.222 0.222 
0.554 0.726 0.625 0.792 0.308 0.333 0.333 0.333 
0.540 0.736 0.620 0.774 0.462 0.333 0.333 0.333 
0.543 0.769 0.625 0.792 0.462 0.333 0.333 0.333 
0.537 0.755 0.617 0.774 0.538 0.389 0.389 0.389 
0.538 0.769 0.625 0.755 0.538 0.389 0.389 0.389 
0.553 0.745 0.622 0.792 0.462 0.333 0.333 0.333 
0.556 0.769 0.646 0.774 0.462 0.333 0.333 0.333 
0.534 0.759 0.628 0.755 0.462 0.333 0.333 0.333 
0.540 0.755 0.629 0.755 0.462 0.333 0.333 0.333 
0.534 0.764 0.633 0.774 0.462 0.333 0.333 0.333 
0.536 0.769 0.625 0.792 0.462 0.333 0.333 0.333 
0.529 0.755 0.620 0.774 0.538 0.389 0.389 0.389 
0.536 0.755 0.623 0.774 0.462 0.389 0.389 0.389 
0.545 0.764 0.657 0.736 0.462 0.333 0.333 0.333 
0.570 0.750 0.656 0.736 0.462 0.333 0.333 0.333 
0.538 0.764 0.636 0.774 0.462 0.333 0.333 0.333 
0.544 0.778 0.633 0.774 0.462 0.333 0.333 0.333 
0.534 0.769 0.631 0.755 0.462 0.333 0.333 0.333 
0.555 0.750 0.634 0.755 0.462 0.333 0.333 0.333 
0.535 0.759 0.640 0.736 0.462 0.333 0.333 0.333 
0.541 0.759 0.636 0.755 0.462 0.333 0.333 0.333 
0.540 0.764 0.619 0.774 0.462 0.333 0.333 0.333 
0.541 0.759 0.625 0.774 0.462 0.333 0.333 0.333 
0.527 0.759 0.634 0.774 0.462 0.333 0.333 0.333 
0.523 0.774 0.634 0.774 0.462 0.333 0.333 0.333 
0.538 0.750 0.634 0.774 0.462 0.333 0.333 0.333 
0.503 0.783 0.625 0.774 0.462 0.333 0.333 0.333 
0.521 0.769 0.627 0.774 0.462 0.333 0.333 0.333 
0.537 0.769 0.646 0.736 0.462 0.333 0.333 0.333 
0.528 0.759 0.629 0.774 0.462 0.333 0.333 0.333 
0.534 0.764 0.620 0.792 0.462 0.389 0.389 0.389 
0.528 0.769 0.624 0.792 0.462 0.333 0.333 0.333 
0.538 0.764 0.650 0.717 0.462 0.333 0.333 0.333 
0.525 0.759 0.626 0.774 0.462 0.333 0.333 0.333 
0.525 0.745 0.620 0.792 0.462 0.333 0.389 0.333 
0.536 0.764 0.630 0.774 0.462 0.333 0.333 0.333 
0.514 0.759 0.628 0.755 0.462 0.333 0.333 0.333 
0.529 0.745 0.626 0.755 0.462 0.333 0.333 0.333 
0.538 0.764 0.623 0.774 0.462 0.333 0.333 0.333 
0.527 0.755 0.635 0.774 0.462 0.333 0.333 0.333 
0.512 0.769 0.636 0.774 0.462 0.333 0.333 0.333 
0.519 0.759 0.637 0.736 0.462 0.333 0.333 0.333 
0.522 0.759 0.638 0.736 0.462 0.333 0.333 0.333 
0.531 0.755 0.637 0.736 0.462 0.333 0.333 0.333 
0.522 0.741 0.637 0.736 0.462 0.333 0.333 0.333 
0.548 0.750 0.627 0.736 0.462 0.333 0.333 0.333 
0.533 0.755 0.628 0.755 0.462 0.333 0.333 0.333 
0.527 0.750 0.621 0.774 0.462 0.333 0.333 0.333 
0.523 0.759 0.628 0.774 0.538 0.389 0.389 0.389 
0.512 0.750 0.631 0.774 0.462 0.333 0.333 0.333 
0.519 0.764 0.636 0.736 0.462 0.333 0.333 0.333 
0.507 0.774 0.610 0.774 0.462 0.333 0.389 0.333 
0.524 0.759 0.602 0.792 0.538 0.389 0.389 0.389 
0.510 0.774 0.635 0.736 0.462 0.333 0.333 0.333 
0.502 0.778 0.647 0.736 0.462 0.333 0.333 0.333 
0.533 0.750 0.614 0.774 0.462 0.333 0.333 0.333 
0.511 0.755 0.601 0.774 0.538 0.389 0.389 0.389 
0.525 0.755 0.616 0.774 0.462 0.333 0.333 0.333 
0.511 0.788 0.621 0.774 0.462 0.333 0.333 0.333 
0.536 0.736 0.622 0.774 0.462 0.333 0.333 0.333 
0.506 0.755 0.638 0.755 0.538 0.389 0.389 0.389 
0.530 0.750 0.603 0.755 0.615 0.444 0.500 0.444 
0.511 0.759 0.613 0.755 0.538 0.389 0.389 0.389 
0.520 0.774 0.617 0.755 0.538 0.389 0.389 0.389 
0.530 0.755 0.610 0.774 0.462 0.333 0.333 0.333 
0.525 0.755 0.621 0.755 0.462 0.333 0.333 0.333 
0.514 0.759 0.621 0.736 0.385 0.278 0.278 0.278 
0.508 0.759 0.595 0.774 0.462 0.333 0.333 0.333 
0.508 0.764 0.614 0.755 0.538 0.389 0.389 0.389 
0.510 0.750 0.614 0.755 0.538 0.389 0.389 0.389 
0.517 0.774 0.597 0.774 0.462 0.333 0.389 0.333 
0.499 0.774 0.589 0.755 0.538 0.389 0.389 0.389 
0.509 0.741 0.610 0.774 0.462 0.333 0.333 0.333 
0.527 0.741 0.620 0.755 0.385 0.278 0.278 0.278 
0.569 0.736 0.579 0.774 0.538 0.389 0.389 0.389 
0.532 0.769 0.595 0.736 0.692 0.500 0.500 0.500 
0.510 0.750 0.616 0.774 0.385 0.278 0.278 0.278 
0.546 0.755 0.596 0.774 0.462 0.333 0.333 0.333 
0.510 0.764 0.637 0.755 0.615 0.444 0.444 0.444 
0.529 0.736 0.604 0.755 0.538 0.389 0.389 0.389 
0.511 0.759 0.602 0.755 0.538 0.389 0.389 0.389 
0.511 0.769 0.600 0.755 0.538 0.389 0.389 0.389 
0.502 0.769 0.587 0.774 0.538 0.389 0.389 0.389 
0.514 0.774 0.585 0.774 0.538 0.389 0.389 0.389 
0.552 0.712 0.599 0.755 0.462 0.333 0.333 0.333 
0.508 0.755 0.602 0.736 0.462 0.333 0.333 0.333 
0.511 0.769 0.587 0.774 0.538 0.389 0.389 0.389 
0.505 0.759 0.602 0.755 0.538 0.389 0.389 0.389 
0.515 0.769 0.602 0.755 0.538 0.389 0.389 0.389 
0.521 0.764 0.612 0.736 0.538 0.389 0.389 0.389 
0.506 0.755 0.599 0.755 0.538 0.389 0.389 0.389 
0.522 0.759 0.584 0.774 0.538 0.389 0.389 0.389 
0.510 0.764 0.585 0.755 0.538 0.389 0.389 0.389 
0.515 0.750 0.602 0.736 0.538 0.389 0.389 0.389 
0.514 0.769 0.594 0.736 0.538 0.389 0.389 0.389 
0.511 0.764 0.584 0.774 0.538 0.389 0.389 0.389 
0.509 0.750 0.581 0.774 0.538 0.389 0.389 0.389 
0.511 0.759 0.589 0.774 0.538 0.389 0.389 0.389 
0.509 0.774 0.602 0.698 0.538 0.389 0.389 0.389 
0.508 0.764 0.589 0.774 0.538 0.389 0.389 0.389 
0.514 0.764 0.588 0.755 0.615 0.444 0.500 0.500 
0.525 0.736 0.589 0.774 0.538 0.389 0.389 0.389 
0.513 0.769 0.642 0.698 0.462 0.333 0.333 0.333 
0.550 0.731 0.599 0.755 0.538 0.389 0.389 0.389 
0.516 0.745 0.638 0.736 0.769 0.556 0.556 0.556 
0.538 0.750 0.606 0.736 0.615 0.500 0.500 0.500 
0.504 0.736 0.576 0.755 0.538 0.389 0.389 0.389 
0.526 0.736 0.583 0.755 0.538 0.389 0.389 0.389 
0.482 0.750 0.587 0.774 0.538 0.389 0.389 0.389 
0.523 0.741 0.583 0.774 0.538 0.389 0.389 0.389 
0.518 0.778 0.593 0.755 0.538 0.389 0.389 0.389 
0.542 0.750 0.571 0.774 0.538 0.389 0.389 0.389 
0.500 0.745 0.591 0.774 0.538 0.444 0.444 0.444 
0.507 0.764 0.582 0.774 0.538 0.389 0.389 0.389 
0.526 0.774 0.593 0.755 0.538 0.389 0.389 0.389 
0.500 0.764 0.585 0.755 0.538 0.389 0.389 0.389 
0.506 0.774 0.578 0.755 0.538 0.389 0.389 0.389 
0.516 0.764 0.581 0.755 0.538 0.389 0.389 0.389 
0.519 0.731 0.585 0.755 0.538 0.389 0.389 0.389 
0.508 0.778 0.571 0.774 0.538 0.389 0.389 0.389 
0.511 0.774 0.575 0.755 0.538 0.389 0.389 0.389 
0.514 0.764 0.583 0.755 0.538 0.389 0.389 0.389 
0.502 0.769 0.589 0.755 0.538 0.389 0.389 0.389 
0.514 0.755 0.578 0.774 0.538 0.389 0.389 0.389 
0.512 0.755 0.583 0.755 0.538 0.389 0.389 0.389 
0.494 0.759 0.583 0.755 0.538 0.389 0.389 0.389 
0.500 0.778 0.574 0.755 0.538 0.389 0.389 0.389 
0.494 0.778 0.573 0.755 0.538 0.389 0.389 0.389 
0.503 0.774 0.574 0.755 0.538 0.389 0.389 0.389 
0.501 0.764 0.589 0.755 0.538 0.389 0.389 0.389 
0.517 0.745 0.587 0.755 0.538 0.389 0.389 0.389 
0.503 0.759 0.569 0.774 0.538 0.389 0.389 0.389 
0.494 0.778 0.568 0.774 0.538 0.389 0.389 0.389 
0.502 0.759 0.570 0.755 0.538 0.389 0.389 0.389 
0.504 0.769 0.582 0.774 0.462 0.333 0.333 0.333 
0.535 0.731 0.564 0.774 0.538 0.389 0.389 0.389 
0.498 0.755 0.589 0.736 0.769 0.611 0.611 0.611 
0.522 0.759 0.555 0.774 0.538 0.389 0.389 0.389 
0.504 0.764 0.565 0.755 0.538 0.389 0.389 0.389 
0.509 0.774 0.566 0.774 0.538 0.389 0.389 0.389 
0.512 0.769 0.561 0.774 0.538 0.389 0.389 0.389 
0.513 0.778 0.576 0.774 0.538 0.333 0.333 0.333 
0.512 0.769 0.594 0.736 0.385 0.278 0.278 0.278 
0.506 0.755 0.566 0.755 0.538 0.389 0.389 0.389 
0.514 0.755 0.561 0.774 0.538 0.389 0.389 0.389 
0.500 0.769 0.568 0.774 0.538 0.389 0.389 0.389 
0.507 0.774 0.589 0.755 0.538 0.389 0.389 0.389 
0.509 0.778 0.604 0.736 0.538 0.389 0.389 0.389 
0.500 0.764 0.594 0.755 0.538 0.389 0.389 0.389 
0.503 0.774 0.578 0.755 0.538 0.389 0.389 0.389 
0.501 0.769 0.583 0.717 0.538 0.389 0.389 0.389 
0.487 0.764 0.587 0.774 0.462 0.333 0.333 0.333 
0.495 0.783 0.589 0.755 0.462 0.333 0.333 0.333 
0.492 0.774 0.589 0.755 0.462 0.333 0.333 0.333 
0.492 0.764 0.569 0.774 0.538 0.389 0.389 0.389 
0.511 0.750 0.575 0.774 0.538 0.389 0.389 0.389 
0.517 0.741 0.566 0.755 0.538 0.389 0.389 0.389 
0.500 0.769 0.616 0.755 0.462 0.333 0.333 0.333 
0.512 0.750 0.622 0.736 0.538 0.333 0.333 0.333 
0.507 0.755 0.599 0.698 0.538 0.389 0.389 0.389 
0.522 0.774 0.577 0.717 0.538 0.389 0.389 0.389 
0.503 0.769 0.575 0.755 0.538 0.389 0.389 0.389 
0.509 0.759 0.594 0.755 0.538 0.389 0.389 0.389 
0.514 0.731 0.606 0.755 0.462 0.333 0.333 0.333 
0.510 0.755 0.589 0.755 0.462 0.333 0.333 0.333 
0.509 0.778 0.565 0.774 0.538 0.389 0.389 0.389 
0.494 0.764 0.559 0.774 0.538 0.389 0.389 0.389 
0.497 0.774 0.565 0.755 0.538 0.389 0.389 0.389 
0.491 0.759 0.607 0.736 0.538 0.389 0.389 0.389 
0.507 0.769 0.587 0.755 0.538 0.389 0.389 0.389 
0.490 0.783 0.585 0.755 0.538 0.389 0.389 0.389 
0.506 0.741 0.579 0.755 0.538 0.389 0.389 0.389 
0.502 0.759 0.591 0.755 0.538 0.389 0.389 0.389 
0.498 0.764 0.593 0.774 0.538 0.389 0.389 0.389 
0.518 0.745 0.569 0.774 0.538 0.389 0.389 0.389 
0.508 0.741 0.574 0.774 0.538 0.389 0.389 0.389 
0.521 0.788 0.601 0.755 0.462 0.333 0.333 0.333 
0.505 0.741 0.595 0.755 0.538 0.389 0.389 0.389 
0.506 0.750 0.580 0.755 0.538 0.389 0.389 0.389 
0.491 0.769 0.574 0.755 0.538 0.389 0.389 0.389 
0.490 0.774 0.575 0.755 0.538 0.389 0.389 0.389 
0.488 0.764 0.568 0.755 0.538 0.389 0.389 0.389 
0.514 0.783 0.574 0.755 0.538 0.389 0.389 0.389 
0.513 0.759 0.594 0.755 0.462 0.333 0.333 0.333 
0.488 0.769 0.569 0.755 0.538 0.389 0.389 0.389 
0.500 0.774 0.563 0.774 0.538 0.389 0.389 0.389 
0.505 0.764 0.571 0.755 0.538 0.389 0.389 0.389 
0.511 0.759 0.583 0.774 0.462 0.333 0.333 0.333 
0.503 0.764 0.567 0.755 0.538 0.389 0.389 0.389 
0.494 0.750 0.557 0.774 0.538 0.389 0.389 0.389 
0.485 0.769 0.566 0.755 0.538 0.389 0.389 0.389 
0.506 0.755 0.574 0.755 0.538 0.389 0.389 0.389 
0.502 0.788 0.581 0.755 0.538 0.389 0.389 0.389 
0.501 0.750 0.569 0.755 0.538 0.389 0.389 0.389 
0.494 0.774 0.560 0.774 0.538 0.389 0.389 0.389 
0.489 0.783 0.573 0.774 0.462 0.333 0.333 0.333 
0.488 0.778 0.588 0.774 0.385 0.278 0.278 0.278 
0.487 0.778 0.572 0.755 0.538 0.333 0.333 0.333 
0.502 0.769 0.563 0.755 0.538 0.389 0.389 0.389 
0.501 0.764 0.567 0.755 0.538 0.389 0.389 0.389 
0.497 0.774 0.570 0.755 0.538 0.389 0.389 0.389 
0.480 0.783 0.576 0.755 0.538 0.389 0.389 0.389 
0.490 0.774 0.576 0.755 0.538 0.389 0.389 0.389 
0.503 0.778 0.567 0.755 0.538 0.389 0.389 0.389 
0.504 0.774 0.583 0.755 0.538 0.389 0.389 0.389 
0.496 0.764 0.575 0.755 0.538 0.389 0.389 0.389 
0.495 0.755 0.572 0.755 0.538 0.389 0.389 0.389 
0.497 0.769 0.562 0.774 0.538 0.389 0.389 0.389 
0.497 0.764 0.556 0.774 0.538 0.389 0.389 0.389 
0.499 0.774 0.570 0.774 0.538 0.333 0.333 0.333 
0.499 0.759 0.576 0.774 0.462 0.333 0.333 0.333 
0.495 0.750 0.566 0.755 0.538 0.389 0.389 0.389 
0.500 0.778 0.559 0.774 0.538 0.389 0.389 0.389 
0.506 0.764 0.558 0.774 0.538 0.389 0.389 0.389 
0.516 0.764 0.582 0.774 0.462 0.333 0.333 0.333 
0.496 0.764 0.571 0.755 0.538 0.389 0.389 0.389 
0.488 0.764 0.565 0.755 0.538 0.389 0.389 0.389 
0.523 0.769 0.561 0.755 0.538 0.389 0.389 0.389 
0.496 0.769 0.567 0.755 0.538 0.389 0.389 0.389 
0.487 0.792 0.577 0.755 0.538 0.389 0.389 0.389 
0.495 0.778 0.576 0.755 0.538 0.389 0.389 0.389 
0.502 0.759 0.569 0.755 0.538 0.389 0.389 0.389 
0.504 0.755 0.559 0.755 0.538 0.389 0.389 0.389 
0.501 0.764 0.569 0.755 0.538 0.389 0.389 0.389 
0.499 0.774 0.565 0.755 0.538 0.389 0.389 0.389 
0.475 0.774 0.559 0.755 0.538 0.389 0.389 0.389 
0.517 0.759 0.560 0.755 0.538 0.389 0.389 0.389 
0.503 0.769 0.561 0.774 0.538 0.389 0.389 0.389 
0.508 0.774 0.571 0.755 0.538 0.389 0.389 0.389 
0.491 0.764 0.568 0.755 0.538 0.389 0.389 0.389 
0.504 0.750 0.574 0.755 0.538 0.389 0.389 0.389 
0.486 0.769 0.562 0.792 0.538 0.389 0.389 0.389 
0.503 0.764 0.559 0.774 0.538 0.389 0.389 0.389 
0.513 0.774 0.564 0.774 0.462 0.333 0.333 0.333 
0.481 0.774 0.572 0.755 0.538 0.333 0.333 0.333 
0.500 0.764 0.571 0.755 0.538 0.389 0.389 0.389 
0.482 0.774 0.567 0.755 0.538 0.389 0.389 0.389 
0.482 0.778 0.571 0.755 0.538 0.389 0.389 0.389 
0.545 0.750 0.578 0.755 0.538 0.389 0.389 0.389 
0.485 0.774 0.557 0.774 0.538 0.389 0.389 0.389 
0.478 0.783 0.554 0.774 0.538 0.444 0.444 0.389 
0.486 0.774 0.556 0.774 0.538 0.389 0.389 0.389 
0.503 0.745 0.568 0.755 0.538 0.389 0.389 0.389 
0.494 0.755 0.560 0.755 0.538 0.389 0.389 0.389 
0.498 0.759 0.557 0.774 0.462 0.333 0.333 0.333 
0.525 0.759 0.551 0.792 0.462 0.333 0.333 0.333 
0.469 0.783 0.554 0.792 0.462 0.333 0.333 0.333 
0.491 0.769 0.559 0.755 0.538 0.389 0.389 0.389 
0.489 0.755 0.568 0.755 0.538 0.389 0.389 0.389 
0.497 0.759 0.572 0.755 0.538 0.389 0.389 0.389 
0.520 0.755 0.573 0.736 0.462 0.333 0.333 0.333 
0.485 0.774 0.558 0.774 0.538 0.389 0.389 0.389 
0.483 0.783 0.554 0.755 0.538 0.389 0.389 0.389 
0.499 0.788 0.560 0.755 0.538 0.389 0.389 0.389 
0.495 0.769 0.577 0.736 0.462 0.333 0.333 0.333 
0.492 0.778 0.567 0.755 0.538 0.389 0.389 0.389 
0.476 0.778 0.568 0.774 0.462 0.333 0.278 0.278 
0.494 0.764 0.597 0.736 0.385 0.278 0.278 0.278 
0.490 0.778 0.585 0.774 0.462 0.333 0.333 0.333 
0.498 0.769 0.579 0.774 0.462 0.333 0.333 0.333 
0.498 0.778 0.561 0.755 0.538 0.389 0.389 0.389 
0.493 0.741 0.561 0.755 0.538 0.333 0.333 0.333 
0.507 0.755 0.566 0.774 0.538 0.389 0.389 0.389 
0.493 0.764 0.571 0.774 0.462 0.333 0.333 0.333 
0.491 0.764 0.568 0.792 0.385 0.278 0.278 0.278 
0.487 0.774 0.556 0.755 0.538 0.389 0.389 0.389 
0.487 0.769 0.548 0.774 0.538 0.389 0.389 0.389 
0.492 0.769 0.560 0.755 0.538 0.389 0.389 0.389 
0.499 0.788 0.568 0.755 0.538 0.389 0.389 0.389 
0.489 0.755 0.561 0.755 0.538 0.389 0.389 0.389 
0.487 0.792 0.548 0.774 0.538 0.389 0.389 0.389 
0.522 0.792 0.553 0.774 0.538 0.389 0.389 0.389 
0.488 0.769 0.550 0.774 0.538 0.389 0.389 0.389 
0.492 0.741 0.560 0.755 0.538 0.389 0.389 0.389 
0.470 0.797 0.560 0.755 0.538 0.389 0.389 0.389 
0.492 0.750 0.563 0.755 0.538 0.389 0.389 0.389 
0.508 0.774 0.560 0.774 0.615 0.444 0.444 0.444 
0.509 0.764 0.557 0.774 0.538 0.389 0.389 0.389 
0.497 0.764 0.555 0.755 0.538 0.389 0.389 0.389 
0.491 0.764 0.549 0.774 0.538 0.389 0.389 0.389 
0.496 0.769 0.547 0.792 0.462 0.333 0.333 0.333 
0.494 0.783 0.543 0.774 0.538 0.389 0.389 0.389 
0.482 0.759 0.546 0.774 0.538 0.333 0.333 0.333 
0.495 0.778 0.546 0.774 0.538 0.389 0.389 0.389 
0.465 0.783 0.557 0.774 0.462 0.333 0.333 0.333 
0.493 0.769 0.557 0.774 0.462 0.333 0.333 0.333 
0.514 0.774 0.562 0.774 0.462 0.333 0.278 0.278 
0.501 0.759 0.551 0.774 0.538 0.389 0.389 0.389 
0.502 0.759 0.551 0.774 0.538 0.389 0.389 0.389 
0.490 0.755 0.559 0.755 0.538 0.389 0.389 0.389 
0.477 0.778 0.565 0.755 0.538 0.389 0.389 0.389 
0.509 0.769 0.562 0.755 0.538 0.389 0.389 0.389 
0.494 0.750 0.555 0.774 0.538 0.389 0.389 0.389 
0.489 0.755 0.551 0.774 0.538 0.389 0.389 0.389 
0.492 0.764 0.559 0.774 0.538 0.389 0.389 0.389 
0.494 0.764 0.557 0.755 0.538 0.389 0.389 0.389 
0.497 0.783 0.555 0.755 0.538 0.389 0.389 0.389 
0.496 0.769 0.552 0.774 0.538 0.389 0.389 0.389 
0.482 0.769 0.552 0.792 0.462 0.333 0.333 0.333 
0.488 0.750 0.558 0.774 0.462 0.333 0.333 0.333 
0.508 0.778 0.555 0.755 0.538 0.389 0.389 0.389 
0.488 0.788 0.554 0.774 0.538 0.389 0.389 0.389 
0.502 0.764 0.550 0.774 0.538 0.389 0.389 0.389 
0.486 0.783 0.553 0.755 0.538 0.389 0.389 0.389 
0.492 0.759 0.556 0.755 0.538 0.389 0.389 0.389 
0.493 0.778 0.554 0.774 0.538 0.389 0.389 0.389 
0.490 0.783 0.556 0.774 0.538 0.389 0.389 0.389 
0.525 0.774 0.554 0.755 0.538 0.389 0.389 0.389 
0.490 0.769 0.553 0.774 0.538 0.389 0.389 0.389 
0.497 0.774 0.554 0.774 0.538 0.389 0.389 0.389 
0.487 0.764 0.550 0.774 0.538 0.389 0.389 0.389 
0.496 0.759 0.550 0.774 0.538 0.389 0.389 0.389 
0.489 0.769 0.550 0.774 0.462 0.333 0.333 0.333 
0.480 0.774 0.554 0.774 0.462 0.333 0.278 0.333 
0.486 0.755 0.547 0.774 0.538 0.389 0.389 0.389 
0.491 0.792 0.551 0.774 0.538 0.389 0.389 0.389 
0.490 0.774 0.561 0.774 0.462 0.333 0.333 0.333 
0.485 0.783 0.560 0.774 0.462 0.333 0.333 0.333 
0.478 0.792 0.569 0.774 0.462 0.333 0.333 0.333 
0.487 0.778 0.555 0.774 0.538 0.389 0.389 0.389 
0.497 0.755 0.554 0.774 0.538 0.333 0.333 0.333 
0.499 0.778 0.555 0.792 0.462 0.333 0.278 0.333 
0.482 0.769 0.551 0.792 0.462 0.333 0.333 0.333 
0.497 0.778 0.552 0.792 0.462 0.333 0.333 0.333 
0.481 0.774 0.555 0.774 0.462 0.333 0.333 0.333 
0.483 0.774 0.550 0.774 0.538 0.389 0.389 0.389 
0.487 0.788 0.556 0.774 0.462 0.333 0.333 0.333 
0.482 0.783 0.555 0.774 0.538 0.389 0.389 0.389 
0.477 0.769 0.548 0.774 0.538 0.389 0.389 0.389 
0.501 0.764 0.550 0.774 0.538 0.389 0.389 0.389 
0.477 0.788 0.556 0.774 0.462 0.333 0.333 0.333 
0.481 0.792 0.549 0.774 0.462 0.333 0.333 0.333 
0.480 0.774 0.554 0.774 0.462 0.333 0.333 0.333 
0.493 0.788 0.551 0.755 0.538 0.333 0.333 0.333 
0.496 0.764 0.548 0.774 0.538 0.389 0.389 0.389 
0.483 0.759 0.550 0.774 0.538 0.389 0.389 0.389 
0.488 0.783 0.556 0.755 0.538 0.389 0.389 0.389 
0.488 0.764 0.551 0.755 0.538 0.389 0.389 0.389 
0.464 0.778 0.546 0.774 0.538 0.389 0.389 0.389 
0.486 0.769 0.541 0.774 0.538 0.389 0.389 0.389 
0.497 0.769 0.538 0.792 0.538 0.333 0.333 0.333 
0.490 0.764 0.538 0.774 0.538 0.333 0.333 0.333 
0.493 0.764 0.542 0.792 0.462 0.333 0.333 0.333 
0.486 0.783 0.557 0.774 0.462 0.333 0.278 0.333 
0.486 0.788 0.568 0.792 0.385 0.278 0.278 0.278 
0.471 0.807 0.549 0.792 0.462 0.333 0.278 0.278 
0.483 0.778 0.539 0.774 0.538 0.389 0.389 0.389 
0.489 0.750 0.537 0.774 0.538 0.389 0.389 0.389 
0.492 0.759 0.550 0.774 0.462 0.333 0.278 0.333 
0.471 0.792 0.563 0.792 0.385 0.278 0.278 0.278 
0.486 0.778 0.558 0.792 0.385 0.278 0.278 0.278 
0.467 0.802 0.549 0.792 0.462 0.333 0.278 0.333 
0.482 0.774 0.542 0.774 0.538 0.389 0.389 0.389 
0.469 0.778 0.544 0.774 0.538 0.389 0.389 0.389 
0.494 0.778 0.551 0.792 0.462 0.333 0.333 0.333 
0.490 0.759 0.551 0.774 0.462 0.333 0.333 0.333 
0.497 0.769 0.553 0.774 0.462 0.333 0.278 0.333 
0.487 0.764 0.543 0.792 0.462 0.333 0.333 0.333 
0.490 0.774 0.548 0.811 0.385 0.278 0.278 0.278 
0.481 0.783 0.548 0.811 0.385 0.278 0.278 0.278 
0.496 0.755 0.540 0.792 0.462 0.333 0.278 0.333 
0.477 0.759 0.545 0.774 0.462 0.333 0.333 0.333 
0.479 0.769 0.548 0.774 0.462 0.333 0.333 0.333 
0.484 0.778 0.547 0.792 0.462 0.333 0.333 0.333 
0.471 0.792 0.542 0.774 0.538 0.389 0.389 0.389 
0.490 0.783 0.540 0.774 0.538 0.389 0.389 0.389 
0.489 0.788 0.542 0.774 0.538 0.389 0.389 0.389 
0.500 0.783 0.546 0.774 0.538 0.333 0.333 0.333 
0.491 0.741 0.557 0.792 0.385 0.278 0.278 0.278 
0.494 0.769 0.552 0.774 0.462 0.333 0.278 0.333 
0.475 0.778 0.550 0.811 0.385 0.278 0.278 0.278 
0.492 0.774 0.549 0.811 0.385 0.278 0.278 0.278 
0.465 0.783 0.561 0.792 0.385 0.278 0.278 0.278 
0.510 0.764 0.555 0.792 0.385 0.278 0.278 0.278 
0.494 0.783 0.545 0.774 0.538 0.389 0.389 0.389 
0.498 0.750 0.559 0.774 0.462 0.333 0.333 0.333 
0.485 0.774 0.560 0.774 0.462 0.333 0.333 0.333 
0.480 0.778 0.547 0.774 0.462 0.333 0.333 0.333 
0.500 0.769 0.549 0.755 0.538 0.389 0.389 0.389 
0.498 0.783 0.545 0.774 0.462 0.333 0.333 0.333 
0.474 0.778 0.540 0.792 0.462 0.333 0.333 0.333 
0.484 0.788 0.541 0.774 0.538 0.333 0.333 0.333 
0.491 0.759 0.537 0.792 0.462 0.333 0.333 0.333 
0.477 0.774 0.535 0.792 0.462 0.333 0.278 0.333 
0.489 0.788 0.536 0.811 0.385 0.278 0.278 0.278 
0.483 0.774 0.537 0.792 0.462 0.333 0.333 0.333 
0.494 0.764 0.536 0.774 0.538 0.389 0.389 0.389 
0.488 0.778 0.539 0.774 0.538 0.389 0.389 0.389 
0.488 0.783 0.540 0.774 0.538 0.389 0.389 0.389 
0.483 0.783 0.539 0.774 0.538 0.389 0.389 0.389 
0.471 0.783 0.543 0.792 0.462 0.333 0.333 0.333 
0.476 0.778 0.539 0.774 0.538 0.389 0.389 0.389 
0.471 0.788 0.541 0.792 0.462 0.333 0.333 0.333 
0.484 0.788 0.540 0.774 0.538 0.389 0.389 0.389 
0.491 0.769 0.537 0.792 0.462 0.333 0.333 0.333 
0.481 0.764 0.539 0.792 0.385 0.278 0.278 0.278 
0.476 0.788 0.547 0.792 0.462 0.333 0.278 0.278 
0.473 0.792 0.544 0.792 0.462 0.333 0.333 0.333 
0.482 0.788 0.545 0.774 0.538 0.389 0.389 0.389 
0.489 0.788 0.543 0.774 0.538 0.389 0.389 0.389 
0.471 0.755 0.540 0.774 0.538 0.333 0.333 0.333 
0.477 0.764 0.541 0.792 0.462 0.333 0.333 0.333 
0.482 0.774 0.537 0.792 0.462 0.333 0.333 0.333 
0.479 0.788 0.534 0.774 0.538 0.389 0.389 0.389 
0.484 0.774 0.536 0.774 0.538 0.389 0.389 0.389 
0.498 0.755 0.540 0.792 0.538 0.333 0.333 0.333 
0.482 0.774 0.540 0.774 0.538 0.389 0.389 0.389 
0.490 0.774 0.539 0.774 0.538 0.389 0.389 0.389 
0.484 0.797 0.542 0.792 0.462 0.333 0.278 0.333 
0.485 0.788 0.540 0.792 0.462 0.333 0.333 0.333 
0.477 0.778 0.539 0.792 0.462 0.333 0.333 0.333 
0.477 0.783 0.541 0.792 0.462 0.333 0.333 0.333 
0.497 0.783 0.541 0.792 0.462 0.333 0.333 0.333 
0.488 0.764 0.548 0.774 0.462 0.333 0.278 0.333 
0.482 0.783 0.548 0.811 0.385 0.278 0.278 0.278 
0.484 0.774 0.542 0.792 0.462 0.333 0.333 0.333 
0.492 0.783 0.538 0.774 0.538 0.333 0.333 0.333 
0.487 0.788 0.538 0.792 0.462 0.333 0.333 0.333 
0.467 0.769 0.541 0.792 0.462 0.333 0.333 0.333 
0.481 0.764 0.543 0.811 0.385 0.278 0.278 0.278 
0.495 0.750 0.542 0.811 0.385 0.278 0.278 0.278 
0.479 0.769 0.536 0.774 0.538 0.333 0.333 0.333 
0.466 0.778 0.535 0.792 0.462 0.333 0.333 0.333 
0.481 0.750 0.535 0.792 0.462 0.333 0.333 0.333 
0.480 0.788 0.538 0.792 0.385 0.278 0.278 0.278 
0.478 0.783 0.541 0.792 0.385 0.278 0.278 0.278 
0.468 0.778 0.544 0.774 0.462 0.333 0.278 0.333 
0.469 0.769 0.545 0.774 0.538 0.389 0.389 0.389 
0.497 0.783 0.541 0.774 0.538 0.389 0.389 0.389 
0.511 0.764 0.538 0.792 0.385 0.278 0.278 0.278 
0.490 0.769 0.539 0.811 0.385 0.278 0.278 0.278 
0.480 0.778 0.536 0.792 0.385 0.278 0.278 0.278 
0.478 0.778 0.534 0.792 0.462 0.333 0.278 0.278 
0.479 0.788 0.536 0.792 0.462 0.333 0.333 0.333 
0.472 0.774 0.539 0.811 0.385 0.278 0.278 0.278 
0.473 0.797 0.541 0.792 0.462 0.333 0.333 0.333 
0.482 0.783 0.545 0.792 0.462 0.333 0.333 0.333 
0.479 0.778 0.540 0.774 0.538 0.389 0.389 0.389 
0.476 0.792 0.539 0.774 0.538 0.389 0.389 0.389 
0.495 0.755 0.541 0.774 0.538 0.389 0.389 0.389 
0.469 0.774 0.544 0.792 0.462 0.333 0.333 0.333 
0.476 0.778 0.541 0.792 0.462 0.333 0.278 0.278 
0.487 0.778 0.542 0.792 0.385 0.278 0.278 0.278 
0.487 0.759 0.537 0.792 0.462 0.333 0.333 0.333 
0.475 0.774 0.540 0.792 0.462 0.333 0.333 0.333 
0.481 0.783 0.539 0.774 0.538 0.389 0.389 0.389 
0.493 0.759 0.543 0.792 0.385 0.278 0.278 0.278 
0.482 0.783 0.537 0.792 0.462 0.333 0.333 0.333 
0.495 0.769 0.541 0.792 0.462 0.333 0.333 0.333 
0.477 0.792 0.540 0.792 0.462 0.333 0.333 0.333 
0.485 0.778 0.541 0.792 0.462 0.333 0.333 0.333 
0.478 0.774 0.536 0.792 0.385 0.278 0.278 0.278 
0.480 0.802 0.540 0.811 0.385 0.278 0.278 0.278 
0.473 0.764 0.535 0.792 0.462 0.333 0.278 0.333 
0.504 0.774 0.534 0.792 0.462 0.333 0.278 0.333 
0.473 0.792 0.535 0.792 0.462 0.333 0.333 0.333 
0.486 0.759 0.536 0.811 0.385 0.278 0.278 0.278 
0.481 0.788 0.540 0.811 0.385 0.278 0.278 0.278 
0.475 0.797 0.551 0.792 0.385 0.278 0.278 0.278 
0.484 0.797 0.546 0.792 0.385 0.278 0.278 0.278 
0.473 0.759 0.538 0.811 0.385 0.278 0.278 0.278 
0.477 0.769 0.534 0.792 0.462 0.333 0.333 0.333 
0.483 0.774 0.536 0.792 0.462 0.333 0.333 0.333 
0.483 0.778 0.542 0.792 0.462 0.333 0.333 0.333 
0.482 0.755 0.543 0.792 0.462 0.333 0.333 0.333 
0.498 0.774 0.541 0.792 0.462 0.333 0.333 0.333 
0.471 0.797 0.538 0.792 0.462 0.333 0.333 0.333 
0.484 0.774 0.537 0.792 0.385 0.278 0.278 0.278 
0.478 0.778 0.533 0.792 0.462 0.278 0.278 0.278 
0.473 0.797 0.538 0.811 0.385 0.278 0.278 0.278 
0.462 0.788 0.535 0.811 0.385 0.278 0.278 0.278 
0.492 0.774 0.534 0.811 0.385 0.278 0.278 0.278 
0.476 0.769 0.533 0.811 0.385 0.278 0.278 0.278 
0.466 0.783 0.542 0.774 0.385 0.278 0.278 0.278 
0.481 0.788 0.543 0.774 0.385 0.278 0.278 0.278 
0.478 0.774 0.543 0.792 0.385 0.278 0.278 0.278 
0.478 0.769 0.542 0.792 0.462 0.333 0.333 0.333 
0.482 0.778 0.540 0.792 0.462 0.333 0.333 0.333 
0.479 0.764 0.539 0.792 0.462 0.333 0.333 0.333 
0.484 0.774 0.538 0.792 0.462 0.333 0.333 0.333 
0.488 0.778 0.537 0.792 0.385 0.278 0.278 0.278 
0.479 0.778 0.539 0.792 0.385 0.278 0.278 0.278 
0.486 0.778 0.537 0.811 0.385 0.278 0.278 0.278 
0.478 0.778 0.535 0.792 0.385 0.278 0.278 0.278 
0.493 0.778 0.538 0.792 0.462 0.333 0.333 0.333 
0.490 0.755 0.535 0.792 0.462 0.333 0.333 0.333 
0.478 0.778 0.538 0.792 0.462 0.278 0.278 0.278 
0.491 0.769 0.543 0.792 0.385 0.278 0.278 0.278 
0.492 0.778 0.540 0.811 0.385 0.278 0.278 0.278 
0.468 0.783 0.535 0.792 0.462 0.278 0.278 0.278 
0.474 0.792 0.535 0.792 0.385 0.278 0.278 0.278 
0.478 0.783 0.533 0.792 0.462 0.333 0.333 0.333 
0.485 0.774 0.540 0.792 0.462 0.333 0.278 0.278 
0.497 0.792 0.543 0.792 0.385 0.278 0.278 0.278 
0.464 0.774 0.544 0.774 0.385 0.278 0.278 0.278 
0.480 0.774 0.541 0.774 0.462 0.333 0.333 0.333 
0.477 0.783 0.537 0.774 0.538 0.389 0.389 0.389 
0.467 0.783 0.535 0.774 0.538 0.389 0.389 0.389 
0.488 0.797 0.536 0.774 0.538 0.389 0.389 0.389 
0.478 0.778 0.535 0.792 0.462 0.333 0.333 0.333 
0.477 0.774 0.540 0.792 0.385 0.278 0.278 0.278 
0.473 0.788 0.540 0.811 0.385 0.278 0.278 0.278 
0.479 0.788 0.540 0.811 0.385 0.278 0.278 0.278 
0.466 0.764 0.538 0.792 0.462 0.333 0.278 0.278 
0.476 0.792 0.538 0.792 0.462 0.333 0.333 0.333 
0.468 0.783 0.537 0.774 0.538 0.389 0.389 0.389 
0.472 0.769 0.537 0.774 0.538 0.389 0.389 0.389 
0.476 0.759 0.536 0.774 0.538 0.389 0.389 0.389 
0.479 0.788 0.536 0.774 0.538 0.389 0.389 0.389 
0.477 0.792 0.539 0.792 0.538 0.333 0.333 0.333 
0.479 0.755 0.533 0.792 0.462 0.333 0.333 0.333 
0.466 0.778 0.533 0.774 0.538 0.389 0.389 0.389 
0.472 0.783 0.534 0.792 0.538 0.389 0.389 0.389 
0.477 0.755 0.533 0.792 0.462 0.333 0.333 0.333 
0.476 0.769 0.533 0.792 0.462 0.333 0.333 0.333 
0.476 0.778 0.534 0.792 0.385 0.278 0.278 0.278 
0.478 0.788 0.529 0.792 0.462 0.333 0.333 0.333 
0.484 0.774 0.531 0.774 0.538 0.389 0.389 0.333 
0.487 0.788 0.532 0.792 0.462 0.333 0.333 0.333 
0.481 0.783 0.531 0.792 0.462 0.333 0.333 0.333 
0.487 0.769 0.533 0.792 0.462 0.278 0.278 0.278 
0.475 0.774 0.535 0.792 0.462 0.333 0.333 0.333 
0.475 0.792 0.535 0.811 0.385 0.278 0.278 0.278 
0.465 0.778 0.533 0.811 0.385 0.278 0.278 0.278 
0.477 0.783 0.530 0.811 0.385 0.278 0.278 0.278 
0.466 0.788 0.526 0.811 0.385 0.278 0.278 0.278 
0.493 0.759 0.527 0.811 0.385 0.278 0.278 0.278 
0.476 0.788 0.531 0.811 0.385 0.278 0.278 0.278 
0.495 0.778 0.530 0.811 0.385 0.278 0.278 0.278 
0.466 0.792 0.531 0.811 0.385 0.278 0.278 0.278 
0.485 0.783 0.532 0.811 0.385 0.278 0.278 0.278 
0.463 0.778 0.531 0.792 0.462 0.333 0.278 0.278 
0.481 0.783 0.532 0.792 0.462 0.333 0.333 0.333 
0.489 0.778 0.532 0.792 0.462 0.333 0.333 0.333 
0.482 0.788 0.530 0.811 0.385 0.278 0.278 0.278 
0.479 0.778 0.531 0.811 0.385 0.278 0.278 0.278 
0.472 0.778 0.530 0.811 0.385 0.278 0.278 0.278 
0.491 0.774 0.528 0.792 0.462 0.333 0.278 0.333 
0.472 0.769 0.527 0.792 0.462 0.333 0.333 0.333 
0.488 0.769 0.527 0.792 0.462 0.333 0.333 0.333 
0.494 0.764 0.530 0.811 0.385 0.278 0.278 0.278 
0.475 0.797 0.529 0.811 0.385 0.278 0.278 0.278 
0.473 0.764 0.528 0.792 0.385 0.278 0.278 0.278 
0.491 0.778 0.529 0.774 0.538 0.333 0.333 0.333 
0.483 0.769 0.532 0.792 0.538 0.389 0.389 0.389 
0.486 0.759 0.537 0.774 0.538 0.333 0.333 0.333 
0.468 0.778 0.536 0.792 0.462 0.278 0.278 0.278 
0.489 0.778 0.539 0.792 0.385 0.278 0.278 0.278 
0.470 0.788 0.532 0.811 0.385 0.278 0.278 0.278 
0.487 0.774 0.531 0.811 0.385 0.278 0.278 0.278 
0.488 0.764 0.525 0.792 0.385 0.278 0.278 0.278 
0.450 0.774 0.523 0.811 0.385 0.278 0.278 0.278 
0.475 0.755 0.525 0.811 0.385 0.278 0.278 0.278 
0.461 0.774 0.527 0.811 0.385 0.278 0.278 0.278 
0.478 0.778 0.537 0.792 0.385 0.278 0.278 0.278 
0.481 0.778 0.534 0.811 0.385 0.278 0.278 0.278 
0.465 0.778 0.530 0.792 0.462 0.333 0.333 0.333 
0.459 0.792 0.531 0.774 0.538 0.333 0.333 0.333 
0.465 0.783 0.532 0.774 0.538 0.333 0.333 0.333 
0.472 0.783 0.533 0.811 0.385 0.278 0.278 0.278 
0.466 0.802 0.536 0.792 0.385 0.278 0.278 0.278 
0.473 0.788 0.534 0.811 0.385 0.278 0.278 0.278 
0.472 0.774 0.529 0.811 0.385 0.278 0.278 0.278 
0.481 0.792 0.531 0.811 0.385 0.278 0.278 0.278 
0.471 0.792 0.532 0.811 0.385 0.278 0.278 0.278 
0.473 0.788 0.532 0.811 0.385 0.278 0.278 0.278 
0.464 0.783 0.530 0.811 0.385 0.278 0.278 0.278 
0.484 0.774 0.529 0.811 0.385 0.278 0.278 0.278 
0.466 0.774 0.531 0.811 0.385 0.278 0.278 0.278 
0.480 0.783 0.530 0.811 0.385 0.278 0.278 0.278 
0.470 0.774 0.530 0.811 0.385 0.278 0.278 0.278 
0.470 0.778 0.527 0.811 0.385 0.278 0.278 0.278 
0.472 0.788 0.529 0.792 0.462 0.333 0.278 0.278 
0.463 0.792 0.529 0.811 0.385 0.278 0.278 0.278 
0.483 0.783 0.527 0.811 0.385 0.278 0.278 0.278 
0.488 0.783 0.528 0.811 0.385 0.278 0.278 0.278 
0.486 0.755 0.533 0.811 0.385 0.278 0.278 0.278 
0.464 0.788 0.531 0.811 0.385 0.278 0.278 0.278 
0.463 0.797 0.531 0.792 0.462 0.333 0.333 0.333 
0.492 0.778 0.533 0.774 0.538 0.333 0.333 0.333 
0.490 0.778 0.532 0.792 0.462 0.333 0.333 0.333 
0.483 0.774 0.531 0.792 0.462 0.333 0.333 0.333 
0.458 0.807 0.531 0.792 0.462 0.278 0.278 0.278 
0.478 0.778 0.531 0.792 0.462 0.333 0.333 0.333 
0.477 0.778 0.530 0.792 0.462 0.333 0.333 0.333 
0.463 0.778 0.530 0.774 0.538 0.333 0.333 0.333 
0.460 0.774 0.530 0.792 0.462 0.333 0.333 0.333 
0.476 0.764 0.529 0.774 0.538 0.333 0.333 0.333 
0.455 0.788 0.529 0.774 0.538 0.389 0.389 0.389 
0.469 0.783 0.527 0.792 0.462 0.333 0.333 0.333 
0.463 0.778 0.528 0.792 0.462 0.333 0.333 0.333 
0.494 0.769 0.530 0.792 0.462 0.333 0.333 0.333 
0.477 0.774 0.529 0.792 0.462 0.333 0.278 0.333 
0.468 0.802 0.530 0.792 0.462 0.333 0.333 0.333 
0.480 0.778 0.529 0.774 0.538 0.389 0.389 0.389 
0.458 0.797 0.529 0.774 0.538 0.333 0.333 0.333 
0.460 0.807 0.528 0.792 0.462 0.333 0.333 0.333 
0.467 0.792 0.530 0.792 0.462 0.333 0.333 0.333 
0.501 0.778 0.530 0.774 0.538 0.333 0.333 0.333 
0.463 0.792 0.531 0.774 0.538 0.333 0.333 0.333 
0.469 0.778 0.529 0.792 0.462 0.333 0.333 0.333 
0.466 0.788 0.531 0.792 0.462 0.333 0.333 0.333 
0.461 0.802 0.531 0.792 0.462 0.333 0.333 0.333 
0.476 0.802 0.531 0.792 0.462 0.333 0.333 0.333 
0.481 0.774 0.529 0.811 0.385 0.278 0.278 0.278 
0.461 0.792 0.530 0.792 0.385 0.278 0.278 0.278 
0.478 0.783 0.531 0.792 0.462 0.333 0.333 0.333 
0.470 0.783 0.532 0.792 0.462 0.333 0.333 0.333 
0.464 0.778 0.530 0.792 0.462 0.333 0.333 0.333 
0.490 0.797 0.531 0.792 0.462 0.333 0.333 0.333 
0.471 0.788 0.531 0.774 0.538 0.389 0.389 0.389 
0.476 0.778 0.531 0.774 0.538 0.389 0.389 0.389 
0.468 0.778 0.531 0.792 0.462 0.333 0.333 0.333 
0.471 0.778 0.530 0.792 0.462 0.333 0.333 0.333 
0.481 0.792 0.529 0.792 0.462 0.333 0.333 0.333 
0.483 0.788 0.528 0.792 0.462 0.333 0.333 0.333 
0.482 0.783 0.529 0.792 0.462 0.333 0.333 0.333 
0.473 0.792 0.531 0.792 0.462 0.333 0.333 0.333 
0.483 0.755 0.531 0.792 0.385 0.278 0.278 0.278 
0.482 0.792 0.531 0.792 0.462 0.333 0.333 0.333 
0.471 0.783 0.531 0.792 0.462 0.333 0.333 0.333 
0.461 0.783 0.530 0.774 0.538 0.333 0.333 0.333 
0.480 0.778 0.532 0.774 0.538 0.389 0.389 0.389 
0.473 0.783 0.531 0.774 0.538 0.333 0.333 0.333 
0.478 0.778 0.531 0.774 0.538 0.389 0.389 0.389 
0.488 0.778 0.533 0.774 0.538 0.389 0.389 0.389 
0.463 0.797 0.533 0.774 0.538 0.389 0.389 0.389 
0.453 0.788 0.533 0.774 0.538 0.389 0.389 0.389 
0.486 0.783 0.532 0.774 0.538 0.333 0.333 0.333 
0.487 0.783 0.532 0.792 0.462 0.333 0.333 0.333 
0.471 0.774 0.532 0.792 0.385 0.278 0.278 0.278 
0.485 0.792 0.534 0.792 0.462 0.333 0.278 0.278 
0.459 0.797 0.531 0.792 0.385 0.278 0.278 0.278 
0.474 0.783 0.533 0.811 0.385 0.278 0.278 0.278 
0.478 0.788 0.531 0.792 0.462 0.333 0.278 0.333 
0.478 0.788 0.530 0.792 0.462 0.333 0.278 0.333 
0.486 0.769 0.531 0.792 0.462 0.333 0.333 0.333 
0.484 0.788 0.532 0.792 0.385 0.278 0.278 0.278 
0.472 0.792 0.532 0.811 0.385 0.278 0.278 0.278 
0.471 0.792 0.532 0.811 0.385 0.278 0.278 0.278 
0.476 0.778 0.533 0.792 0.385 0.278 0.278 0.278 
0.468 0.774 0.532 0.811 0.385 0.278 0.278 0.278 
0.490 0.778 0.533 0.792 0.462 0.333 0.333 0.333 
0.467 0.788 0.532 0.792 0.462 0.333 0.278 0.333 
0.477 0.778 0.529 0.792 0.462 0.333 0.333 0.333 
0.476 0.774 0.530 0.792 0.462 0.333 0.278 0.278 
0.468 0.783 0.530 0.811 0.385 0.278 0.278 0.278 
0.471 0.769 0.531 0.811 0.385 0.278 0.278 0.278 
0.474 0.802 0.531 0.811 0.385 0.278 0.278 0.278 
0.446 0.802 0.530 0.811 0.385 0.278 0.278 0.278 
0.464 0.778 0.531 0.792 0.462 0.333 0.333 0.333 
0.481 0.769 0.531 0.792 0.462 0.333 0.333 0.333 
0.491 0.769 0.531 0.774 0.538 0.389 0.389 0.389 
0.476 0.792 0.531 0.774 0.538 0.389 0.389 0.389 
0.470 0.774 0.531 0.774 0.538 0.389 0.389 0.389 
0.465 0.778 0.529 0.792 0.462 0.333 0.333 0.333 
0.466 0.764 0.531 0.774 0.538 0.333 0.333 0.333 
0.459 0.778 0.531 0.774 0.538 0.333 0.333 0.333 
0.488 0.764 0.533 0.774 0.538 0.333 0.333 0.333 
0.467 0.783 0.532 0.792 0.462 0.333 0.333 0.333 
0.480 0.774 0.533 0.792 0.462 0.333 0.333 0.333 
0.485 0.759 0.535 0.792 0.462 0.333 0.278 0.278 
0.479 0.769 0.532 0.792 0.462 0.333 0.333 0.333 
0.473 0.778 0.532 0.792 0.462 0.333 0.333 0.333 
0.472 0.774 0.533 0.792 0.462 0.333 0.333 0.333 
0.477 0.778 0.533 0.792 0.538 0.389 0.389 0.389 
0.471 0.778 0.533 0.774 0.538 0.389 0.389 0.389 
0.499 0.759 0.533 0.792 0.462 0.333 0.333 0.333 
0.462 0.792 0.532 0.792 0.462 0.333 0.333 0.333 
0.475 0.802 0.532 0.792 0.462 0.333 0.278 0.278 
0.493 0.764 0.531 0.792 0.462 0.333 0.278 0.278 
0.477 0.792 0.531 0.811 0.385 0.278 0.278 0.278 
0.468 0.783 0.530 0.792 0.462 0.333 0.278 0.278 
0.467 0.807 0.532 0.792 0.462 0.333 0.333 0.333 
0.469 0.783 0.530 0.792 0.462 0.333 0.333 0.333 
0.459 0.797 0.532 0.792 0.462 0.333 0.278 0.333 
0.455 0.788 0.532 0.792 0.385 0.278 0.278 0.278 
0.473 0.788 0.531 0.792 0.385 0.278 0.278 0.278 
0.482 0.788 0.532 0.774 0.538 0.333 0.333 0.333 
0.473 0.769 0.532 0.774 0.538 0.389 0.389 0.389 
0.462 0.774 0.531 0.774 0.538 0.389 0.389 0.389 
0.472 0.788 0.533 0.774 0.538 0.389 0.389 0.389 
0.486 0.783 0.531 0.774 0.538 0.333 0.333 0.333 
0.482 0.788 0.531 0.774 0.538 0.333 0.333 0.333 
0.477 0.788 0.531 0.774 0.538 0.389 0.389 0.389 
0.473 0.792 0.531 0.774 0.538 0.333 0.333 0.333 
0.459 0.783 0.531 0.774 0.538 0.389 0.389 0.389 
0.453 0.774 0.533 0.774 0.538 0.389 0.389 0.389 
0.489 0.783 0.536 0.774 0.538 0.389 0.389 0.389 
0.473 0.788 0.534 0.774 0.538 0.389 0.389 0.389 
0.483 0.792 0.534 0.774 0.538 0.389 0.389 0.389 
0.472 0.774 0.533 0.774 0.538 0.389 0.389 0.389 
0.465 0.783 0.533 0.774 0.538 0.389 0.389 0.389 
0.471 0.774 0.534 0.774 0.538 0.389 0.389 0.389 
0.476 0.797 0.533 0.774 0.538 0.333 0.333 0.333 
0.483 0.769 0.532 0.792 0.462 0.333 0.333 0.333 
0.490 0.769 0.533 0.792 0.462 0.333 0.278 0.278 
0.485 0.769 0.532 0.792 0.462 0.333 0.333 0.333 
0.488 0.759 0.533 0.774 0.538 0.389 0.389 0.333 
0.471 0.769 0.534 0.774 0.538 0.333 0.333 0.333 
0.467 0.778 0.534 0.792 0.462 0.333 0.278 0.333 
0.466 0.788 0.533 0.774 0.538 0.389 0.389 0.389 
0.452 0.797 0.532 0.774 0.538 0.389 0.389 0.389 
0.449 0.797 0.532 0.774 0.538 0.389 0.389 0.389 
0.499 0.788 0.532 0.774 0.538 0.389 0.389 0.389 
0.461 0.802 0.531 0.774 0.538 0.389 0.389 0.389 
0.468 0.778 0.532 0.774 0.538 0.389 0.389 0.389 
0.482 0.774 0.532 0.774 0.538 0.389 0.389 0.389 
0.476 0.778 0.532 0.774 0.538 0.389 0.389 0.389 
0.474 0.769 0.532 0.774 0.538 0.333 0.333 0.333 
0.473 0.764 0.532 0.774 0.538 0.389 0.389 0.389 
0.463 0.788 0.532 0.774 0.538 0.333 0.333 0.333 
0.473 0.759 0.532 0.774 0.538 0.389 0.389 0.389 
0.456 0.778 0.531 0.774 0.538 0.389 0.389 0.389 
0.470 0.797 0.532 0.774 0.538 0.389 0.389 0.389 
0.464 0.788 0.533 0.774 0.538 0.389 0.389 0.389 
0.467 0.788 0.533 0.774 0.538 0.389 0.389 0.389 
0.473 0.788 0.532 0.774 0.538 0.389 0.389 0.333 
0.469 0.778 0.533 0.774 0.538 0.333 0.333 0.333 
0.480 0.783 0.531 0.774 0.538 0.333 0.333 0.333 
0.463 0.802 0.530 0.792 0.462 0.333 0.333 0.333 
0.456 0.778 0.531 0.774 0.462 0.333 0.333 0.333 
0.479 0.788 0.532 0.774 0.538 0.389 0.389 0.389 
0.474 0.783 0.530 0.774 0.538 0.389 0.389 0.389 
0.465 0.792 0.531 0.774 0.538 0.389 0.389 0.389 
0.476 0.774 0.531 0.774 0.538 0.389 0.389 0.389 
0.473 0.774 0.533 0.774 0.538 0.333 0.333 0.333 
0.458 0.778 0.533 0.774 0.538 0.333 0.333 0.333 
0.475 0.774 0.533 0.774 0.538 0.389 0.389 0.389 
0.460 0.783 0.532 0.774 0.538 0.389 0.389 0.389 
0.462 0.774 0.533 0.792 0.538 0.389 0.389 0.389 
0.479 0.769 0.534 0.792 0.538 0.389 0.389 0.389 
0.491 0.764 0.533 0.774 0.538 0.389 0.389 0.389 
0.484 0.792 0.534 0.774 0.538 0.389 0.389 0.389 
0.471 0.778 0.533 0.774 0.538 0.389 0.389 0.389 
0.477 0.764 0.534 0.774 0.538 0.333 0.333 0.333 
0.464 0.774 0.534 0.774 0.538 0.389 0.389 0.389 
0.490 0.769 0.534 0.774 0.538 0.389 0.389 0.389 
0.466 0.797 0.535 0.774 0.538 0.389 0.389 0.389 
0.477 0.764 0.536 0.774 0.538 0.389 0.389 0.389 
0.462 0.783 0.535 0.774 0.538 0.389 0.389 0.389 
0.464 0.778 0.535 0.774 0.538 0.389 0.389 0.389 
0.506 0.769 0.533 0.774 0.538 0.389 0.389 0.389 
0.466 0.797 0.532 0.774 0.538 0.389 0.389 0.389 
0.477 0.778 0.532 0.774 0.538 0.389 0.389 0.389 
0.468 0.778 0.533 0.774 0.538 0.389 0.389 0.389 
0.466 0.778 0.534 0.774 0.538 0.389 0.389 0.389 
0.471 0.797 0.535 0.774 0.538 0.389 0.389 0.389 
0.482 0.783 0.537 0.792 0.538 0.333 0.333 0.333 
0.473 0.774 0.535 0.774 0.538 0.389 0.389 0.389 
0.463 0.774 0.533 0.774 0.538 0.333 0.333 0.333 
0.476 0.778 0.532 0.774 0.538 0.333 0.333 0.333 
0.473 0.788 0.532 0.774 0.538 0.389 0.389 0.389 
0.477 0.764 0.533 0.774 0.538 0.389 0.389 0.389 
0.470 0.778 0.533 0.774 0.538 0.389 0.389 0.389 
0.482 0.778 0.534 0.774 0.538 0.389 0.389 0.389 
0.481 0.788 0.536 0.774 0.538 0.389 0.389 0.389 
0.463 0.778 0.537 0.774 0.538 0.389 0.389 0.389 
0.490 0.783 0.536 0.774 0.538 0.333 0.333 0.333 
0.455 0.797 0.535 0.774 0.538 0.389 0.389 0.389 
0.470 0.778 0.534 0.774 0.538 0.389 0.389 0.389 
0.463 0.778 0.533 0.774 0.538 0.389 0.389 0.389 
0.478 0.755 0.535 0.792 0.538 0.389 0.389 0.389 
0.468 0.788 0.536 0.774 0.538 0.389 0.389 0.389 
0.460 0.778 0.538 0.774 0.538 0.389 0.389 0.389 
0.480 0.783 0.539 0.774 0.538 0.389 0.389 0.389 
0.471 0.778 0.541 0.774 0.462 0.278 0.278 0.278 
0.482 0.778 0.542 0.774 0.538 0.389 0.389 0.389 
0.460 0.802 0.539 0.774 0.538 0.389 0.389 0.389 
0.473 0.778 0.538 0.774 0.538 0.389 0.389 0.389 
0.471 0.783 0.537 0.774 0.538 0.389 0.389 0.389 
0.462 0.783 0.536 0.774 0.538 0.389 0.389 0.389 
0.475 0.778 0.535 0.774 0.538 0.389 0.389 0.389 
0.470 0.788 0.535 0.774 0.538 0.389 0.389 0.389 
0.483 0.778 0.535 0.774 0.538 0.389 0.389 0.389 
0.482 0.774 0.535 0.774 0.538 0.389 0.389 0.389 
0.462 0.778 0.533 0.774 0.538 0.389 0.389 0.389 
0.462 0.774 0.534 0.774 0.538 0.333 0.333 0.333 
0.482 0.778 0.537 0.774 0.538 0.389 0.389 0.389 
0.460 0.778 0.537 0.774 0.538 0.389 0.389 0.389 
0.459 0.788 0.537 0.774 0.538 0.389 0.389 0.389 
0.477 0.788 0.537 0.774 0.538 0.389 0.389 0.389 
0.476 0.797 0.537 0.774 0.538 0.389 0.389 0.389 
0.469 0.797 0.536 0.774 0.538 0.389 0.389 0.389 
0.490 0.783 0.535 0.774 0.538 0.389 0.389 0.389 
0.485 0.792 0.533 0.774 0.538 0.389 0.389 0.389 
0.474 0.797 0.534 0.774 0.538 0.389 0.389 0.389 
0.453 0.788 0.534 0.774 0.538 0.389 0.389 0.389 
0.458 0.778 0.534 0.774 0.538 0.389 0.389 0.389 
0.475 0.788 0.534 0.774 0.538 0.389 0.389 0.389 
0.481 0.788 0.535 0.774 0.538 0.389 0.389 0.389 
0.473 0.778 0.534 0.774 0.538 0.389 0.389 0.389 
0.470 0.778 0.535 0.774 0.538 0.389 0.389 0.389 
0.464 0.764 0.535 0.774 0.538 0.389 0.389 0.389 
0.470 0.788 0.536 0.774 0.538 0.389 0.389 0.389 
0.480 0.778 0.535 0.774 0.538 0.389 0.389 0.389 
0.473 0.778 0.535 0.774 0.538 0.333 0.333 0.333 
0.482 0.792 0.534 0.774 0.538 0.333 0.333 0.333 
0.461 0.788 0.534 0.774 0.538 0.389 0.389 0.389 
0.473 0.788 0.534 0.774 0.538 0.389 0.389 0.389 
0.484 0.792 0.534 0.774 0.538 0.389 0.389 0.389 
0.463 0.778 0.535 0.774 0.538 0.389 0.389 0.389 
0.474 0.797 0.535 0.774 0.538 0.389 0.389 0.389 
0.473 0.797 0.535 0.774 0.538 0.389 0.389 0.389 
0.470 0.778 0.533 0.774 0.538 0.389 0.389 0.389 
0.479 0.769 0.535 0.774 0.538 0.389 0.389 0.389 
0.449 0.797 0.535 0.774 0.538 0.389 0.389 0.389 
0.465 0.788 0.535 0.792 0.538 0.389 0.389 0.389 
0.465 0.783 0.535 0.792 0.538 0.389 0.389 0.389 
0.466 0.792 0.535 0.792 0.538 0.389 0.389 0.389 
0.469 0.774 0.534 0.792 0.538 0.389 0.389 0.389 
0.477 0.769 0.534 0.792 0.538 0.389 0.389 0.389 
0.473 0.774 0.534 0.792 0.538 0.389 0.389 0.389 
0.477 0.788 0.534 0.774 0.538 0.389 0.389 0.389 
0.495 0.764 0.536 0.774 0.538 0.389 0.389 0.389 
0.469 0.792 0.534 0.774 0.538 0.389 0.389 0.389 
0.479 0.778 0.536 0.774 0.538 0.389 0.389 0.389 
0.474 0.764 0.534 0.774 0.538 0.333 0.333 0.333 
0.484 0.764 0.534 0.774 0.538 0.389 0.389 0.389 
0.457 0.788 0.534 0.774 0.538 0.389 0.389 0.389 
0.469 0.769 0.534 0.774 0.538 0.389 0.389 0.389 
0.471 0.788 0.533 0.774 0.538 0.389 0.389 0.389 
0.462 0.783 0.532 0.792 0.538 0.389 0.389 0.389 
0.454 0.774 0.532 0.774 0.538 0.389 0.389 0.389 
0.475 0.778 0.533 0.792 0.538 0.389 0.389 0.389 
0.474 0.774 0.533 0.774 0.538 0.389 0.389 0.389 
0.469 0.797 0.532 0.774 0.538 0.389 0.389 0.389 
0.475 0.774 0.533 0.774 0.538 0.389 0.389 0.389 
0.475 0.792 0.531 0.774 0.538 0.389 0.389 0.389 
0.484 0.783 0.532 0.774 0.538 0.389 0.389 0.389 
0.472 0.774 0.532 0.774 0.538 0.389 0.389 0.389 
0.467 0.774 0.533 0.774 0.538 0.389 0.389 0.389 
0.478 0.774 0.532 0.792 0.538 0.389 0.389 0.389 
0.468 0.774 0.532 0.792 0.538 0.389 0.389 0.389 
0.491 0.764 0.532 0.792 0.538 0.389 0.389 0.389 
0.468 0.788 0.532 0.792 0.538 0.389 0.389 0.389 
0.471 0.778 0.533 0.792 0.538 0.389 0.389 0.389 
0.465 0.788 0.533 0.774 0.538 0.389 0.389 0.389 
0.468 0.788 0.533 0.774 0.538 0.389 0.389 0.389 
0.451 0.802 0.532 0.774 0.538 0.389 0.389 0.389 
0.466 0.788 0.532 0.774 0.538 0.389 0.389 0.389 
0.469 0.778 0.532 0.792 0.538 0.389 0.389 0.389 
0.491 0.759 0.532 0.792 0.538 0.389 0.389 0.389 
0.465 0.774 0.532 0.774 0.538 0.389 0.389 0.389 
0.484 0.797 0.532 0.774 0.538 0.389 0.389 0.389 
0.470 0.774 0.531 0.774 0.538 0.389 0.389 0.389 
0.489 0.792 0.530 0.774 0.538 0.389 0.389 0.389 
0.461 0.778 0.531 0.792 0.538 0.389 0.389 0.389 
0.483 0.778 0.531 0.774 0.538 0.389 0.389 0.389 
0.480 0.764 0.532 0.792 0.538 0.389 0.389 0.389 
0.467 0.788 0.531 0.774 0.538 0.389 0.389 0.389 
0.469 0.788 0.531 0.774 0.538 0.389 0.389 0.389 
0.457 0.769 0.530 0.774 0.538 0.389 0.389 0.389 
0.471 0.778 0.532 0.774 0.538 0.389 0.389 0.389 
0.479 0.783 0.532 0.774 0.538 0.389 0.389 0.389 
0.474 0.788 0.532 0.774 0.538 0.333 0.333 0.333 
0.477 0.788 0.531 0.774 0.538 0.389 0.389 0.389 
0.494 0.774 0.531 0.774 0.538 0.389 0.389 0.389 
0.469 0.792 0.531 0.792 0.538 0.389 0.389 0.389 
0.474 0.769 0.532 0.792 0.538 0.389 0.389 0.389 
0.455 0.783 0.532 0.792 0.538 0.389 0.389 0.389 
0.464 0.778 0.532 0.792 0.538 0.389 0.389 0.389 
0.477 0.802 0.532 0.792 0.538 0.389 0.389 0.389 
0.490 0.783 0.531 0.774 0.538 0.389 0.389 0.389 
0.473 0.788 0.530 0.774 0.538 0.389 0.389 0.389 
0.455 0.783 0.529 0.774 0.538 0.389 0.389 0.389 
0.452 0.792 0.531 0.774 0.538 0.389 0.389 0.389 
0.470 0.792 0.531 0.774 0.538 0.389 0.389 0.389 
0.484 0.783 0.529 0.774 0.538 0.389 0.389 0.389 
0.454 0.783 0.529 0.792 0.538 0.389 0.389 0.389 
0.464 0.759 0.529 0.792 0.538 0.389 0.389 0.389 
0.468 0.774 0.528 0.792 0.538 0.389 0.389 0.389 
0.467 0.788 0.529 0.792 0.538 0.389 0.389 0.389 
0.479 0.783 0.530 0.774 0.538 0.389 0.389 0.389 
0.474 0.778 0.530 0.774 0.538 0.389 0.389 0.389 
0.479 0.774 0.531 0.792 0.538 0.389 0.389 0.389 
0.466 0.792 0.530 0.792 0.538 0.389 0.389 0.389 
0.467 0.778 0.530 0.792 0.538 0.389 0.389 0.389 
0.480 0.797 0.531 0.792 0.538 0.389 0.389 0.389 
0.458 0.774 0.532 0.792 0.538 0.389 0.389 0.389 
0.463 0.774 0.532 0.792 0.538 0.389 0.389 0.389 
0.486 0.755 0.532 0.792 0.538 0.389 0.389 0.389 
0.468 0.778 0.530 0.792 0.538 0.389 0.389 0.389 
0.488 0.778 0.529 0.792 0.538 0.389 0.389 0.389 
0.463 0.778 0.530 0.792 0.538 0.389 0.389 0.389 
0.462 0.778 0.531 0.792 0.538 0.389 0.389 0.389 
0.475 0.788 0.530 0.792 0.538 0.389 0.389 0.389 
0.467 0.774 0.531 0.792 0.538 0.389 0.389 0.389 
0.465 0.769 0.531 0.792 0.538 0.389 0.389 0.389 
0.484 0.774 0.531 0.792 0.538 0.389 0.389 0.389 
0.483 0.792 0.531 0.792 0.538 0.389 0.389 0.389 
0.466 0.769 0.531 0.774 0.538 0.389 0.389 0.389 
0.462 0.778 0.531 0.792 0.538 0.389 0.389 0.389 
0.463 0.778 0.532 0.792 0.538 0.389 0.389 0.389 
0.469 0.783 0.531 0.774 0.538 0.389 0.389 0.389 
0.481 0.759 0.532 0.774 0.538 0.389 0.389 0.389 
0.467 0.792 0.531 0.792 0.538 0.389 0.389 0.389 
0.470 0.797 0.532 0.792 0.538 0.389 0.389 0.389 
0.461 0.774 0.531 0.792 0.538 0.389 0.389 0.389 
0.477 0.788 0.531 0.792 0.538 0.389 0.389 0.389 
0.472 0.792 0.532 0.792 0.538 0.389 0.389 0.389 
0.471 0.792 0.530 0.792 0.538 0.389 0.389 0.389 
0.471 0.797 0.531 0.792 0.538 0.389 0.389 0.389 
0.473 0.783 0.530 0.792 0.538 0.389 0.389 0.389 
0.462 0.783 0.529 0.792 0.538 0.389 0.389 0.389 
0.471 0.764 0.529 0.792 0.538 0.389 0.389 0.389 
0.462 0.788 0.530 0.792 0.538 0.389 0.389 0.389 
0.472 0.769 0.530 0.792 0.538 0.389 0.389 0.389 
0.470 0.783 0.530 0.792 0.538 0.389 0.389 0.389 
0.450 0.783 0.530 0.792 0.538 0.389 0.389 0.389 
0.477 0.778 0.530 0.792 0.538 0.389 0.389 0.389 
0.473 0.788 0.530 0.792 0.538 0.389 0.389 0.389 
0.452 0.797 0.530 0.792 0.538 0.389 0.389 0.389 
0.465 0.797 0.530 0.792 0.538 0.389 0.389 0.389 
0.468 0.769 0.530 0.792 0.538 0.389 0.389 0.389 
0.481 0.797 0.529 0.792 0.538 0.389 0.389 0.389 
0.475 0.788 0.529 0.792 0.538 0.389 0.389 0.389 
0.492 0.774 0.529 0.792 0.538 0.389 0.389 0.389 
0.451 0.788 0.527 0.792 0.538 0.389 0.389 0.389 
0.483 0.783 0.527 0.792 0.538 0.389 0.389 0.389 
0.466 0.778 0.527 0.792 0.538 0.389 0.389 0.389 
0.466 0.769 0.528 0.792 0.538 0.389 0.389 0.389 
0.457 0.774 0.528 0.792 0.538 0.389 0.389 0.389 
0.478 0.821 0.529 0.792 0.538 0.389 0.389 0.389 
0.488 0.783 0.529 0.792 0.538 0.389 0.389 0.389 
0.482 0.759 0.529 0.792 0.538 0.389 0.389 0.389 
0.465 0.792 0.529 0.792 0.538 0.389 0.389 0.389 
0.477 0.792 0.528 0.792 0.538 0.389 0.389 0.389 
0.486 0.783 0.529 0.792 0.538 0.389 0.389 0.389 
0.466 0.783 0.528 0.792 0.538 0.389 0.389 0.389 
0.466 0.778 0.528 0.792 0.538 0.389 0.389 0.389 
0.442 0.792 0.528 0.792 0.538 0.389 0.389 0.389 
0.459 0.797 0.528 0.792 0.538 0.389 0.389 0.389 
0.471 0.778 0.529 0.792 0.538 0.389 0.389 0.389 
0.472 0.778 0.528 0.792 0.538 0.389 0.389 0.389 
0.470 0.797 0.528 0.792 0.538 0.389 0.389 0.389 
0.471 0.769 0.528 0.792 0.538 0.389 0.389 0.389 
0.461 0.792 0.528 0.792 0.538 0.389 0.389 0.389 
0.474 0.774 0.529 0.792 0.538 0.389 0.389 0.389 
0.474 0.769 0.530 0.792 0.538 0.389 0.389 0.389 
0.471 0.783 0.528 0.792 0.538 0.389 0.389 0.389 
0.478 0.792 0.528 0.792 0.538 0.389 0.389 0.389 
0.462 0.783 0.528 0.792 0.538 0.389 0.389 0.389 
0.473 0.797 0.528 0.792 0.538 0.389 0.389 0.389 
0.493 0.792 0.528 0.792 0.538 0.389 0.389 0.389 
0.483 0.792 0.528 0.792 0.538 0.389 0.389 0.389 
0.483 0.792 0.529 0.792 0.538 0.389 0.389 0.389 
0.474 0.792 0.528 0.774 0.538 0.389 0.389 0.389 
0.477 0.764 0.528 0.792 0.538 0.389 0.389 0.389 
0.465 0.797 0.528 0.774 0.538 0.389 0.389 0.389 
0.469 0.778 0.528 0.792 0.538 0.389 0.389 0.389 
0.481 0.797 0.529 0.792 0.538 0.389 0.389 0.389 
0.471 0.783 0.528 0.792 0.538 0.389 0.389 0.389 
0.465 0.778 0.528 0.792 0.538 0.389 0.389 0.389 
0.459 0.774 0.528 0.792 0.538 0.389 0.389 0.389 
0.483 0.797 0.527 0.792 0.538 0.389 0.389 0.389 
0.473 0.783 0.527 0.792 0.538 0.389 0.389 0.389 
0.471 0.774 0.528 0.792 0.538 0.389 0.389 0.389 
0.466 0.797 0.527 0.792 0.538 0.389 0.389 0.389 
0.473 0.764 0.528 0.792 0.538 0.389 0.389 0.389 
0.467 0.783 0.527 0.792 0.538 0.389 0.389 0.389 
0.479 0.755 0.526 0.792 0.538 0.389 0.389 0.389 
0.474 0.769 0.526 0.792 0.538 0.389 0.389 0.389 
0.472 0.783 0.527 0.792 0.538 0.389 0.389 0.389 
0.476 0.778 0.527 0.792 0.538 0.389 0.389 0.389 
0.472 0.769 0.526 0.792 0.538 0.389 0.389 0.389 
0.442 0.797 0.526 0.792 0.538 0.389 0.389 0.389 
0.485 0.774 0.525 0.792 0.538 0.389 0.389 0.389 
0.463 0.783 0.526 0.792 0.538 0.389 0.389 0.389 
0.473 0.783 0.526 0.792 0.538 0.389 0.389 0.389 
0.477 0.778 0.526 0.792 0.538 0.389 0.389 0.389 
0.467 0.788 0.526 0.792 0.538 0.389 0.389 0.389 
0.465 0.774 0.527 0.792 0.538 0.389 0.389 0.389 
0.486 0.783 0.527 0.792 0.538 0.389 0.389 0.389 
0.461 0.792 0.527 0.792 0.538 0.389 0.389 0.389 
0.482 0.783 0.527 0.792 0.538 0.389 0.389 0.389 
0.468 0.783 0.527 0.792 0.538 0.389 0.389 0.389 
0.486 0.797 0.526 0.774 0.538 0.389 0.389 0.389 
