0.846 0.833 0.833 0.833 
1.000 1.000 1.000 1.000 
1.000 1.000 1.000 1.000 
1.000 1.000 1.000 1.000 
0.692 0.667 0.667 0.667 
0.769 0.556 0.556 0.556 
0.923 0.889 0.889 0.889 
1.000 0.944 0.944 0.944 
1.000 0.944 0.944 0.944 
1.000 0.778 0.778 0.778 
0.846 0.611 0.611 0.611 
0.692 0.500 0.500 0.500 
0.692 0.500 0.500 0.500 
1.000 0.778 0.778 0.778 
1.000 0.833 0.833 0.833 
0.769 0.722 0.667 0.722 
0.615 0.500 0.500 0.500 
0.692 0.556 0.556 0.556 
1.000 0.833 0.833 0.833 
1.000 0.778 0.778 0.778 
0.615 0.500 0.500 0.500 
0.615 0.444 0.444 0.444 
0.615 0.444 0.444 0.444 
0.615 0.500 0.500 0.500 
0.692 0.611 0.611 0.611 
0.615 0.444 0.444 0.444 
0.538 0.389 0.389 0.389 
0.615 0.444 0.444 0.444 
0.692 0.500 0.500 0.500 
0.692 0.500 0.500 0.500 
0.615 0.444 0.444 0.444 
0.462 0.333 0.333 0.333 
0.462 0.333 0.333 0.333 
0.692 0.500 0.500 0.500 
0.692 0.500 0.500 0.500 
0.462 0.333 0.333 0.333 
0.462 0.333 0.333 0.333 
0.538 0.389 0.389 0.389 
0.615 0.444 0.444 0.444 
0.615 0.444 0.444 0.444 
0.538 0.389 0.389 0.389 
0.846 0.833 0.833 0.833 
1.000 1.000 1.000 1.000 
1.000 1.000 1.000 1.000 
1.000 1.000 1.000 1.000 
0.692 0.667 0.667 0.667 
0.692 0.556 0.556 0.556 
0.923 0.889 0.889 0.889 
1.000 0.944 0.944 0.944 
1.000 0.944 0.944 0.944 
1.000 0.778 0.778 0.778 
0.769 0.611 0.611 0.611 
0.692 0.500 0.500 0.500 
0.692 0.500 0.500 0.500 
1.000 0.778 0.778 0.778 
1.000 0.833 0.833 0.833 
0.846 0.667 0.722 0.667 
0.615 0.500 0.500 0.500 
0.692 0.556 0.556 0.556 
1.000 0.833 0.833 0.833 
1.000 0.778 0.833 0.778 
0.615 0.500 0.500 0.500 
0.615 0.444 0.444 0.444 
0.615 0.444 0.444 0.444 
0.615 0.444 0.500 0.444 
0.692 0.556 0.556 0.556 
0.615 0.444 0.500 0.444 
0.538 0.389 0.389 0.389 
0.538 0.444 0.444 0.444 
0.692 0.500 0.500 0.500 
0.692 0.500 0.500 0.500 
0.538 0.500 0.500 0.500 
0.462 0.333 0.333 0.333 
0.462 0.333 0.333 0.333 
0.692 0.556 0.556 0.556 
0.692 0.500 0.500 0.500 
0.462 0.333 0.333 0.333 
0.462 0.333 0.333 0.333 
0.538 0.389 0.389 0.389 
0.615 0.444 0.444 0.444 
0.615 0.444 0.444 0.444 
0.538 0.389 0.389 0.389 
0.538 0.389 0.389 0.389 
0.538 0.389 0.389 0.389 
0.538 0.444 0.444 0.444 
0.538 0.444 0.444 0.444 
0.538 0.389 0.389 0.389 
0.538 0.389 0.389 0.389 
0.538 0.389 0.389 0.389 
0.538 0.444 0.444 0.444 
0.538 0.444 0.444 0.444 
0.538 0.389 0.389 0.389 
0.538 0.389 0.389 0.389 
0.538 0.389 0.389 0.389 
0.538 0.389 0.389 0.389 
0.538 0.389 0.389 0.389 
0.538 0.389 0.389 0.389 
0.538 0.389 0.389 0.389 
0.538 0.389 0.389 0.389 
0.538 0.389 0.389 0.389 
0.538 0.389 0.389 0.389 
0.538 0.389 0.389 0.389 
0.538 0.389 0.389 0.389 
0.538 0.389 0.389 0.389 
0.538 0.389 0.389 0.389 
0.538 0.389 0.389 0.389 
0.538 0.389 0.444 0.389 
0.538 0.444 0.444 0.444 
0.538 0.389 0.389 0.389 
0.538 0.389 0.389 0.389 
0.538 0.444 0.444 0.444 
0.538 0.389 0.389 0.389 
0.538 0.389 0.389 0.389 
0.538 0.389 0.389 0.389 
0.692 0.500 0.500 0.500 
0.615 0.444 0.444 0.444 
0.538 0.389 0.389 0.389 
0.538 0.389 0.389 0.389 
0.538 0.389 0.389 0.389 
0.538 0.389 0.389 0.389 
0.615 0.444 0.444 0.444 
0.538 0.389 0.389 0.389 
0.538 0.389 0.389 0.389 
0.538 0.389 0.389 0.389 
0.615 0.444 0.444 0.444 
0.538 0.389 0.389 0.389 
0.538 0.389 0.389 0.389 
0.538 0.389 0.389 0.389 
0.538 0.389 0.389 0.389 
0.538 0.389 0.389 0.389 
0.538 0.389 0.389 0.389 
0.538 0.389 0.389 0.389 
0.538 0.389 0.389 0.389 
0.615 0.500 0.500 0.500 
0.692 0.500 0.500 0.500 
0.538 0.389 0.389 0.389 
0.538 0.389 0.389 0.389 
0.538 0.444 0.444 0.444 
0.615 0.444 0.444 0.444 
0.538 0.389 0.389 0.389 
0.538 0.389 0.389 0.389 
0.615 0.444 0.444 0.444 
0.538 0.389 0.389 0.389 
0.538 0.389 0.389 0.389 
0.538 0.389 0.389 0.389 
0.538 0.389 0.389 0.389 
0.538 0.389 0.389 0.389 
0.538 0.389 0.389 0.389 
0.538 0.389 0.389 0.389 
0.538 0.389 0.389 0.389 
0.538 0.389 0.389 0.389 
0.538 0.389 0.389 0.389 
0.538 0.389 0.389 0.389 
0.538 0.389 0.389 0.389 
0.538 0.389 0.389 0.389 
0.538 0.389 0.389 0.389 
0.538 0.389 0.389 0.389 
0.538 0.389 0.389 0.389 
0.538 0.389 0.389 0.389 
0.538 0.389 0.389 0.389 
0.538 0.389 0.389 0.389 
0.538 0.389 0.389 0.389 
0.538 0.389 0.389 0.389 
0.692 0.500 0.500 0.500 
0.538 0.389 0.389 0.389 
0.538 0.389 0.389 0.389 
0.538 0.389 0.389 0.389 
0.615 0.444 0.444 0.444 
0.615 0.389 0.444 0.389 
0.538 0.389 0.389 0.389 
0.538 0.389 0.389 0.389 
0.615 0.444 0.444 0.444 
0.615 0.444 0.444 0.444 
0.538 0.389 0.389 0.389 
0.538 0.389 0.389 0.389 
0.538 0.389 0.389 0.389 
0.538 0.389 0.389 0.389 
0.538 0.389 0.389 0.389 
0.538 0.389 0.389 0.389 
0.538 0.389 0.389 0.389 
0.538 0.389 0.389 0.389 
0.538 0.389 0.389 0.389 
0.538 0.389 0.389 0.389 
0.538 0.389 0.389 0.389 
0.538 0.389 0.389 0.389 
0.538 0.389 0.389 0.389 
0.538 0.389 0.389 0.389 
0.538 0.389 0.389 0.389 
0.538 0.389 0.389 0.389 
0.538 0.389 0.389 0.389 
0.538 0.389 0.389 0.389 
0.538 0.389 0.389 0.389 
0.538 0.389 0.389 0.389 
0.538 0.389 0.389 0.389 
0.538 0.389 0.389 0.389 
0.538 0.389 0.389 0.389 
0.538 0.389 0.389 0.389 
0.538 0.389 0.389 0.389 
0.538 0.389 0.389 0.389 
0.615 0.444 0.444 0.444 
0.538 0.389 0.389 0.389 
0.538 0.389 0.389 0.389 
0.538 0.389 0.389 0.389 
0.615 0.444 0.444 0.444 
0.538 0.389 0.389 0.389 
0.538 0.389 0.389 0.389 
0.538 0.389 0.389 0.389 
0.692 0.500 0.500 0.500 
0.615 0.444 0.500 0.444 
0.538 0.389 0.389 0.389 
0.538 0.389 0.389 0.389 
0.538 0.389 0.389 0.389 
0.692 0.500 0.500 0.500 
0.615 0.444 0.444 0.444 
0.538 0.389 0.389 0.389 
0.538 0.389 0.389 0.389 
0.538 0.389 0.389 0.389 
0.538 0.389 0.389 0.389 
0.538 0.389 0.444 0.389 
0.538 0.389 0.389 0.389 
0.538 0.389 0.389 0.389 
0.615 0.444 0.444 0.444 
0.538 0.389 0.389 0.389 
0.538 0.389 0.389 0.389 
0.538 0.389 0.389 0.389 
0.538 0.389 0.389 0.389 
0.538 0.389 0.389 0.389 
0.538 0.389 0.389 0.389 
0.538 0.389 0.389 0.389 
0.538 0.389 0.389 0.389 
0.538 0.389 0.389 0.389 
0.538 0.389 0.389 0.389 
0.538 0.389 0.389 0.389 
0.538 0.389 0.389 0.389 
0.538 0.389 0.444 0.389 
0.538 0.389 0.444 0.389 
0.538 0.389 0.389 0.389 
0.692 0.500 0.500 0.500 
0.615 0.444 0.444 0.444 
0.538 0.389 0.389 0.389 
0.538 0.389 0.389 0.389 
0.538 0.389 0.389 0.389 
0.538 0.389 0.389 0.389 
0.538 0.389 0.389 0.389 
0.538 0.389 0.389 0.389 
0.538 0.389 0.389 0.389 
0.538 0.389 0.389 0.389 
0.538 0.389 0.389 0.389 
0.538 0.389 0.389 0.389 
0.538 0.389 0.389 0.389 
0.538 0.389 0.389 0.389 
0.538 0.389 0.389 0.389 
0.538 0.389 0.389 0.389 
0.538 0.389 0.389 0.389 
0.538 0.389 0.389 0.389 
0.538 0.389 0.389 0.389 
0.538 0.389 0.389 0.389 
0.538 0.389 0.389 0.389 
0.538 0.389 0.389 0.389 
0.538 0.389 0.389 0.389 
0.538 0.389 0.389 0.389 
0.538 0.389 0.389 0.389 
0.538 0.389 0.389 0.389 
0.538 0.389 0.389 0.389 
0.538 0.389 0.389 0.389 
0.538 0.389 0.389 0.389 
0.538 0.389 0.389 0.389 
0.538 0.389 0.389 0.389 
0.538 0.389 0.389 0.389 
0.538 0.389 0.389 0.389 
0.538 0.389 0.389 0.389 
0.538 0.389 0.389 0.389 
0.538 0.389 0.389 0.389 
0.538 0.389 0.389 0.389 
0.538 0.389 0.389 0.389 
0.538 0.389 0.444 0.389 
0.538 0.389 0.389 0.389 
0.538 0.389 0.389 0.389 
0.538 0.389 0.389 0.389 
0.538 0.389 0.389 0.389 
0.538 0.389 0.389 0.389 
0.538 0.389 0.389 0.389 
0.538 0.389 0.389 0.389 
0.538 0.389 0.389 0.389 
0.538 0.389 0.389 0.389 
0.538 0.389 0.389 0.389 
0.538 0.389 0.389 0.389 
0.538 0.389 0.389 0.389 
0.538 0.389 0.389 0.389 
0.538 0.389 0.389 0.389 
0.538 0.389 0.389 0.389 
0.538 0.389 0.389 0.389 
0.538 0.389 0.389 0.389 
0.538 0.389 0.389 0.389 
0.538 0.389 0.389 0.389 
0.538 0.389 0.389 0.389 
0.538 0.389 0.389 0.389 
0.538 0.389 0.389 0.389 
0.538 0.389 0.389 0.389 
0.538 0.389 0.389 0.389 
0.538 0.389 0.389 0.389 
0.538 0.389 0.389 0.389 
0.538 0.389 0.389 0.389 
0.538 0.389 0.389 0.389 
0.538 0.389 0.389 0.389 
0.538 0.389 0.389 0.389 
0.538 0.389 0.389 0.389 
0.538 0.389 0.389 0.389 
0.538 0.389 0.389 0.389 
0.538 0.389 0.389 0.389 
0.538 0.389 0.389 0.389 
0.538 0.389 0.389 0.389 
0.538 0.389 0.389 0.389 
0.538 0.389 0.389 0.389 
0.538 0.389 0.389 0.389 
0.538 0.389 0.389 0.389 
0.538 0.389 0.389 0.389 
0.538 0.389 0.389 0.389 
0.538 0.389 0.389 0.389 
0.538 0.389 0.389 0.389 
0.538 0.389 0.389 0.389 
0.538 0.389 0.389 0.389 
0.538 0.389 0.389 0.389 
0.538 0.389 0.389 0.389 
0.538 0.389 0.389 0.389 
0.538 0.389 0.444 0.389 
0.538 0.389 0.389 0.389 
0.538 0.389 0.389 0.389 
0.538 0.389 0.389 0.389 
0.538 0.389 0.389 0.389 
0.538 0.389 0.389 0.389 
0.538 0.389 0.389 0.389 
0.538 0.389 0.389 0.389 
0.538 0.389 0.389 0.389 
0.538 0.389 0.389 0.389 
0.538 0.389 0.389 0.389 
0.538 0.389 0.389 0.389 
0.538 0.389 0.389 0.389 
0.538 0.389 0.389 0.389 
0.538 0.389 0.389 0.389 
0.538 0.389 0.389 0.389 
0.538 0.389 0.389 0.389 
0.538 0.389 0.389 0.389 
0.538 0.389 0.389 0.389 
0.538 0.389 0.389 0.389 
0.538 0.389 0.389 0.389 
0.538 0.389 0.389 0.389 
0.538 0.389 0.389 0.389 
0.538 0.389 0.389 0.389 
0.538 0.389 0.389 0.389 
0.538 0.389 0.389 0.389 
0.538 0.389 0.389 0.389 
0.538 0.389 0.389 0.389 
0.538 0.389 0.389 0.389 
0.538 0.389 0.389 0.389 
0.538 0.389 0.389 0.389 
0.538 0.389 0.389 0.389 
0.538 0.389 0.389 0.389 
0.538 0.389 0.389 0.389 
0.538 0.389 0.389 0.389 
0.538 0.389 0.389 0.389 
0.538 0.389 0.389 0.389 
0.538 0.389 0.389 0.389 
0.538 0.389 0.389 0.389 
0.538 0.389 0.389 0.389 
0.538 0.389 0.389 0.389 
0.538 0.389 0.389 0.389 
0.538 0.389 0.389 0.389 
0.538 0.389 0.389 0.389 
0.538 0.389 0.389 0.389 
0.538 0.389 0.389 0.389 
0.538 0.389 0.389 0.389 
0.538 0.389 0.389 0.389 
0.538 0.389 0.389 0.389 
0.538 0.389 0.389 0.389 
0.538 0.389 0.389 0.389 
0.538 0.389 0.389 0.389 
0.538 0.389 0.389 0.389 
0.538 0.389 0.389 0.389 
0.538 0.389 0.389 0.389 
0.538 0.389 0.389 0.389 
0.538 0.389 0.389 0.389 
0.538 0.389 0.389 0.389 
0.538 0.389 0.389 0.389 
0.538 0.389 0.389 0.389 
0.538 0.389 0.389 0.389 
0.538 0.389 0.389 0.389 
0.538 0.389 0.389 0.389 
0.538 0.389 0.389 0.389 
0.538 0.389 0.389 0.389 
0.538 0.389 0.389 0.389 
0.538 0.389 0.389 0.389 
0.538 0.389 0.389 0.389 
0.538 0.389 0.389 0.389 
0.538 0.389 0.389 0.389 
0.538 0.389 0.389 0.389 
0.538 0.389 0.389 0.389 
0.538 0.389 0.389 0.389 
0.538 0.389 0.389 0.389 
0.538 0.389 0.389 0.389 
0.538 0.389 0.389 0.389 
0.538 0.389 0.389 0.389 
0.538 0.389 0.389 0.389 
0.538 0.389 0.389 0.389 
0.538 0.389 0.389 0.389 
0.615 0.444 0.444 0.444 
0.615 0.444 0.444 0.444 
0.538 0.389 0.389 0.389 
0.538 0.389 0.389 0.389 
0.538 0.389 0.389 0.389 
0.538 0.389 0.389 0.389 
0.538 0.389 0.389 0.389 
0.538 0.389 0.389 0.389 
0.538 0.389 0.389 0.389 
0.538 0.389 0.389 0.389 
0.538 0.389 0.389 0.389 
0.538 0.389 0.389 0.389 
0.538 0.389 0.389 0.389 
0.538 0.389 0.389 0.389 
0.538 0.389 0.389 0.389 
0.538 0.389 0.389 0.389 
0.538 0.389 0.389 0.389 
0.538 0.389 0.389 0.389 
0.538 0.389 0.389 0.389 
0.538 0.389 0.389 0.389 
0.538 0.389 0.389 0.389 
0.538 0.389 0.389 0.389 
0.538 0.389 0.389 0.389 
0.538 0.389 0.389 0.389 
0.615 0.444 0.444 0.444 
0.538 0.389 0.389 0.389 
0.538 0.389 0.389 0.389 
0.538 0.389 0.389 0.389 
0.538 0.389 0.389 0.389 
0.538 0.389 0.389 0.389 
0.538 0.389 0.389 0.389 
0.538 0.389 0.389 0.389 
0.538 0.389 0.389 0.389 
0.538 0.389 0.389 0.389 
0.538 0.389 0.389 0.389 
0.538 0.389 0.389 0.389 
0.538 0.389 0.389 0.389 
0.538 0.389 0.389 0.389 
0.538 0.389 0.389 0.389 
0.538 0.389 0.389 0.389 
0.538 0.389 0.389 0.389 
0.538 0.389 0.389 0.389 
0.538 0.389 0.389 0.389 
0.538 0.389 0.389 0.389 
0.538 0.389 0.389 0.389 
0.538 0.389 0.389 0.389 
0.538 0.389 0.389 0.389 
0.538 0.389 0.389 0.389 
0.538 0.389 0.389 0.389 
0.538 0.389 0.389 0.389 
0.538 0.389 0.389 0.389 
0.538 0.389 0.389 0.389 
0.538 0.389 0.389 0.389 
0.538 0.389 0.389 0.389 
0.538 0.389 0.389 0.389 
0.538 0.389 0.389 0.389 
0.538 0.389 0.389 0.389 
0.538 0.389 0.389 0.389 
0.538 0.389 0.389 0.389 
0.538 0.389 0.389 0.389 
0.538 0.389 0.389 0.389 
0.538 0.389 0.389 0.389 
0.538 0.389 0.389 0.389 
0.538 0.389 0.389 0.389 
0.538 0.389 0.389 0.389 
0.538 0.389 0.389 0.389 
0.538 0.389 0.389 0.389 
0.538 0.389 0.389 0.389 
0.538 0.389 0.389 0.389 
0.538 0.389 0.389 0.389 
0.538 0.389 0.389 0.389 
0.538 0.389 0.389 0.389 
0.538 0.389 0.389 0.389 
0.538 0.389 0.389 0.389 
0.538 0.389 0.389 0.389 
0.538 0.389 0.389 0.389 
0.538 0.389 0.389 0.389 
0.538 0.389 0.389 0.389 
0.538 0.389 0.389 0.389 
0.538 0.389 0.389 0.389 
0.538 0.389 0.389 0.389 
0.538 0.389 0.389 0.389 
0.538 0.389 0.389 0.389 
0.538 0.389 0.389 0.389 
0.538 0.389 0.389 0.389 
0.538 0.389 0.389 0.389 
0.538 0.389 0.389 0.389 
0.538 0.389 0.389 0.389 
0.538 0.389 0.389 0.389 
0.538 0.389 0.389 0.389 
0.538 0.389 0.389 0.389 
0.538 0.389 0.389 0.389 
0.538 0.389 0.389 0.389 
0.538 0.389 0.389 0.389 
0.538 0.389 0.389 0.389 
0.538 0.389 0.389 0.389 
0.538 0.389 0.389 0.389 
0.538 0.389 0.389 0.389 
0.538 0.389 0.389 0.389 
0.538 0.389 0.389 0.389 
0.538 0.389 0.389 0.389 
0.538 0.389 0.389 0.389 
0.538 0.389 0.389 0.389 
0.538 0.389 0.389 0.389 
0.538 0.389 0.389 0.389 
0.538 0.389 0.389 0.389 
0.538 0.389 0.389 0.389 
0.538 0.389 0.389 0.389 
0.538 0.389 0.389 0.389 
0.538 0.389 0.389 0.389 
0.538 0.389 0.389 0.389 
0.538 0.389 0.389 0.389 
0.538 0.389 0.389 0.389 
0.538 0.389 0.389 0.389 
0.538 0.389 0.389 0.389 
0.538 0.389 0.389 0.389 
0.538 0.389 0.389 0.389 
0.538 0.389 0.389 0.389 
0.538 0.389 0.389 0.389 
0.538 0.389 0.389 0.389 
0.538 0.389 0.389 0.389 
0.538 0.389 0.389 0.389 
0.538 0.389 0.389 0.389 
0.538 0.389 0.389 0.389 
0.538 0.389 0.389 0.389 
0.538 0.389 0.389 0.389 
0.538 0.389 0.389 0.389 
0.538 0.389 0.389 0.389 
0.538 0.389 0.389 0.389 
0.538 0.389 0.389 0.389 
0.538 0.389 0.389 0.389 
0.538 0.389 0.389 0.389 
0.538 0.389 0.389 0.389 
0.538 0.389 0.389 0.389 
0.538 0.389 0.389 0.389 
0.538 0.389 0.389 0.389 
0.538 0.389 0.389 0.389 
0.538 0.389 0.389 0.389 
0.538 0.389 0.389 0.389 
0.538 0.389 0.389 0.389 
0.538 0.389 0.389 0.389 
0.538 0.389 0.389 0.389 
0.538 0.389 0.389 0.389 
0.538 0.389 0.389 0.389 
0.538 0.389 0.389 0.389 
0.538 0.389 0.389 0.389 
0.538 0.389 0.389 0.389 
0.538 0.389 0.389 0.389 
0.538 0.389 0.389 0.389 
0.538 0.389 0.389 0.389 
0.538 0.389 0.389 0.389 
0.538 0.389 0.389 0.389 
0.538 0.389 0.389 0.389 
0.538 0.389 0.389 0.389 
0.538 0.389 0.389 0.389 
0.538 0.389 0.389 0.389 
0.538 0.389 0.389 0.389 
0.538 0.389 0.389 0.389 
0.538 0.389 0.389 0.389 
0.538 0.389 0.389 0.389 
0.538 0.389 0.389 0.389 
0.538 0.389 0.389 0.389 
0.538 0.389 0.389 0.389 
0.538 0.389 0.389 0.389 
0.538 0.389 0.389 0.389 
0.538 0.389 0.389 0.389 
0.538 0.389 0.389 0.389 
0.538 0.389 0.389 0.389 
0.538 0.389 0.389 0.389 
0.538 0.389 0.389 0.389 
0.538 0.389 0.389 0.389 
0.538 0.389 0.389 0.389 
0.538 0.389 0.389 0.389 
0.538 0.389 0.389 0.389 
0.538 0.389 0.389 0.389 
0.538 0.389 0.389 0.389 
0.538 0.389 0.389 0.389 
0.538 0.389 0.389 0.389 
0.538 0.389 0.389 0.389 
0.538 0.389 0.389 0.389 
0.538 0.389 0.389 0.389 
0.538 0.389 0.389 0.389 
0.538 0.389 0.389 0.389 
0.538 0.389 0.389 0.389 
0.538 0.389 0.389 0.389 
0.538 0.389 0.389 0.389 
0.538 0.389 0.389 0.389 
0.538 0.389 0.389 0.389 
0.538 0.389 0.389 0.389 
0.538 0.389 0.389 0.389 
0.538 0.389 0.389 0.389 
0.538 0.389 0.389 0.389 
0.538 0.389 0.389 0.389 
0.538 0.389 0.389 0.389 
0.538 0.389 0.389 0.389 
0.538 0.389 0.389 0.389 
0.538 0.389 0.389 0.389 
0.538 0.389 0.389 0.389 
0.538 0.389 0.389 0.389 
0.538 0.389 0.389 0.389 
0.538 0.389 0.389 0.389 
0.538 0.389 0.389 0.389 
0.538 0.389 0.389 0.389 
0.538 0.389 0.389 0.389 
0.538 0.389 0.389 0.389 
0.538 0.389 0.389 0.389 
0.538 0.389 0.389 0.389 
0.538 0.389 0.389 0.389 
0.538 0.389 0.389 0.389 
0.538 0.389 0.389 0.389 
0.538 0.389 0.389 0.389 
0.538 0.389 0.389 0.389 
0.538 0.389 0.389 0.389 
0.538 0.389 0.389 0.389 
0.538 0.389 0.389 0.389 
0.538 0.389 0.389 0.389 
0.538 0.389 0.389 0.389 
0.538 0.389 0.389 0.389 
0.538 0.389 0.389 0.389 
0.538 0.389 0.389 0.389 
0.538 0.389 0.389 0.389 
0.538 0.389 0.389 0.389 
0.538 0.389 0.389 0.389 
0.538 0.389 0.389 0.389 
0.538 0.389 0.389 0.389 
0.538 0.389 0.389 0.389 
0.538 0.389 0.389 0.389 
0.538 0.389 0.389 0.389 
0.538 0.389 0.389 0.389 
0.538 0.389 0.389 0.389 
0.538 0.389 0.389 0.389 
0.538 0.389 0.389 0.389 
0.538 0.389 0.389 0.389 
0.538 0.389 0.389 0.389 
0.538 0.389 0.389 0.389 
0.538 0.389 0.389 0.389 
0.538 0.389 0.389 0.389 
0.538 0.389 0.389 0.389 
0.538 0.389 0.389 0.389 
0.538 0.389 0.389 0.389 
0.538 0.389 0.389 0.389 
0.538 0.389 0.389 0.389 
0.538 0.389 0.389 0.389 
0.538 0.389 0.389 0.389 
0.538 0.389 0.389 0.389 
0.538 0.389 0.389 0.389 
0.538 0.389 0.389 0.389 
0.538 0.389 0.389 0.389 
0.538 0.389 0.389 0.389 
0.538 0.389 0.389 0.389 
0.538 0.389 0.389 0.389 
0.538 0.389 0.389 0.389 
0.538 0.389 0.389 0.389 
0.538 0.389 0.389 0.389 
0.538 0.389 0.389 0.389 
0.538 0.389 0.389 0.389 
0.538 0.389 0.389 0.389 
0.538 0.389 0.389 0.389 
0.538 0.389 0.389 0.389 
0.538 0.389 0.389 0.389 
0.538 0.389 0.389 0.389 
0.538 0.389 0.389 0.389 
0.538 0.389 0.389 0.389 
0.538 0.389 0.389 0.389 
0.538 0.389 0.389 0.389 
0.538 0.389 0.389 0.389 
0.538 0.389 0.389 0.389 
0.538 0.389 0.389 0.389 
0.538 0.389 0.389 0.389 
0.538 0.389 0.389 0.389 
0.538 0.389 0.389 0.389 
0.538 0.389 0.389 0.389 
0.538 0.389 0.389 0.389 
0.538 0.389 0.389 0.389 
0.538 0.389 0.389 0.389 
0.538 0.389 0.389 0.389 
0.538 0.389 0.389 0.389 
0.538 0.389 0.389 0.389 
0.538 0.389 0.389 0.389 
0.538 0.389 0.389 0.389 
0.538 0.389 0.389 0.389 
0.538 0.389 0.389 0.389 
0.538 0.389 0.389 0.389 
0.538 0.389 0.389 0.389 
0.538 0.389 0.389 0.389 
0.538 0.389 0.389 0.389 
0.538 0.389 0.389 0.389 
0.538 0.389 0.389 0.389 
0.538 0.389 0.389 0.389 
0.538 0.389 0.389 0.389 
0.538 0.389 0.389 0.389 
0.538 0.389 0.389 0.389 
0.538 0.389 0.389 0.389 
0.538 0.389 0.389 0.389 
0.538 0.389 0.389 0.389 
0.538 0.389 0.389 0.389 
0.538 0.389 0.389 0.389 
0.538 0.389 0.389 0.389 
0.538 0.389 0.389 0.389 
0.538 0.389 0.389 0.389 
0.538 0.389 0.389 0.389 
0.538 0.389 0.389 0.389 
0.538 0.389 0.389 0.389 
0.538 0.389 0.389 0.389 
0.538 0.389 0.389 0.389 
0.538 0.389 0.389 0.389 
0.538 0.389 0.389 0.389 
0.538 0.389 0.389 0.389 
0.538 0.389 0.389 0.389 
0.538 0.389 0.389 0.389 
0.538 0.389 0.389 0.389 
0.538 0.389 0.389 0.389 
0.538 0.389 0.389 0.389 
0.538 0.389 0.389 0.389 
0.538 0.389 0.389 0.389 
0.538 0.389 0.389 0.389 
0.538 0.389 0.389 0.389 
0.538 0.389 0.389 0.389 
0.538 0.389 0.389 0.389 
0.538 0.389 0.389 0.389 
0.538 0.389 0.389 0.389 
0.538 0.389 0.389 0.389 
0.538 0.389 0.389 0.389 
0.538 0.389 0.389 0.389 
0.538 0.389 0.389 0.389 
0.538 0.389 0.389 0.389 
0.538 0.389 0.389 0.389 
0.538 0.389 0.389 0.389 
0.538 0.389 0.389 0.389 
0.538 0.389 0.389 0.389 
0.538 0.389 0.389 0.389 
0.538 0.389 0.389 0.389 
0.538 0.389 0.389 0.389 
0.538 0.389 0.389 0.389 
0.538 0.389 0.389 0.389 
0.538 0.389 0.389 0.389 
0.538 0.389 0.389 0.389 
0.538 0.389 0.389 0.389 
0.538 0.389 0.389 0.389 
0.538 0.389 0.389 0.389 
0.538 0.389 0.389 0.389 
0.538 0.389 0.389 0.389 
0.538 0.389 0.389 0.389 
0.538 0.389 0.389 0.389 
0.538 0.389 0.389 0.389 
0.538 0.389 0.389 0.389 
0.538 0.389 0.389 0.389 
0.538 0.389 0.389 0.389 
0.538 0.389 0.389 0.389 
0.538 0.389 0.389 0.389 
0.538 0.389 0.389 0.389 
0.538 0.389 0.389 0.389 
0.538 0.389 0.389 0.389 
0.538 0.389 0.389 0.389 
0.538 0.389 0.389 0.389 
0.538 0.389 0.389 0.389 
0.538 0.389 0.389 0.389 
0.538 0.389 0.389 0.389 
0.538 0.389 0.389 0.389 
0.538 0.389 0.389 0.389 
0.538 0.389 0.389 0.389 
0.538 0.389 0.389 0.389 
0.538 0.389 0.389 0.389 
0.538 0.389 0.389 0.389 
0.538 0.389 0.389 0.389 
0.538 0.389 0.389 0.389 
0.538 0.389 0.389 0.389 
0.538 0.389 0.389 0.389 
0.538 0.389 0.389 0.389 
0.538 0.389 0.389 0.389 
0.538 0.389 0.389 0.389 
0.538 0.389 0.389 0.389 
0.538 0.389 0.389 0.389 
0.538 0.389 0.389 0.389 
0.538 0.389 0.389 0.389 
0.538 0.389 0.389 0.389 
0.538 0.389 0.389 0.389 
0.538 0.389 0.389 0.389 
0.538 0.389 0.389 0.389 
0.538 0.389 0.389 0.389 
0.538 0.389 0.389 0.389 
0.538 0.389 0.389 0.389 
0.538 0.389 0.389 0.389 
0.538 0.389 0.389 0.389 
0.538 0.389 0.389 0.389 
0.538 0.389 0.389 0.389 
0.538 0.389 0.389 0.389 
0.538 0.389 0.389 0.389 
0.538 0.389 0.389 0.389 
0.538 0.389 0.389 0.389 
0.538 0.389 0.389 0.389 
0.538 0.389 0.389 0.389 
0.538 0.389 0.389 0.389 
0.538 0.389 0.389 0.389 
0.538 0.389 0.389 0.389 
0.538 0.389 0.389 0.389 
0.538 0.389 0.389 0.389 
0.538 0.389 0.389 0.389 
0.538 0.389 0.389 0.389 
0.538 0.389 0.389 0.389 
0.538 0.389 0.389 0.389 
0.538 0.389 0.389 0.389 
0.538 0.389 0.389 0.389 
0.538 0.389 0.389 0.389 
0.538 0.389 0.389 0.389 
0.538 0.389 0.389 0.389 
0.538 0.389 0.389 0.389 
0.538 0.389 0.389 0.389 
0.538 0.389 0.389 0.389 
0.538 0.389 0.389 0.389 
0.538 0.389 0.389 0.389 
0.538 0.389 0.389 0.389 
0.538 0.389 0.389 0.389 
0.538 0.389 0.389 0.389 
0.538 0.389 0.389 0.389 
0.538 0.389 0.389 0.389 
0.538 0.389 0.389 0.389 
0.538 0.389 0.389 0.389 
0.538 0.389 0.389 0.389 
0.538 0.389 0.389 0.389 
0.538 0.389 0.389 0.389 
0.538 0.389 0.389 0.389 
0.538 0.389 0.389 0.389 
0.538 0.389 0.389 0.389 
0.538 0.389 0.389 0.389 
0.538 0.389 0.389 0.389 
0.538 0.389 0.389 0.389 
0.538 0.389 0.389 0.389 
0.538 0.389 0.389 0.389 
0.538 0.389 0.389 0.389 
0.538 0.389 0.389 0.389 
0.538 0.389 0.389 0.389 
0.538 0.389 0.389 0.389 
0.538 0.389 0.389 0.389 
0.538 0.389 0.389 0.389 
0.538 0.389 0.389 0.389 
0.538 0.389 0.389 0.389 
0.538 0.389 0.389 0.389 
0.538 0.389 0.389 0.389 
0.538 0.389 0.389 0.389 
0.538 0.389 0.389 0.389 
0.538 0.389 0.389 0.389 
0.538 0.389 0.389 0.389 
0.538 0.389 0.389 0.389 
0.538 0.389 0.389 0.389 
0.538 0.389 0.389 0.389 
0.538 0.389 0.389 0.389 
0.538 0.389 0.389 0.389 
0.538 0.389 0.389 0.389 
0.538 0.389 0.389 0.389 
0.538 0.389 0.389 0.389 
0.538 0.389 0.389 0.389 
0.538 0.389 0.389 0.389 
0.538 0.389 0.389 0.389 
0.538 0.389 0.389 0.389 
0.538 0.389 0.389 0.389 
0.538 0.389 0.389 0.389 
0.538 0.389 0.389 0.389 
0.538 0.389 0.389 0.389 
0.538 0.389 0.389 0.389 
0.538 0.389 0.389 0.389 
0.538 0.389 0.389 0.389 
0.538 0.389 0.389 0.389 
0.538 0.389 0.389 0.389 
0.538 0.389 0.389 0.389 
0.538 0.389 0.389 0.389 
0.538 0.389 0.389 0.389 
0.538 0.389 0.389 0.389 
0.538 0.389 0.389 0.389 
0.538 0.389 0.389 0.389 
0.538 0.389 0.389 0.389 
0.538 0.389 0.389 0.389 
0.538 0.389 0.389 0.389 
0.538 0.389 0.389 0.389 
0.538 0.389 0.389 0.389 
0.538 0.389 0.389 0.389 
0.538 0.389 0.389 0.389 
0.538 0.389 0.389 0.389 
0.538 0.389 0.389 0.389 
0.538 0.389 0.389 0.389 
0.538 0.389 0.389 0.389 
0.538 0.389 0.389 0.389 
0.538 0.389 0.389 0.389 
0.538 0.389 0.389 0.389 
0.538 0.389 0.389 0.389 
0.538 0.389 0.389 0.389 
0.538 0.389 0.389 0.389 
0.538 0.389 0.389 0.389 
0.538 0.389 0.389 0.389 
0.538 0.389 0.389 0.389 
0.538 0.389 0.389 0.389 
0.538 0.389 0.389 0.389 
0.538 0.389 0.389 0.389 
0.538 0.389 0.389 0.389 
0.538 0.389 0.389 0.389 
0.538 0.389 0.389 0.389 
0.538 0.389 0.389 0.389 
0.538 0.389 0.389 0.389 
0.538 0.389 0.389 0.389 
0.538 0.389 0.389 0.389 
0.538 0.389 0.389 0.389 
0.538 0.389 0.389 0.389 
0.538 0.389 0.389 0.389 
0.538 0.389 0.389 0.389 
0.538 0.389 0.389 0.389 
0.538 0.389 0.389 0.389 
0.538 0.389 0.389 0.389 
0.538 0.389 0.389 0.389 
0.538 0.389 0.389 0.389 
0.538 0.389 0.389 0.389 
0.538 0.389 0.389 0.389 
0.538 0.389 0.389 0.389 
0.538 0.389 0.389 0.389 
0.538 0.389 0.389 0.389 
0.538 0.389 0.389 0.389 
0.538 0.389 0.389 0.389 
0.538 0.389 0.389 0.389 
0.538 0.389 0.389 0.389 
0.538 0.389 0.389 0.389 
0.538 0.389 0.389 0.389 
0.538 0.389 0.389 0.389 
0.538 0.389 0.389 0.389 
0.538 0.389 0.389 0.389 
0.538 0.389 0.389 0.389 
0.538 0.389 0.389 0.389 
0.538 0.389 0.389 0.389 
0.538 0.389 0.389 0.389 
0.538 0.389 0.389 0.389 
0.538 0.389 0.389 0.389 
0.538 0.389 0.389 0.389 
0.538 0.389 0.389 0.389 
0.538 0.389 0.389 0.389 
0.538 0.389 0.389 0.389 
0.538 0.389 0.389 0.389 
0.538 0.389 0.389 0.389 
0.538 0.389 0.389 0.389 
0.538 0.389 0.389 0.389 
0.538 0.389 0.389 0.389 
0.538 0.389 0.389 0.389 
0.538 0.389 0.389 0.389 
0.538 0.389 0.389 0.389 
0.538 0.389 0.389 0.389 
0.538 0.389 0.389 0.389 
0.538 0.389 0.389 0.389 
0.538 0.389 0.389 0.389 
0.538 0.389 0.389 0.389 
0.538 0.389 0.389 0.389 
0.538 0.389 0.389 0.389 
0.538 0.389 0.389 0.389 
0.538 0.389 0.389 0.389 
0.538 0.389 0.389 0.389 
0.538 0.389 0.389 0.389 
0.538 0.389 0.389 0.389 
0.538 0.389 0.389 0.389 
0.538 0.389 0.389 0.389 
0.538 0.389 0.389 0.389 
0.538 0.389 0.389 0.389 
0.538 0.389 0.389 0.389 
0.538 0.389 0.389 0.389 
0.538 0.389 0.389 0.389 
0.538 0.389 0.389 0.389 
0.538 0.389 0.389 0.389 
0.538 0.389 0.389 0.389 
0.538 0.389 0.389 0.389 
0.538 0.389 0.389 0.389 
0.538 0.389 0.389 0.389 
0.538 0.389 0.389 0.389 
0.538 0.389 0.389 0.389 
0.538 0.389 0.389 0.389 
0.538 0.389 0.389 0.389 
0.538 0.389 0.389 0.389 
0.538 0.389 0.389 0.389 
0.538 0.389 0.389 0.389 
0.538 0.389 0.389 0.389 
0.538 0.389 0.389 0.389 
0.538 0.389 0.389 0.389 
0.538 0.389 0.389 0.389 
0.538 0.389 0.389 0.389 
0.538 0.389 0.389 0.389 
0.538 0.389 0.389 0.389 
0.538 0.389 0.389 0.389 
0.538 0.389 0.389 0.389 
0.538 0.389 0.389 0.389 
0.538 0.389 0.389 0.389 
0.538 0.389 0.389 0.389 
0.538 0.389 0.389 0.389 
0.538 0.389 0.389 0.389 
0.538 0.389 0.389 0.389 
0.538 0.389 0.389 0.389 
0.538 0.389 0.389 0.389 
0.538 0.389 0.389 0.389 
0.538 0.389 0.389 0.389 
0.538 0.389 0.389 0.389 
0.538 0.389 0.389 0.389 
0.538 0.389 0.389 0.389 
0.538 0.389 0.389 0.389 
0.538 0.389 0.389 0.389 
0.538 0.389 0.389 0.389 
0.538 0.389 0.389 0.389 
0.538 0.389 0.389 0.389 
0.538 0.389 0.389 0.389 
0.538 0.389 0.389 0.389 
0.538 0.389 0.389 0.389 
0.538 0.389 0.389 0.389 
0.538 0.389 0.389 0.389 
0.538 0.389 0.389 0.389 
0.538 0.389 0.389 0.389 
0.538 0.389 0.389 0.389 
0.538 0.389 0.389 0.389 
0.538 0.389 0.389 0.389 
0.538 0.389 0.389 0.389 
0.538 0.389 0.389 0.389 
0.538 0.389 0.389 0.389 
0.538 0.389 0.389 0.389 
0.538 0.389 0.389 0.389 
0.538 0.389 0.389 0.389 
0.538 0.389 0.389 0.389 
0.538 0.389 0.389 0.389 
0.538 0.389 0.389 0.389 
0.538 0.389 0.389 0.389 
0.538 0.389 0.389 0.389 
0.538 0.389 0.389 0.389 
0.538 0.389 0.389 0.389 
0.538 0.389 0.389 0.389 
0.538 0.389 0.389 0.389 
0.538 0.389 0.389 0.389 
0.538 0.389 0.389 0.389 
0.538 0.389 0.389 0.389 
0.538 0.389 0.389 0.389 
0.538 0.389 0.389 0.389 
0.538 0.389 0.389 0.389 
0.538 0.389 0.389 0.389 
0.538 0.389 0.389 0.389 
0.538 0.389 0.389 0.389 
0.538 0.389 0.389 0.389 
0.538 0.389 0.389 0.389 
