5.175 0.434 1.936 0.585 0.846 0.889 0.889 0.889 
1.753 0.637 2.609 0.623 1.000 1.000 1.000 1.000 
2.221 0.613 2.043 0.623 1.000 1.000 1.000 1.000 
1.851 0.613 1.219 0.604 1.000 1.000 1.000 1.000 
0.889 0.656 1.533 0.453 0.308 0.222 0.222 0.222 
1.057 0.410 1.198 0.434 0.308 0.222 0.222 0.222 
0.716 0.637 1.136 0.660 0.846 0.833 0.778 0.833 
0.736 0.769 1.187 0.679 0.846 0.833 0.833 0.833 
0.841 0.759 1.095 0.679 0.846 0.778 0.778 0.778 
0.810 0.736 0.911 0.736 0.692 0.500 0.500 0.500 
0.687 0.736 0.723 0.736 0.231 0.167 0.167 0.167 
0.663 0.618 0.690 0.566 0.154 0.111 0.111 0.111 
0.672 0.571 0.570 0.698 0.615 0.444 0.444 0.444 
0.622 0.745 0.604 0.755 0.538 0.389 0.389 0.389 
0.608 0.745 0.717 0.717 0.615 0.500 0.500 0.500 
0.563 0.774 0.831 0.792 0.308 0.222 0.222 0.222 
0.553 0.759 0.899 0.755 0.308 0.222 0.222 0.222 
0.584 0.769 0.840 0.736 0.462 0.389 0.389 0.389 
0.558 0.750 0.721 0.736 0.538 0.444 0.444 0.444 
0.569 0.769 0.655 0.755 0.462 0.333 0.333 0.333 
0.581 0.745 0.713 0.755 0.308 0.222 0.222 0.222 
0.568 0.755 0.742 0.755 0.308 0.222 0.222 0.222 
0.575 0.731 0.732 0.774 0.308 0.222 0.222 0.222 
0.568 0.745 0.702 0.736 0.462 0.333 0.333 0.333 
0.570 0.736 0.667 0.736 0.462 0.333 0.333 0.333 
0.548 0.759 0.662 0.717 0.462 0.333 0.333 0.333 
0.561 0.769 0.704 0.679 0.385 0.278 0.278 0.278 
0.560 0.759 0.702 0.755 0.385 0.278 0.278 0.278 
0.559 0.741 0.695 0.736 0.462 0.333 0.333 0.333 
0.554 0.759 0.693 0.736 0.462 0.333 0.333 0.333 
0.543 0.774 0.679 0.717 0.462 0.333 0.333 0.333 
0.539 0.783 0.682 0.736 0.385 0.278 0.278 0.278 
0.554 0.750 0.698 0.717 0.308 0.222 0.222 0.222 
0.538 0.797 0.668 0.717 0.462 0.333 0.333 0.333 
0.560 0.755 0.704 0.736 0.462 0.333 0.333 0.333 
0.554 0.783 0.715 0.736 0.385 0.278 0.278 0.278 
0.545 0.769 0.682 0.736 0.385 0.278 0.278 0.278 
0.538 0.774 0.681 0.717 0.462 0.333 0.333 0.333 
0.552 0.750 0.689 0.736 0.385 0.278 0.278 0.278 
0.549 0.769 0.690 0.736 0.462 0.333 0.333 0.333 
0.539 0.755 0.703 0.736 0.385 0.333 0.333 0.333 
0.559 0.759 0.711 0.736 0.385 0.278 0.278 0.278 
5.175 0.434 1.936 0.585 0.846 0.889 0.889 0.889 
1.753 0.637 2.609 0.623 1.000 1.000 1.000 1.000 
2.221 0.613 2.043 0.623 1.000 1.000 1.000 1.000 
1.851 0.613 1.219 0.604 1.000 1.000 1.000 1.000 
0.889 0.656 1.533 0.453 0.308 0.222 0.222 0.222 
1.058 0.406 1.196 0.434 0.308 0.222 0.222 0.222 
0.716 0.637 1.136 0.660 0.846 0.833 0.833 0.833 
0.737 0.769 1.191 0.679 0.846 0.833 0.833 0.833 
0.843 0.759 1.100 0.679 0.846 0.778 0.778 0.778 
0.811 0.741 0.912 0.736 0.692 0.500 0.500 0.500 
0.686 0.736 0.723 0.736 0.231 0.167 0.167 0.167 
0.661 0.627 0.702 0.547 0.154 0.111 0.111 0.111 
0.673 0.575 0.571 0.698 0.615 0.444 0.444 0.444 
0.621 0.755 0.604 0.755 0.538 0.389 0.389 0.389 
0.606 0.745 0.721 0.698 0.615 0.500 0.500 0.500 
0.562 0.769 0.836 0.792 0.308 0.222 0.222 0.222 
0.553 0.750 0.901 0.774 0.308 0.222 0.222 0.222 
0.584 0.764 0.844 0.736 0.462 0.389 0.389 0.389 
0.557 0.764 0.719 0.736 0.538 0.444 0.444 0.444 
0.569 0.774 0.653 0.755 0.462 0.333 0.333 0.333 
0.582 0.750 0.716 0.755 0.308 0.222 0.222 0.222 
0.567 0.755 0.748 0.755 0.308 0.222 0.222 0.222 
0.574 0.731 0.736 0.774 0.308 0.222 0.222 0.222 
0.567 0.745 0.702 0.736 0.462 0.333 0.333 0.333 
0.569 0.745 0.666 0.736 0.462 0.333 0.333 0.333 
0.547 0.759 0.660 0.717 0.462 0.333 0.333 0.333 
0.559 0.764 0.702 0.698 0.385 0.333 0.333 0.333 
0.558 0.759 0.702 0.755 0.385 0.333 0.333 0.278 
0.557 0.750 0.698 0.736 0.462 0.333 0.333 0.333 
0.551 0.764 0.699 0.736 0.462 0.333 0.333 0.333 
0.541 0.764 0.689 0.736 0.462 0.333 0.333 0.333 
0.537 0.783 0.691 0.736 0.385 0.278 0.278 0.278 
0.554 0.750 0.705 0.717 0.308 0.222 0.278 0.222 
0.538 0.783 0.677 0.717 0.462 0.333 0.333 0.333 
0.560 0.759 0.716 0.736 0.462 0.333 0.333 0.333 
0.553 0.778 0.736 0.755 0.308 0.222 0.222 0.222 
0.544 0.769 0.702 0.736 0.385 0.278 0.278 0.278 
0.536 0.774 0.694 0.736 0.385 0.278 0.278 0.278 
0.554 0.745 0.702 0.736 0.385 0.278 0.278 0.278 
0.548 0.769 0.704 0.736 0.462 0.333 0.333 0.333 
0.540 0.759 0.728 0.755 0.308 0.278 0.278 0.278 
0.556 0.759 0.725 0.755 0.308 0.222 0.278 0.222 
0.542 0.769 0.727 0.679 0.385 0.278 0.278 0.278 
0.536 0.750 0.722 0.717 0.385 0.278 0.278 0.278 
0.522 0.788 0.724 0.717 0.385 0.278 0.278 0.278 
0.518 0.802 0.759 0.698 0.385 0.278 0.278 0.278 
0.557 0.745 0.769 0.717 0.385 0.278 0.278 0.278 
0.530 0.788 0.732 0.698 0.462 0.333 0.333 0.333 
0.557 0.769 0.720 0.736 0.462 0.333 0.333 0.333 
0.541 0.764 0.694 0.736 0.462 0.333 0.333 0.333 
0.536 0.769 0.677 0.736 0.462 0.333 0.333 0.333 
0.547 0.759 0.677 0.717 0.462 0.333 0.333 0.333 
0.525 0.755 0.672 0.698 0.462 0.333 0.333 0.333 
0.561 0.755 0.681 0.717 0.462 0.333 0.333 0.333 
0.551 0.750 0.675 0.736 0.462 0.333 0.333 0.333 
0.535 0.778 0.675 0.717 0.462 0.333 0.333 0.333 
0.529 0.764 0.699 0.736 0.385 0.278 0.278 0.278 
0.521 0.783 0.734 0.717 0.385 0.278 0.278 0.278 
0.510 0.788 0.751 0.717 0.308 0.222 0.222 0.222 
0.523 0.778 0.756 0.698 0.385 0.278 0.278 0.278 
0.530 0.764 0.723 0.660 0.462 0.333 0.333 0.333 
0.545 0.745 0.741 0.698 0.308 0.222 0.278 0.222 
0.520 0.783 0.700 0.717 0.462 0.333 0.333 0.333 
0.548 0.759 0.749 0.679 0.385 0.278 0.278 0.278 
0.515 0.807 0.695 0.698 0.462 0.333 0.333 0.333 
0.509 0.778 0.691 0.736 0.385 0.278 0.278 0.278 
0.519 0.774 0.684 0.736 0.462 0.333 0.333 0.333 
0.544 0.778 0.726 0.755 0.308 0.222 0.222 0.222 
0.539 0.755 0.693 0.736 0.385 0.278 0.278 0.278 
0.517 0.769 0.707 0.698 0.385 0.278 0.278 0.278 
0.508 0.788 0.702 0.736 0.385 0.278 0.278 0.278 
0.515 0.774 0.781 0.717 0.308 0.222 0.222 0.222 
0.517 0.778 0.734 0.698 0.385 0.278 0.278 0.278 
0.507 0.769 0.688 0.698 0.462 0.333 0.333 0.333 
0.532 0.774 0.706 0.717 0.385 0.278 0.278 0.278 
0.518 0.759 0.716 0.736 0.308 0.222 0.222 0.222 
0.498 0.778 0.699 0.736 0.385 0.278 0.278 0.278 
0.501 0.778 0.703 0.755 0.308 0.222 0.222 0.222 
0.501 0.769 0.716 0.755 0.385 0.278 0.278 0.278 
0.500 0.778 0.729 0.736 0.385 0.278 0.278 0.278 
0.493 0.788 0.776 0.679 0.385 0.278 0.278 0.278 
0.528 0.778 0.791 0.717 0.308 0.278 0.278 0.222 
0.488 0.774 0.704 0.736 0.462 0.333 0.333 0.333 
0.507 0.783 0.693 0.717 0.462 0.333 0.389 0.333 
0.499 0.778 0.762 0.679 0.385 0.278 0.278 0.278 
0.518 0.774 0.727 0.698 0.385 0.278 0.278 0.278 
0.497 0.807 0.682 0.736 0.462 0.333 0.333 0.333 
0.537 0.769 0.687 0.755 0.385 0.278 0.278 0.278 
0.481 0.792 0.705 0.660 0.462 0.333 0.333 0.278 
0.489 0.750 0.695 0.698 0.385 0.278 0.278 0.278 
0.490 0.792 0.678 0.736 0.462 0.333 0.333 0.333 
0.518 0.788 0.685 0.717 0.462 0.333 0.333 0.333 
0.487 0.788 0.655 0.717 0.462 0.333 0.333 0.333 
0.512 0.774 0.678 0.736 0.385 0.278 0.278 0.278 
0.514 0.788 0.668 0.755 0.385 0.278 0.278 0.278 
0.490 0.774 0.673 0.736 0.385 0.278 0.278 0.278 
0.503 0.783 0.676 0.736 0.385 0.278 0.278 0.278 
0.502 0.783 0.699 0.698 0.385 0.278 0.278 0.278 
0.549 0.750 0.828 0.679 0.308 0.222 0.222 0.222 
0.525 0.778 0.690 0.736 0.462 0.333 0.333 0.333 
0.497 0.778 0.639 0.736 0.538 0.389 0.389 0.389 
0.510 0.745 0.660 0.698 0.538 0.389 0.389 0.389 
0.478 0.769 0.698 0.679 0.462 0.333 0.333 0.333 
0.524 0.759 0.680 0.698 0.385 0.278 0.278 0.278 
0.523 0.750 0.659 0.717 0.538 0.389 0.389 0.389 
0.514 0.783 0.639 0.717 0.615 0.500 0.556 0.500 
0.497 0.774 0.674 0.698 0.385 0.278 0.278 0.278 
0.480 0.788 0.698 0.698 0.385 0.278 0.278 0.278 
0.489 0.783 0.697 0.698 0.385 0.278 0.278 0.278 
0.496 0.788 0.663 0.679 0.462 0.333 0.333 0.333 
0.492 0.797 0.675 0.679 0.462 0.333 0.333 0.333 
0.505 0.778 0.702 0.698 0.385 0.278 0.278 0.278 
0.490 0.764 0.691 0.679 0.462 0.333 0.333 0.333 
0.485 0.788 0.656 0.698 0.538 0.389 0.389 0.389 
0.487 0.788 0.648 0.736 0.385 0.278 0.278 0.278 
0.494 0.764 0.646 0.736 0.385 0.278 0.278 0.278 
0.531 0.783 0.649 0.736 0.385 0.278 0.278 0.278 
0.490 0.769 0.619 0.717 0.538 0.389 0.389 0.389 
0.472 0.788 0.648 0.755 0.385 0.278 0.278 0.278 
0.485 0.788 0.669 0.736 0.385 0.278 0.278 0.278 
0.484 0.783 0.707 0.698 0.385 0.278 0.278 0.278 
0.481 0.792 0.655 0.698 0.538 0.389 0.389 0.389 
0.534 0.759 0.643 0.698 0.538 0.389 0.389 0.389 
0.498 0.769 0.637 0.717 0.538 0.389 0.389 0.389 
0.489 0.788 0.694 0.698 0.385 0.278 0.278 0.278 
0.480 0.797 0.674 0.698 0.385 0.278 0.278 0.278 
0.502 0.774 0.650 0.717 0.538 0.389 0.389 0.389 
0.489 0.769 0.632 0.698 0.538 0.389 0.389 0.389 
0.498 0.778 0.676 0.698 0.385 0.278 0.278 0.278 
0.490 0.783 0.653 0.736 0.385 0.278 0.333 0.333 
0.482 0.788 0.636 0.717 0.538 0.389 0.389 0.389 
0.515 0.783 0.634 0.717 0.538 0.389 0.389 0.389 
0.492 0.783 0.643 0.660 0.538 0.389 0.389 0.389 
0.502 0.778 0.657 0.660 0.538 0.389 0.389 0.389 
0.477 0.788 0.619 0.698 0.538 0.389 0.389 0.389 
0.505 0.788 0.656 0.679 0.462 0.333 0.333 0.333 
0.497 0.792 0.644 0.660 0.538 0.389 0.389 0.389 
0.484 0.788 0.632 0.679 0.538 0.389 0.389 0.389 
0.481 0.792 0.633 0.679 0.462 0.333 0.333 0.333 
0.469 0.774 0.636 0.717 0.538 0.389 0.389 0.389 
0.475 0.783 0.650 0.736 0.385 0.278 0.278 0.278 
0.493 0.778 0.660 0.736 0.385 0.278 0.278 0.278 
0.482 0.778 0.629 0.717 0.462 0.333 0.333 0.333 
0.489 0.769 0.655 0.660 0.538 0.389 0.389 0.389 
0.495 0.778 0.683 0.679 0.462 0.333 0.333 0.333 
0.500 0.778 0.687 0.679 0.462 0.333 0.333 0.333 
0.486 0.778 0.636 0.660 0.538 0.389 0.389 0.389 
0.482 0.788 0.651 0.660 0.538 0.389 0.389 0.389 
0.494 0.783 0.652 0.679 0.462 0.333 0.333 0.333 
0.499 0.788 0.633 0.717 0.462 0.333 0.333 0.333 
0.470 0.783 0.636 0.717 0.538 0.389 0.389 0.389 
0.476 0.778 0.635 0.717 0.538 0.389 0.389 0.389 
0.472 0.783 0.638 0.679 0.462 0.333 0.333 0.333 
0.483 0.778 0.618 0.698 0.538 0.333 0.333 0.333 
0.483 0.788 0.609 0.736 0.538 0.389 0.389 0.389 
0.477 0.797 0.654 0.698 0.462 0.333 0.333 0.333 
0.476 0.783 0.663 0.679 0.462 0.333 0.333 0.333 
0.497 0.774 0.615 0.698 0.538 0.389 0.389 0.389 
0.481 0.778 0.589 0.736 0.538 0.389 0.389 0.389 
0.497 0.778 0.652 0.717 0.462 0.333 0.333 0.333 
0.497 0.774 0.652 0.679 0.462 0.333 0.333 0.333 
0.487 0.783 0.605 0.717 0.538 0.389 0.389 0.389 
0.475 0.774 0.609 0.774 0.538 0.389 0.444 0.389 
0.485 0.783 0.630 0.736 0.462 0.333 0.333 0.333 
0.475 0.792 0.705 0.698 0.308 0.222 0.222 0.222 
0.462 0.792 0.652 0.698 0.385 0.278 0.278 0.278 
0.466 0.797 0.623 0.679 0.462 0.333 0.333 0.333 
0.488 0.783 0.628 0.698 0.462 0.333 0.333 0.333 
0.497 0.769 0.664 0.698 0.462 0.278 0.278 0.333 
0.472 0.769 0.646 0.736 0.462 0.333 0.333 0.333 
0.484 0.788 0.606 0.736 0.538 0.389 0.389 0.389 
0.484 0.778 0.583 0.755 0.538 0.389 0.389 0.389 
0.492 0.778 0.633 0.717 0.462 0.333 0.333 0.333 
0.468 0.778 0.725 0.698 0.308 0.222 0.222 0.222 
0.501 0.774 0.695 0.736 0.308 0.222 0.222 0.222 
0.481 0.778 0.644 0.736 0.462 0.333 0.333 0.333 
0.477 0.788 0.616 0.736 0.538 0.389 0.389 0.389 
0.473 0.783 0.621 0.698 0.462 0.333 0.333 0.333 
0.472 0.774 0.648 0.679 0.462 0.333 0.333 0.333 
0.472 0.778 0.680 0.679 0.462 0.333 0.333 0.333 
0.501 0.778 0.644 0.736 0.462 0.333 0.333 0.333 
0.470 0.788 0.601 0.698 0.538 0.389 0.389 0.389 
0.499 0.788 0.594 0.698 0.538 0.389 0.389 0.389 
0.503 0.769 0.589 0.736 0.538 0.389 0.389 0.389 
0.482 0.783 0.605 0.736 0.462 0.333 0.333 0.333 
0.475 0.783 0.647 0.717 0.462 0.333 0.333 0.333 
0.463 0.783 0.645 0.679 0.462 0.333 0.333 0.333 
0.476 0.778 0.623 0.679 0.462 0.333 0.333 0.333 
0.471 0.797 0.623 0.717 0.462 0.333 0.333 0.333 
0.498 0.764 0.665 0.736 0.385 0.278 0.222 0.278 
0.465 0.769 0.609 0.736 0.462 0.333 0.333 0.333 
0.459 0.764 0.606 0.679 0.462 0.333 0.333 0.333 
0.488 0.788 0.631 0.679 0.462 0.333 0.333 0.333 
0.455 0.807 0.626 0.717 0.462 0.333 0.333 0.333 
0.481 0.792 0.630 0.736 0.462 0.333 0.333 0.333 
0.497 0.792 0.609 0.755 0.462 0.333 0.333 0.333 
0.455 0.783 0.578 0.736 0.538 0.389 0.389 0.389 
0.484 0.783 0.660 0.679 0.462 0.333 0.333 0.333 
0.490 0.778 0.650 0.679 0.462 0.333 0.333 0.333 
0.488 0.783 0.635 0.736 0.462 0.333 0.333 0.333 
0.496 0.788 0.637 0.736 0.462 0.333 0.333 0.333 
0.467 0.802 0.602 0.717 0.462 0.333 0.333 0.333 
0.483 0.797 0.578 0.736 0.538 0.389 0.389 0.389 
0.484 0.774 0.575 0.736 0.538 0.389 0.389 0.389 
0.487 0.797 0.581 0.755 0.462 0.333 0.333 0.333 
0.462 0.783 0.606 0.679 0.462 0.333 0.333 0.333 
0.486 0.783 0.593 0.736 0.462 0.333 0.333 0.333 
0.459 0.769 0.571 0.736 0.538 0.389 0.389 0.389 
0.460 0.802 0.599 0.736 0.462 0.333 0.333 0.333 
0.474 0.783 0.617 0.736 0.462 0.333 0.333 0.333 
0.462 0.778 0.626 0.679 0.462 0.333 0.333 0.333 
0.486 0.769 0.588 0.755 0.462 0.333 0.333 0.333 
0.481 0.778 0.587 0.736 0.538 0.333 0.333 0.333 
0.477 0.778 0.606 0.736 0.462 0.333 0.333 0.333 
0.448 0.783 0.593 0.755 0.462 0.333 0.333 0.333 
0.470 0.783 0.585 0.736 0.462 0.333 0.333 0.333 
0.476 0.783 0.592 0.717 0.462 0.333 0.333 0.333 
0.472 0.792 0.584 0.736 0.538 0.389 0.389 0.389 
0.492 0.783 0.627 0.679 0.462 0.333 0.278 0.333 
0.480 0.774 0.581 0.736 0.462 0.333 0.333 0.333 
0.467 0.792 0.575 0.755 0.462 0.333 0.333 0.333 
0.459 0.778 0.580 0.755 0.462 0.333 0.333 0.333 
0.467 0.769 0.605 0.717 0.462 0.333 0.333 0.333 
0.487 0.778 0.595 0.698 0.462 0.333 0.333 0.333 
0.469 0.778 0.564 0.774 0.462 0.333 0.333 0.333 
0.489 0.778 0.572 0.755 0.462 0.333 0.333 0.333 
0.500 0.769 0.622 0.679 0.385 0.278 0.278 0.278 
0.457 0.764 0.619 0.736 0.462 0.333 0.333 0.333 
0.462 0.783 0.618 0.736 0.462 0.333 0.333 0.333 
0.478 0.788 0.592 0.755 0.462 0.333 0.333 0.333 
0.456 0.783 0.591 0.755 0.462 0.333 0.333 0.333 
0.459 0.792 0.621 0.698 0.385 0.278 0.278 0.278 
0.468 0.769 0.614 0.717 0.462 0.333 0.278 0.333 
0.467 0.783 0.594 0.755 0.462 0.333 0.333 0.333 
0.469 0.788 0.564 0.774 0.462 0.333 0.333 0.333 
0.474 0.783 0.604 0.698 0.462 0.333 0.278 0.333 
0.466 0.774 0.648 0.698 0.308 0.222 0.222 0.222 
0.494 0.764 0.647 0.755 0.308 0.222 0.222 0.222 
0.479 0.774 0.578 0.755 0.462 0.333 0.333 0.333 
0.466 0.778 0.586 0.755 0.462 0.333 0.333 0.333 
0.470 0.797 0.601 0.736 0.462 0.333 0.333 0.333 
0.471 0.783 0.601 0.698 0.462 0.333 0.278 0.333 
0.469 0.783 0.637 0.698 0.385 0.278 0.278 0.278 
0.467 0.788 0.619 0.736 0.462 0.333 0.333 0.333 
0.468 0.769 0.603 0.755 0.462 0.333 0.333 0.333 
0.475 0.797 0.588 0.736 0.462 0.333 0.333 0.333 
0.475 0.774 0.579 0.736 0.462 0.333 0.333 0.333 
0.469 0.783 0.564 0.755 0.462 0.333 0.333 0.333 
0.488 0.774 0.574 0.755 0.462 0.333 0.333 0.333 
0.476 0.769 0.579 0.755 0.385 0.278 0.278 0.278 
0.462 0.778 0.599 0.755 0.385 0.278 0.278 0.278 
0.471 0.769 0.620 0.736 0.385 0.278 0.278 0.278 
0.456 0.788 0.590 0.755 0.462 0.333 0.333 0.333 
0.467 0.792 0.622 0.717 0.385 0.278 0.278 0.278 
0.472 0.778 0.643 0.717 0.462 0.333 0.333 0.333 
0.461 0.783 0.630 0.736 0.462 0.333 0.333 0.333 
0.467 0.788 0.641 0.679 0.385 0.278 0.278 0.278 
0.489 0.769 0.604 0.698 0.462 0.333 0.333 0.333 
0.445 0.774 0.576 0.755 0.462 0.333 0.333 0.333 
0.459 0.783 0.585 0.755 0.462 0.333 0.333 0.333 
0.490 0.783 0.649 0.736 0.385 0.278 0.278 0.278 
0.474 0.774 0.627 0.755 0.462 0.333 0.333 0.333 
0.451 0.792 0.613 0.717 0.462 0.333 0.333 0.333 
0.460 0.788 0.590 0.736 0.462 0.333 0.333 0.333 
0.475 0.797 0.610 0.755 0.462 0.333 0.333 0.333 
0.453 0.774 0.602 0.755 0.462 0.333 0.333 0.333 
0.466 0.783 0.606 0.736 0.385 0.278 0.278 0.278 
0.471 0.778 0.615 0.717 0.385 0.278 0.278 0.278 
0.448 0.792 0.632 0.717 0.385 0.278 0.278 0.278 
0.454 0.797 0.627 0.755 0.385 0.278 0.278 0.278 
0.490 0.778 0.618 0.755 0.462 0.333 0.333 0.333 
0.468 0.792 0.602 0.755 0.462 0.333 0.333 0.333 
0.454 0.778 0.589 0.755 0.385 0.278 0.278 0.278 
0.446 0.807 0.598 0.717 0.385 0.278 0.222 0.278 
0.479 0.783 0.644 0.736 0.308 0.222 0.222 0.222 
0.453 0.774 0.601 0.774 0.385 0.278 0.278 0.278 
0.487 0.811 0.612 0.755 0.385 0.278 0.278 0.278 
0.462 0.783 0.585 0.774 0.385 0.278 0.278 0.278 
0.462 0.769 0.569 0.736 0.385 0.278 0.278 0.278 
0.454 0.792 0.585 0.755 0.385 0.278 0.278 0.278 
0.481 0.788 0.619 0.755 0.385 0.278 0.278 0.278 
0.457 0.807 0.614 0.717 0.385 0.278 0.278 0.278 
0.478 0.788 0.600 0.755 0.385 0.278 0.278 0.278 
0.454 0.797 0.590 0.736 0.462 0.333 0.278 0.333 
0.474 0.792 0.594 0.755 0.462 0.333 0.389 0.333 
0.455 0.788 0.597 0.755 0.462 0.333 0.333 0.333 
0.474 0.802 0.590 0.755 0.462 0.333 0.333 0.333 
0.463 0.774 0.586 0.755 0.462 0.333 0.333 0.333 
0.471 0.783 0.606 0.736 0.385 0.278 0.278 0.278 
0.465 0.788 0.642 0.717 0.385 0.278 0.278 0.278 
0.475 0.783 0.620 0.736 0.385 0.278 0.278 0.278 
0.446 0.802 0.606 0.755 0.385 0.278 0.278 0.278 
0.492 0.792 0.607 0.736 0.385 0.278 0.278 0.278 
0.468 0.788 0.570 0.736 0.462 0.333 0.333 0.333 
0.450 0.778 0.573 0.736 0.462 0.278 0.278 0.278 
0.477 0.769 0.639 0.698 0.385 0.278 0.278 0.278 
0.456 0.788 0.613 0.717 0.385 0.278 0.278 0.278 
0.476 0.788 0.586 0.755 0.462 0.333 0.333 0.333 
0.491 0.769 0.562 0.755 0.538 0.389 0.389 0.389 
0.470 0.788 0.578 0.736 0.462 0.333 0.333 0.333 
0.479 0.792 0.584 0.736 0.462 0.333 0.333 0.333 
0.439 0.788 0.589 0.755 0.462 0.333 0.333 0.333 
0.477 0.788 0.583 0.755 0.462 0.333 0.333 0.333 
0.442 0.783 0.570 0.755 0.462 0.333 0.333 0.333 
0.449 0.788 0.566 0.755 0.462 0.333 0.333 0.333 
0.491 0.774 0.582 0.755 0.462 0.333 0.333 0.333 
0.454 0.797 0.579 0.755 0.462 0.333 0.333 0.333 
0.461 0.788 0.573 0.755 0.462 0.333 0.333 0.333 
0.470 0.792 0.561 0.774 0.462 0.333 0.333 0.333 
0.471 0.802 0.553 0.792 0.462 0.333 0.333 0.333 
0.455 0.792 0.588 0.736 0.462 0.333 0.333 0.333 
0.472 0.788 0.613 0.698 0.385 0.278 0.278 0.278 
0.470 0.797 0.604 0.755 0.385 0.278 0.278 0.278 
0.450 0.792 0.569 0.755 0.462 0.333 0.333 0.333 
0.459 0.783 0.566 0.736 0.538 0.389 0.389 0.389 
0.463 0.802 0.566 0.736 0.462 0.333 0.333 0.333 
0.483 0.778 0.595 0.736 0.385 0.278 0.278 0.278 
0.471 0.788 0.613 0.736 0.385 0.278 0.278 0.278 
0.451 0.788 0.574 0.755 0.462 0.333 0.278 0.278 
0.451 0.792 0.586 0.736 0.385 0.278 0.278 0.278 
0.462 0.788 0.599 0.717 0.385 0.278 0.278 0.278 
0.467 0.811 0.590 0.736 0.385 0.278 0.278 0.278 
0.465 0.788 0.577 0.755 0.385 0.278 0.278 0.278 
0.470 0.778 0.565 0.755 0.462 0.333 0.333 0.333 
0.462 0.792 0.587 0.755 0.462 0.333 0.333 0.333 
0.456 0.783 0.611 0.736 0.385 0.278 0.278 0.278 
0.450 0.807 0.594 0.717 0.462 0.333 0.278 0.333 
0.463 0.774 0.583 0.755 0.462 0.333 0.333 0.333 
0.451 0.788 0.598 0.774 0.385 0.278 0.278 0.278 
0.486 0.774 0.609 0.755 0.462 0.333 0.333 0.333 
0.464 0.783 0.573 0.755 0.462 0.333 0.333 0.333 
0.467 0.783 0.572 0.755 0.462 0.333 0.333 0.333 
0.466 0.797 0.579 0.755 0.462 0.333 0.278 0.278 
0.459 0.783 0.583 0.774 0.385 0.278 0.278 0.278 
0.467 0.792 0.586 0.755 0.385 0.278 0.278 0.278 
0.457 0.788 0.584 0.736 0.385 0.278 0.278 0.278 
0.462 0.792 0.574 0.736 0.385 0.278 0.278 0.278 
0.465 0.792 0.586 0.755 0.385 0.278 0.278 0.278 
0.494 0.778 0.577 0.755 0.462 0.333 0.333 0.333 
0.450 0.792 0.572 0.736 0.462 0.333 0.333 0.333 
0.478 0.788 0.592 0.755 0.462 0.278 0.278 0.278 
0.458 0.792 0.602 0.736 0.385 0.278 0.278 0.278 
0.461 0.788 0.602 0.755 0.385 0.278 0.278 0.278 
0.458 0.783 0.577 0.755 0.462 0.333 0.333 0.333 
0.472 0.783 0.577 0.755 0.462 0.333 0.333 0.333 
0.480 0.769 0.571 0.755 0.462 0.333 0.333 0.333 
0.460 0.783 0.577 0.755 0.462 0.333 0.333 0.333 
0.442 0.792 0.592 0.755 0.462 0.333 0.333 0.333 
0.470 0.778 0.597 0.755 0.462 0.333 0.333 0.333 
0.455 0.783 0.594 0.755 0.462 0.333 0.333 0.333 
0.455 0.783 0.579 0.755 0.462 0.333 0.333 0.333 
0.448 0.783 0.571 0.755 0.462 0.333 0.278 0.333 
0.461 0.807 0.603 0.755 0.385 0.278 0.278 0.278 
0.464 0.778 0.640 0.698 0.385 0.222 0.222 0.222 
0.462 0.783 0.649 0.717 0.308 0.222 0.222 0.222 
0.458 0.783 0.592 0.755 0.385 0.278 0.278 0.278 
0.467 0.797 0.572 0.774 0.385 0.278 0.278 0.278 
0.461 0.792 0.573 0.774 0.385 0.278 0.278 0.278 
0.480 0.797 0.583 0.755 0.385 0.278 0.278 0.278 
0.460 0.774 0.594 0.755 0.385 0.278 0.278 0.278 
0.457 0.778 0.581 0.755 0.385 0.278 0.278 0.278 
0.459 0.788 0.589 0.698 0.385 0.278 0.278 0.278 
0.465 0.797 0.580 0.736 0.385 0.278 0.278 0.278 
0.445 0.788 0.555 0.774 0.385 0.278 0.278 0.278 
0.449 0.802 0.566 0.774 0.385 0.278 0.278 0.278 
0.472 0.783 0.574 0.755 0.462 0.333 0.278 0.333 
0.453 0.783 0.579 0.774 0.385 0.278 0.278 0.278 
0.458 0.807 0.570 0.774 0.385 0.278 0.278 0.278 
0.469 0.783 0.550 0.755 0.462 0.333 0.278 0.278 
0.457 0.797 0.541 0.774 0.462 0.333 0.333 0.333 
0.449 0.811 0.573 0.774 0.385 0.278 0.278 0.278 
0.480 0.783 0.635 0.755 0.308 0.222 0.222 0.222 
0.461 0.797 0.603 0.755 0.385 0.278 0.278 0.278 
0.463 0.788 0.572 0.774 0.385 0.278 0.278 0.278 
0.481 0.797 0.561 0.755 0.462 0.333 0.333 0.333 
0.470 0.792 0.569 0.755 0.462 0.333 0.333 0.333 
0.458 0.816 0.571 0.755 0.385 0.278 0.278 0.278 
0.467 0.778 0.578 0.774 0.385 0.278 0.278 0.278 
0.463 0.792 0.553 0.774 0.462 0.333 0.333 0.333 
0.456 0.783 0.546 0.774 0.462 0.333 0.333 0.333 
0.463 0.797 0.560 0.736 0.385 0.278 0.278 0.278 
0.462 0.792 0.567 0.774 0.385 0.278 0.278 0.278 
0.451 0.792 0.559 0.774 0.385 0.278 0.278 0.278 
0.453 0.797 0.557 0.774 0.385 0.278 0.278 0.278 
0.461 0.774 0.571 0.774 0.385 0.278 0.278 0.278 
0.459 0.797 0.559 0.774 0.462 0.333 0.333 0.333 
0.460 0.774 0.568 0.698 0.462 0.333 0.278 0.278 
0.483 0.783 0.575 0.736 0.385 0.278 0.278 0.278 
0.436 0.797 0.576 0.755 0.385 0.278 0.278 0.278 
0.460 0.788 0.600 0.755 0.385 0.222 0.222 0.222 
0.450 0.783 0.594 0.698 0.385 0.278 0.278 0.278 
0.443 0.797 0.579 0.717 0.385 0.278 0.278 0.278 
0.480 0.816 0.582 0.698 0.385 0.278 0.278 0.278 
0.454 0.792 0.563 0.774 0.385 0.278 0.278 0.278 
0.444 0.783 0.584 0.755 0.385 0.278 0.278 0.278 
0.465 0.792 0.599 0.755 0.385 0.278 0.278 0.278 
0.465 0.783 0.609 0.755 0.385 0.278 0.278 0.278 
0.460 0.788 0.583 0.755 0.385 0.278 0.278 0.278 
0.452 0.778 0.577 0.717 0.385 0.278 0.278 0.278 
0.449 0.797 0.589 0.755 0.385 0.278 0.278 0.278 
0.455 0.778 0.566 0.755 0.462 0.333 0.333 0.333 
0.463 0.797 0.557 0.755 0.462 0.333 0.333 0.333 
0.451 0.774 0.551 0.774 0.385 0.278 0.278 0.278 
0.451 0.797 0.543 0.792 0.462 0.333 0.333 0.333 
0.469 0.792 0.553 0.755 0.462 0.333 0.278 0.278 
0.449 0.792 0.555 0.755 0.462 0.333 0.333 0.333 
0.436 0.797 0.578 0.774 0.385 0.278 0.278 0.278 
0.446 0.802 0.577 0.774 0.385 0.278 0.278 0.278 
0.475 0.792 0.568 0.755 0.462 0.333 0.278 0.278 
0.473 0.788 0.552 0.774 0.462 0.333 0.333 0.333 
0.479 0.802 0.567 0.755 0.462 0.333 0.333 0.333 
0.445 0.778 0.576 0.755 0.462 0.333 0.333 0.333 
0.453 0.811 0.578 0.755 0.462 0.278 0.278 0.278 
0.458 0.783 0.577 0.774 0.385 0.278 0.278 0.278 
0.446 0.797 0.552 0.755 0.462 0.333 0.278 0.278 
0.458 0.774 0.552 0.755 0.462 0.333 0.333 0.333 
0.462 0.788 0.548 0.774 0.462 0.333 0.333 0.333 
0.469 0.797 0.548 0.774 0.462 0.333 0.333 0.333 
0.465 0.807 0.565 0.755 0.462 0.333 0.278 0.278 
0.445 0.792 0.575 0.774 0.385 0.278 0.278 0.278 
0.455 0.783 0.576 0.755 0.462 0.278 0.278 0.278 
0.446 0.797 0.566 0.755 0.462 0.333 0.333 0.333 
0.441 0.769 0.577 0.774 0.385 0.278 0.278 0.278 
0.477 0.788 0.592 0.755 0.385 0.278 0.278 0.278 
0.461 0.797 0.571 0.755 0.385 0.278 0.278 0.278 
0.473 0.774 0.561 0.774 0.385 0.278 0.278 0.278 
0.463 0.788 0.547 0.774 0.462 0.333 0.333 0.333 
0.459 0.797 0.551 0.774 0.462 0.333 0.333 0.333 
0.467 0.783 0.576 0.774 0.385 0.278 0.278 0.278 
0.461 0.788 0.569 0.774 0.385 0.278 0.278 0.278 
0.458 0.797 0.565 0.774 0.385 0.278 0.278 0.278 
0.446 0.802 0.560 0.774 0.385 0.278 0.278 0.278 
0.456 0.797 0.555 0.755 0.385 0.278 0.278 0.278 
0.461 0.802 0.558 0.755 0.385 0.278 0.278 0.278 
0.460 0.788 0.559 0.755 0.462 0.333 0.278 0.333 
0.459 0.788 0.567 0.755 0.462 0.333 0.278 0.278 
0.468 0.811 0.583 0.774 0.385 0.278 0.278 0.278 
0.444 0.807 0.564 0.774 0.385 0.278 0.278 0.278 
0.465 0.788 0.562 0.755 0.462 0.333 0.278 0.278 
0.453 0.792 0.557 0.755 0.385 0.278 0.278 0.278 
0.463 0.797 0.567 0.755 0.385 0.278 0.278 0.278 
0.470 0.788 0.571 0.755 0.385 0.278 0.278 0.278 
0.453 0.788 0.579 0.755 0.385 0.278 0.278 0.278 
0.444 0.797 0.568 0.755 0.385 0.278 0.278 0.278 
0.472 0.783 0.561 0.774 0.385 0.278 0.278 0.278 
0.467 0.792 0.556 0.792 0.385 0.278 0.278 0.278 
0.445 0.811 0.564 0.774 0.385 0.278 0.278 0.278 
0.481 0.774 0.596 0.755 0.385 0.278 0.278 0.278 
0.454 0.778 0.577 0.774 0.385 0.278 0.278 0.278 
0.451 0.802 0.562 0.755 0.385 0.278 0.278 0.278 
0.457 0.792 0.566 0.755 0.385 0.278 0.278 0.278 
0.446 0.797 0.548 0.774 0.462 0.333 0.333 0.333 
0.462 0.783 0.563 0.774 0.385 0.278 0.278 0.278 
0.448 0.792 0.553 0.792 0.385 0.278 0.278 0.278 
0.456 0.792 0.550 0.792 0.385 0.278 0.278 0.278 
0.458 0.792 0.554 0.774 0.385 0.278 0.278 0.278 
0.463 0.792 0.553 0.774 0.462 0.333 0.333 0.333 
0.464 0.788 0.567 0.755 0.385 0.278 0.278 0.278 
0.463 0.792 0.561 0.755 0.462 0.333 0.278 0.333 
0.447 0.783 0.555 0.774 0.462 0.333 0.333 0.333 
0.461 0.797 0.546 0.774 0.462 0.333 0.333 0.333 
0.470 0.764 0.570 0.774 0.385 0.278 0.278 0.278 
0.465 0.792 0.564 0.774 0.385 0.278 0.278 0.278 
0.458 0.792 0.565 0.774 0.385 0.278 0.278 0.278 
0.464 0.778 0.559 0.774 0.385 0.278 0.278 0.278 
0.462 0.792 0.568 0.774 0.385 0.278 0.278 0.278 
0.445 0.797 0.564 0.755 0.385 0.278 0.278 0.278 
0.444 0.807 0.551 0.792 0.385 0.278 0.278 0.278 
0.455 0.802 0.554 0.774 0.385 0.278 0.278 0.278 
0.454 0.792 0.562 0.755 0.385 0.278 0.278 0.278 
0.460 0.797 0.567 0.755 0.385 0.278 0.278 0.278 
0.471 0.792 0.585 0.755 0.385 0.278 0.278 0.278 
0.460 0.788 0.569 0.755 0.385 0.278 0.278 0.278 
0.450 0.774 0.570 0.755 0.385 0.278 0.278 0.278 
0.457 0.783 0.563 0.755 0.385 0.278 0.278 0.278 
0.465 0.788 0.558 0.774 0.385 0.278 0.278 0.278 
0.451 0.797 0.550 0.792 0.385 0.278 0.278 0.278 
0.452 0.802 0.549 0.792 0.385 0.278 0.278 0.278 
0.454 0.792 0.547 0.792 0.385 0.278 0.278 0.278 
0.456 0.788 0.565 0.755 0.385 0.278 0.278 0.278 
0.460 0.783 0.561 0.774 0.385 0.278 0.278 0.278 
0.462 0.783 0.564 0.755 0.385 0.278 0.278 0.278 
0.451 0.788 0.546 0.774 0.385 0.278 0.278 0.278 
0.457 0.783 0.546 0.774 0.462 0.333 0.278 0.278 
0.473 0.788 0.545 0.792 0.385 0.278 0.278 0.278 
0.456 0.788 0.543 0.774 0.462 0.333 0.278 0.278 
0.449 0.797 0.550 0.792 0.385 0.278 0.278 0.278 
0.446 0.783 0.555 0.774 0.385 0.278 0.278 0.278 
0.466 0.792 0.562 0.774 0.385 0.278 0.278 0.278 
0.476 0.769 0.556 0.774 0.385 0.278 0.278 0.278 
0.461 0.797 0.555 0.774 0.385 0.278 0.278 0.278 
0.447 0.792 0.572 0.755 0.385 0.278 0.278 0.278 
0.473 0.797 0.578 0.736 0.385 0.278 0.278 0.278 
0.459 0.783 0.556 0.774 0.385 0.278 0.278 0.278 
0.446 0.797 0.547 0.774 0.462 0.333 0.278 0.333 
0.445 0.792 0.561 0.774 0.385 0.278 0.278 0.278 
0.457 0.788 0.565 0.755 0.385 0.278 0.278 0.278 
0.462 0.792 0.577 0.774 0.385 0.278 0.278 0.278 
0.471 0.783 0.577 0.736 0.385 0.278 0.278 0.278 
0.454 0.792 0.558 0.774 0.385 0.278 0.278 0.278 
0.438 0.788 0.542 0.792 0.462 0.333 0.333 0.333 
0.436 0.797 0.545 0.774 0.385 0.278 0.278 0.278 
0.447 0.797 0.552 0.774 0.385 0.278 0.278 0.278 
0.450 0.792 0.559 0.774 0.385 0.278 0.278 0.278 
0.459 0.788 0.554 0.774 0.385 0.278 0.278 0.278 
0.457 0.797 0.542 0.811 0.385 0.278 0.278 0.278 
0.445 0.788 0.542 0.774 0.462 0.333 0.278 0.278 
0.460 0.792 0.550 0.774 0.385 0.278 0.278 0.278 
0.466 0.797 0.563 0.774 0.385 0.278 0.278 0.278 
0.451 0.788 0.556 0.774 0.385 0.278 0.278 0.278 
0.456 0.788 0.556 0.774 0.385 0.278 0.278 0.278 
0.463 0.788 0.551 0.774 0.385 0.278 0.278 0.278 
0.456 0.802 0.553 0.774 0.385 0.278 0.278 0.278 
0.439 0.802 0.550 0.774 0.462 0.333 0.333 0.333 
0.463 0.788 0.547 0.774 0.462 0.333 0.333 0.333 
0.474 0.807 0.577 0.755 0.462 0.333 0.333 0.333 
0.451 0.778 0.571 0.774 0.385 0.278 0.278 0.278 
0.448 0.788 0.557 0.774 0.462 0.333 0.333 0.333 
0.453 0.778 0.547 0.755 0.538 0.333 0.333 0.333 
0.456 0.774 0.541 0.774 0.538 0.389 0.389 0.389 
0.462 0.802 0.552 0.774 0.462 0.333 0.333 0.333 
0.468 0.802 0.557 0.774 0.462 0.333 0.333 0.333 
0.450 0.807 0.552 0.774 0.385 0.278 0.278 0.278 
0.436 0.802 0.559 0.792 0.385 0.278 0.278 0.278 
0.467 0.792 0.560 0.774 0.385 0.278 0.278 0.278 
0.447 0.792 0.544 0.774 0.462 0.333 0.333 0.333 
0.458 0.792 0.548 0.774 0.462 0.333 0.333 0.333 
0.459 0.797 0.542 0.792 0.462 0.333 0.333 0.333 
0.444 0.788 0.547 0.774 0.462 0.333 0.333 0.333 
0.470 0.792 0.553 0.774 0.462 0.333 0.333 0.333 
0.457 0.792 0.556 0.774 0.462 0.333 0.333 0.333 
0.440 0.797 0.553 0.774 0.462 0.333 0.278 0.278 
0.440 0.797 0.552 0.774 0.385 0.278 0.278 0.278 
0.451 0.788 0.550 0.792 0.385 0.278 0.278 0.278 
0.442 0.802 0.548 0.792 0.385 0.278 0.278 0.278 
0.445 0.807 0.555 0.774 0.385 0.278 0.278 0.278 
0.456 0.807 0.557 0.774 0.385 0.278 0.278 0.278 
0.453 0.797 0.551 0.792 0.385 0.278 0.278 0.278 
0.471 0.778 0.545 0.792 0.385 0.278 0.278 0.278 
0.471 0.797 0.543 0.774 0.462 0.333 0.333 0.333 
0.458 0.788 0.539 0.792 0.462 0.333 0.333 0.333 
0.456 0.778 0.543 0.774 0.462 0.333 0.333 0.333 
0.470 0.792 0.563 0.774 0.385 0.278 0.278 0.278 
0.427 0.797 0.562 0.774 0.385 0.278 0.278 0.278 
0.442 0.788 0.559 0.774 0.385 0.278 0.278 0.278 
0.441 0.807 0.540 0.774 0.385 0.278 0.278 0.278 
0.452 0.792 0.535 0.811 0.385 0.278 0.278 0.278 
0.453 0.783 0.532 0.811 0.385 0.278 0.278 0.278 
0.447 0.788 0.532 0.811 0.385 0.278 0.278 0.278 
0.452 0.802 0.539 0.792 0.385 0.278 0.278 0.278 
0.465 0.788 0.547 0.792 0.385 0.278 0.278 0.278 
0.450 0.792 0.543 0.792 0.385 0.278 0.278 0.278 
0.459 0.792 0.544 0.792 0.385 0.278 0.278 0.278 
0.450 0.797 0.546 0.774 0.462 0.333 0.278 0.278 
0.463 0.792 0.541 0.774 0.462 0.333 0.278 0.333 
0.467 0.807 0.544 0.792 0.385 0.278 0.278 0.278 
0.436 0.797 0.546 0.792 0.385 0.278 0.278 0.278 
0.457 0.792 0.545 0.792 0.385 0.278 0.278 0.278 
0.447 0.788 0.545 0.792 0.385 0.278 0.278 0.278 
0.467 0.788 0.543 0.792 0.385 0.278 0.278 0.278 
0.448 0.797 0.541 0.792 0.385 0.278 0.278 0.278 
0.460 0.774 0.537 0.811 0.385 0.278 0.278 0.278 
0.440 0.788 0.540 0.792 0.385 0.278 0.278 0.278 
0.455 0.797 0.552 0.792 0.385 0.278 0.278 0.278 
0.466 0.792 0.552 0.774 0.385 0.278 0.278 0.278 
0.442 0.788 0.537 0.792 0.462 0.333 0.333 0.333 
0.442 0.783 0.534 0.774 0.538 0.389 0.389 0.389 
0.462 0.788 0.543 0.774 0.462 0.333 0.278 0.278 
0.447 0.797 0.545 0.774 0.385 0.278 0.278 0.278 
0.442 0.788 0.554 0.774 0.385 0.278 0.278 0.278 
0.447 0.797 0.552 0.774 0.385 0.278 0.278 0.278 
0.453 0.792 0.545 0.792 0.385 0.278 0.278 0.278 
0.431 0.802 0.538 0.792 0.385 0.278 0.278 0.278 
0.445 0.788 0.542 0.792 0.385 0.278 0.278 0.278 
0.454 0.811 0.543 0.792 0.385 0.278 0.278 0.278 
0.448 0.778 0.542 0.792 0.385 0.278 0.278 0.278 
0.457 0.783 0.542 0.792 0.385 0.278 0.278 0.278 
0.459 0.783 0.544 0.774 0.462 0.278 0.278 0.278 
0.446 0.802 0.537 0.755 0.538 0.333 0.333 0.333 
0.480 0.778 0.542 0.774 0.462 0.333 0.333 0.333 
0.471 0.783 0.542 0.774 0.462 0.333 0.278 0.333 
0.448 0.783 0.551 0.792 0.385 0.278 0.278 0.278 
0.459 0.788 0.552 0.792 0.385 0.278 0.278 0.278 
0.444 0.783 0.543 0.792 0.385 0.278 0.278 0.278 
0.435 0.792 0.546 0.792 0.385 0.278 0.278 0.278 
0.447 0.797 0.542 0.792 0.385 0.278 0.278 0.278 
0.442 0.792 0.544 0.792 0.385 0.278 0.278 0.278 
0.438 0.802 0.549 0.792 0.385 0.278 0.278 0.278 
0.453 0.797 0.549 0.792 0.385 0.278 0.278 0.278 
0.460 0.792 0.550 0.792 0.385 0.278 0.278 0.278 
0.430 0.811 0.559 0.774 0.385 0.278 0.278 0.278 
0.451 0.807 0.563 0.774 0.385 0.278 0.278 0.278 
0.442 0.797 0.550 0.792 0.385 0.278 0.278 0.278 
0.461 0.807 0.557 0.774 0.385 0.278 0.278 0.278 
0.453 0.774 0.547 0.774 0.462 0.333 0.278 0.333 
0.472 0.774 0.538 0.774 0.462 0.333 0.278 0.278 
0.451 0.797 0.535 0.792 0.462 0.333 0.333 0.333 
0.455 0.788 0.536 0.792 0.462 0.333 0.333 0.333 
0.448 0.783 0.545 0.792 0.385 0.278 0.278 0.278 
0.451 0.797 0.540 0.774 0.462 0.333 0.333 0.333 
0.478 0.797 0.537 0.792 0.462 0.333 0.333 0.333 
0.477 0.788 0.544 0.774 0.462 0.333 0.278 0.333 
0.457 0.792 0.544 0.774 0.462 0.333 0.333 0.333 
0.447 0.802 0.542 0.774 0.462 0.333 0.333 0.333 
0.448 0.797 0.542 0.774 0.385 0.278 0.278 0.278 
0.447 0.797 0.539 0.774 0.385 0.278 0.278 0.278 
0.432 0.783 0.536 0.792 0.385 0.278 0.278 0.278 
0.457 0.783 0.537 0.792 0.385 0.278 0.278 0.278 
0.439 0.783 0.537 0.792 0.462 0.333 0.333 0.333 
0.463 0.778 0.536 0.792 0.462 0.333 0.278 0.278 
0.458 0.807 0.538 0.774 0.462 0.333 0.278 0.278 
0.436 0.797 0.539 0.792 0.385 0.278 0.278 0.278 
0.443 0.811 0.544 0.792 0.385 0.278 0.278 0.278 
0.462 0.811 0.549 0.774 0.385 0.278 0.278 0.278 
0.454 0.788 0.545 0.792 0.385 0.278 0.278 0.278 
0.441 0.788 0.541 0.774 0.462 0.333 0.333 0.333 
0.453 0.783 0.538 0.774 0.462 0.333 0.333 0.333 
0.465 0.792 0.537 0.792 0.462 0.333 0.333 0.333 
0.458 0.788 0.534 0.792 0.462 0.333 0.333 0.333 
0.437 0.797 0.537 0.792 0.385 0.278 0.278 0.278 
0.441 0.802 0.539 0.792 0.385 0.278 0.278 0.278 
0.449 0.792 0.536 0.792 0.385 0.278 0.278 0.278 
0.453 0.802 0.536 0.792 0.385 0.278 0.278 0.278 
0.462 0.788 0.544 0.792 0.385 0.278 0.278 0.278 
0.439 0.792 0.540 0.792 0.385 0.278 0.278 0.278 
0.446 0.783 0.538 0.792 0.385 0.278 0.278 0.278 
0.454 0.797 0.535 0.811 0.385 0.278 0.278 0.278 
0.437 0.792 0.537 0.811 0.385 0.278 0.278 0.278 
0.452 0.797 0.539 0.792 0.385 0.278 0.278 0.278 
0.449 0.797 0.540 0.792 0.385 0.278 0.278 0.278 
0.476 0.788 0.539 0.792 0.385 0.278 0.278 0.278 
0.465 0.788 0.541 0.774 0.385 0.278 0.278 0.278 
0.474 0.792 0.545 0.792 0.385 0.278 0.278 0.278 
0.467 0.783 0.549 0.792 0.385 0.278 0.278 0.278 
0.447 0.788 0.549 0.792 0.385 0.278 0.278 0.278 
0.446 0.792 0.549 0.792 0.385 0.278 0.278 0.278 
0.444 0.792 0.541 0.774 0.385 0.278 0.278 0.278 
0.442 0.783 0.537 0.774 0.462 0.333 0.278 0.278 
0.464 0.792 0.541 0.774 0.462 0.333 0.278 0.333 
0.451 0.774 0.539 0.774 0.462 0.333 0.333 0.333 
0.460 0.792 0.542 0.792 0.385 0.278 0.278 0.278 
0.435 0.807 0.545 0.792 0.385 0.278 0.278 0.278 
0.447 0.792 0.546 0.792 0.385 0.278 0.278 0.278 
0.448 0.778 0.545 0.792 0.385 0.278 0.278 0.278 
0.458 0.788 0.541 0.792 0.385 0.278 0.278 0.278 
0.450 0.792 0.540 0.774 0.462 0.333 0.333 0.333 
0.471 0.792 0.540 0.774 0.462 0.333 0.333 0.333 
0.467 0.792 0.543 0.774 0.462 0.333 0.278 0.278 
0.432 0.797 0.547 0.774 0.385 0.278 0.278 0.278 
0.458 0.792 0.546 0.774 0.462 0.333 0.278 0.278 
0.456 0.792 0.543 0.774 0.462 0.333 0.278 0.278 
0.453 0.802 0.542 0.774 0.385 0.278 0.278 0.278 
0.450 0.783 0.545 0.792 0.385 0.278 0.278 0.278 
0.448 0.797 0.542 0.792 0.385 0.278 0.278 0.278 
0.454 0.788 0.543 0.792 0.385 0.278 0.278 0.278 
0.455 0.792 0.540 0.792 0.385 0.278 0.278 0.278 
0.448 0.788 0.538 0.792 0.385 0.278 0.278 0.278 
0.448 0.792 0.541 0.774 0.462 0.333 0.278 0.278 
0.446 0.802 0.538 0.792 0.462 0.333 0.278 0.333 
0.447 0.783 0.542 0.792 0.385 0.278 0.278 0.278 
0.460 0.792 0.542 0.792 0.385 0.278 0.278 0.278 
0.459 0.774 0.540 0.792 0.385 0.278 0.278 0.278 
0.432 0.797 0.535 0.811 0.385 0.278 0.278 0.278 
0.456 0.788 0.537 0.792 0.462 0.278 0.278 0.278 
0.428 0.788 0.534 0.792 0.462 0.333 0.333 0.333 
0.446 0.792 0.537 0.792 0.462 0.278 0.278 0.278 
0.443 0.807 0.538 0.792 0.385 0.278 0.278 0.278 
0.447 0.792 0.540 0.792 0.385 0.278 0.278 0.278 
0.446 0.783 0.539 0.792 0.385 0.278 0.278 0.278 
0.442 0.769 0.540 0.792 0.385 0.278 0.278 0.278 
0.450 0.792 0.548 0.792 0.385 0.278 0.278 0.278 
0.449 0.802 0.542 0.774 0.385 0.278 0.278 0.278 
0.450 0.807 0.545 0.792 0.385 0.278 0.278 0.278 
0.456 0.797 0.543 0.774 0.462 0.278 0.278 0.278 
0.445 0.792 0.539 0.774 0.462 0.333 0.333 0.333 
0.453 0.792 0.542 0.774 0.462 0.333 0.333 0.333 
0.448 0.783 0.536 0.792 0.462 0.333 0.333 0.333 
0.444 0.778 0.540 0.774 0.462 0.333 0.278 0.278 
0.466 0.788 0.538 0.774 0.462 0.333 0.278 0.333 
0.458 0.788 0.540 0.774 0.462 0.333 0.333 0.333 
0.453 0.802 0.540 0.774 0.462 0.333 0.333 0.333 
0.452 0.788 0.537 0.792 0.462 0.333 0.333 0.333 
0.450 0.792 0.543 0.774 0.385 0.278 0.278 0.278 
0.474 0.788 0.548 0.792 0.385 0.278 0.278 0.278 
0.452 0.802 0.545 0.792 0.385 0.278 0.278 0.278 
0.460 0.783 0.546 0.774 0.462 0.333 0.278 0.333 
0.457 0.792 0.544 0.774 0.462 0.333 0.333 0.333 
0.441 0.788 0.541 0.755 0.538 0.333 0.333 0.333 
0.449 0.788 0.547 0.755 0.538 0.333 0.333 0.333 
0.453 0.788 0.553 0.774 0.462 0.333 0.333 0.333 
0.445 0.792 0.556 0.774 0.462 0.278 0.278 0.278 
0.437 0.788 0.549 0.792 0.385 0.278 0.278 0.278 
0.464 0.797 0.548 0.792 0.385 0.278 0.278 0.278 
0.449 0.788 0.545 0.774 0.385 0.278 0.278 0.278 
0.455 0.788 0.539 0.774 0.462 0.278 0.278 0.278 
0.435 0.802 0.539 0.774 0.385 0.278 0.278 0.278 
0.449 0.797 0.540 0.774 0.462 0.333 0.278 0.278 
0.444 0.788 0.541 0.774 0.462 0.333 0.278 0.278 
0.441 0.802 0.544 0.792 0.385 0.278 0.278 0.278 
0.446 0.797 0.544 0.774 0.385 0.278 0.278 0.278 
0.447 0.792 0.540 0.774 0.538 0.333 0.333 0.333 
0.451 0.788 0.540 0.792 0.462 0.333 0.333 0.333 
0.442 0.783 0.537 0.774 0.538 0.333 0.333 0.333 
0.450 0.778 0.537 0.792 0.462 0.333 0.333 0.333 
0.454 0.797 0.538 0.792 0.462 0.333 0.333 0.333 
0.455 0.788 0.536 0.792 0.462 0.333 0.333 0.333 
0.435 0.783 0.536 0.792 0.462 0.333 0.278 0.278 
0.447 0.797 0.540 0.792 0.462 0.278 0.278 0.278 
0.439 0.797 0.541 0.774 0.462 0.278 0.278 0.278 
0.461 0.783 0.543 0.774 0.462 0.278 0.278 0.278 
0.455 0.807 0.544 0.755 0.538 0.333 0.333 0.333 
0.455 0.792 0.541 0.774 0.538 0.333 0.333 0.333 
0.447 0.802 0.539 0.774 0.538 0.333 0.333 0.333 
0.433 0.788 0.542 0.774 0.462 0.333 0.333 0.333 
0.444 0.788 0.543 0.755 0.538 0.333 0.333 0.333 
0.447 0.792 0.542 0.774 0.462 0.333 0.278 0.278 
0.445 0.783 0.539 0.792 0.462 0.333 0.333 0.333 
0.455 0.802 0.538 0.792 0.462 0.333 0.333 0.333 
0.449 0.797 0.540 0.774 0.538 0.333 0.333 0.333 
0.456 0.792 0.540 0.774 0.538 0.333 0.333 0.333 
0.447 0.788 0.541 0.792 0.462 0.333 0.333 0.333 
0.444 0.792 0.540 0.774 0.538 0.333 0.333 0.333 
0.447 0.788 0.538 0.792 0.462 0.333 0.333 0.333 
0.450 0.783 0.540 0.792 0.462 0.278 0.278 0.278 
0.453 0.788 0.539 0.792 0.462 0.333 0.333 0.333 
0.461 0.788 0.539 0.792 0.462 0.333 0.278 0.278 
0.457 0.797 0.538 0.792 0.462 0.333 0.333 0.333 
0.458 0.774 0.541 0.792 0.462 0.333 0.333 0.333 
0.458 0.797 0.541 0.792 0.462 0.333 0.333 0.333 
0.455 0.792 0.542 0.774 0.462 0.333 0.278 0.278 
0.433 0.788 0.541 0.792 0.462 0.333 0.333 0.333 
0.446 0.788 0.542 0.774 0.462 0.333 0.278 0.278 
0.471 0.783 0.541 0.774 0.385 0.278 0.278 0.278 
0.453 0.783 0.544 0.774 0.462 0.333 0.333 0.333 
0.455 0.797 0.539 0.774 0.538 0.333 0.333 0.333 
0.453 0.797 0.541 0.774 0.538 0.333 0.333 0.333 
0.462 0.783 0.542 0.755 0.538 0.333 0.333 0.333 
0.484 0.778 0.540 0.774 0.538 0.333 0.333 0.333 
0.459 0.802 0.543 0.774 0.462 0.278 0.278 0.278 
0.437 0.788 0.544 0.774 0.462 0.333 0.278 0.278 
0.433 0.797 0.542 0.774 0.385 0.278 0.278 0.278 
0.444 0.811 0.545 0.774 0.385 0.278 0.278 0.278 
0.448 0.797 0.544 0.774 0.385 0.278 0.278 0.278 
0.433 0.783 0.541 0.774 0.462 0.333 0.333 0.333 
0.463 0.792 0.541 0.774 0.462 0.333 0.333 0.333 
0.443 0.788 0.541 0.774 0.462 0.333 0.333 0.333 
0.449 0.783 0.538 0.774 0.538 0.333 0.333 0.333 
0.457 0.792 0.537 0.774 0.538 0.333 0.333 0.333 
0.442 0.802 0.538 0.792 0.462 0.333 0.278 0.333 
0.449 0.807 0.541 0.774 0.385 0.278 0.278 0.278 
0.462 0.797 0.544 0.774 0.385 0.278 0.278 0.278 
0.435 0.788 0.537 0.774 0.538 0.333 0.333 0.333 
0.428 0.792 0.537 0.774 0.538 0.389 0.389 0.333 
0.454 0.778 0.538 0.774 0.538 0.389 0.389 0.389 
0.479 0.797 0.539 0.774 0.538 0.389 0.389 0.389 
0.451 0.797 0.543 0.755 0.538 0.389 0.389 0.389 
0.467 0.778 0.543 0.755 0.538 0.333 0.333 0.333 
0.442 0.788 0.546 0.774 0.462 0.333 0.333 0.333 
0.448 0.792 0.548 0.774 0.385 0.278 0.278 0.278 
0.450 0.802 0.546 0.774 0.462 0.333 0.278 0.278 
0.473 0.774 0.542 0.755 0.538 0.333 0.333 0.333 
0.444 0.788 0.543 0.774 0.462 0.333 0.333 0.333 
0.442 0.797 0.542 0.774 0.538 0.389 0.389 0.389 
0.442 0.788 0.541 0.774 0.538 0.389 0.389 0.333 
0.437 0.792 0.539 0.774 0.538 0.333 0.333 0.333 
0.440 0.783 0.539 0.774 0.538 0.389 0.333 0.333 
0.450 0.783 0.537 0.774 0.538 0.389 0.389 0.389 
0.448 0.807 0.537 0.774 0.538 0.389 0.389 0.389 
0.440 0.792 0.538 0.774 0.538 0.333 0.333 0.333 
0.457 0.783 0.539 0.774 0.538 0.333 0.333 0.333 
0.462 0.807 0.541 0.774 0.462 0.333 0.278 0.278 
0.453 0.802 0.539 0.792 0.462 0.333 0.278 0.278 
0.463 0.783 0.539 0.792 0.462 0.333 0.278 0.333 
0.442 0.788 0.534 0.792 0.462 0.333 0.278 0.278 
0.447 0.802 0.533 0.774 0.538 0.333 0.333 0.333 
0.440 0.778 0.533 0.774 0.538 0.333 0.333 0.333 
0.442 0.802 0.531 0.774 0.538 0.389 0.389 0.389 
0.453 0.797 0.535 0.774 0.538 0.389 0.389 0.389 
0.445 0.797 0.540 0.755 0.538 0.333 0.333 0.333 
0.477 0.802 0.542 0.774 0.462 0.278 0.278 0.278 
0.444 0.788 0.543 0.774 0.462 0.333 0.278 0.333 
0.444 0.788 0.543 0.774 0.462 0.333 0.333 0.333 
0.431 0.788 0.539 0.774 0.538 0.333 0.333 0.333 
0.454 0.802 0.538 0.774 0.538 0.333 0.333 0.333 
0.439 0.811 0.538 0.774 0.538 0.333 0.333 0.333 
0.463 0.797 0.539 0.774 0.538 0.333 0.333 0.333 
0.455 0.788 0.544 0.774 0.462 0.333 0.333 0.333 
0.436 0.797 0.543 0.774 0.462 0.333 0.278 0.333 
0.457 0.797 0.545 0.774 0.462 0.333 0.278 0.333 
0.440 0.792 0.547 0.774 0.385 0.278 0.278 0.278 
0.453 0.792 0.543 0.774 0.462 0.333 0.278 0.278 
0.453 0.792 0.541 0.774 0.538 0.333 0.333 0.333 
0.451 0.792 0.538 0.774 0.538 0.389 0.389 0.389 
0.444 0.788 0.537 0.774 0.538 0.333 0.333 0.333 
0.451 0.788 0.536 0.774 0.538 0.333 0.333 0.333 
0.452 0.792 0.536 0.774 0.538 0.389 0.389 0.389 
0.462 0.783 0.536 0.774 0.538 0.333 0.333 0.333 
0.453 0.783 0.538 0.774 0.538 0.333 0.333 0.333 
0.455 0.783 0.536 0.792 0.538 0.333 0.333 0.333 
0.444 0.788 0.536 0.774 0.538 0.333 0.333 0.333 
0.441 0.783 0.537 0.774 0.538 0.389 0.389 0.389 
0.463 0.783 0.537 0.774 0.538 0.389 0.389 0.333 
0.434 0.792 0.538 0.774 0.538 0.389 0.389 0.389 
0.456 0.797 0.538 0.774 0.538 0.389 0.389 0.389 
0.442 0.778 0.536 0.774 0.538 0.389 0.389 0.389 
0.443 0.788 0.535 0.774 0.538 0.389 0.389 0.389 
0.458 0.797 0.534 0.774 0.538 0.389 0.389 0.389 
0.465 0.792 0.535 0.774 0.538 0.389 0.389 0.389 
0.465 0.778 0.536 0.774 0.538 0.389 0.389 0.389 
0.449 0.807 0.534 0.774 0.538 0.389 0.389 0.389 
0.445 0.788 0.535 0.774 0.538 0.389 0.389 0.389 
0.439 0.802 0.535 0.774 0.538 0.389 0.389 0.389 
0.455 0.792 0.536 0.774 0.538 0.389 0.389 0.389 
0.454 0.797 0.536 0.774 0.538 0.333 0.333 0.333 
0.462 0.802 0.535 0.774 0.538 0.333 0.333 0.333 
0.446 0.792 0.536 0.774 0.538 0.389 0.389 0.389 
0.439 0.797 0.536 0.774 0.538 0.389 0.333 0.333 
0.439 0.788 0.540 0.792 0.462 0.333 0.333 0.333 
0.437 0.807 0.537 0.774 0.538 0.333 0.333 0.333 
0.442 0.783 0.538 0.774 0.538 0.333 0.333 0.333 
0.432 0.797 0.537 0.792 0.462 0.333 0.278 0.333 
0.447 0.788 0.537 0.774 0.538 0.333 0.333 0.333 
0.463 0.783 0.538 0.792 0.462 0.333 0.278 0.333 
0.468 0.792 0.538 0.774 0.538 0.333 0.333 0.333 
0.451 0.788 0.536 0.774 0.538 0.333 0.333 0.333 
0.449 0.797 0.536 0.774 0.538 0.333 0.333 0.333 
0.447 0.802 0.536 0.774 0.538 0.389 0.389 0.389 
0.462 0.797 0.535 0.774 0.538 0.389 0.389 0.389 
0.458 0.802 0.537 0.774 0.538 0.389 0.389 0.389 
0.465 0.788 0.537 0.774 0.538 0.389 0.389 0.389 
0.459 0.797 0.537 0.774 0.538 0.389 0.389 0.389 
0.455 0.783 0.538 0.774 0.538 0.389 0.389 0.389 
0.427 0.797 0.539 0.774 0.538 0.389 0.389 0.389 
0.447 0.797 0.539 0.774 0.538 0.389 0.389 0.389 
0.436 0.778 0.540 0.774 0.538 0.389 0.389 0.389 
0.437 0.792 0.540 0.774 0.538 0.389 0.389 0.389 
0.444 0.792 0.539 0.774 0.538 0.389 0.389 0.389 
0.446 0.797 0.539 0.774 0.538 0.389 0.389 0.389 
0.442 0.783 0.537 0.774 0.538 0.333 0.333 0.333 
0.453 0.788 0.537 0.774 0.538 0.333 0.333 0.333 
0.443 0.792 0.536 0.774 0.538 0.333 0.333 0.333 
0.454 0.788 0.536 0.774 0.538 0.389 0.389 0.389 
0.458 0.783 0.535 0.774 0.538 0.389 0.389 0.389 
0.450 0.792 0.536 0.774 0.538 0.389 0.389 0.389 
0.466 0.788 0.537 0.774 0.538 0.389 0.389 0.389 
0.438 0.788 0.533 0.774 0.538 0.389 0.389 0.389 
0.434 0.802 0.534 0.774 0.538 0.389 0.389 0.389 
0.433 0.792 0.533 0.774 0.538 0.389 0.389 0.389 
0.446 0.797 0.535 0.774 0.538 0.389 0.389 0.389 
0.442 0.797 0.535 0.774 0.538 0.389 0.389 0.389 
0.441 0.788 0.537 0.755 0.538 0.389 0.389 0.389 
0.455 0.802 0.536 0.774 0.538 0.333 0.333 0.333 
0.445 0.802 0.537 0.774 0.538 0.389 0.389 0.389 
0.436 0.783 0.537 0.774 0.538 0.389 0.389 0.389 
0.467 0.797 0.537 0.774 0.538 0.389 0.389 0.389 
0.448 0.788 0.535 0.774 0.538 0.389 0.389 0.389 
0.442 0.811 0.537 0.774 0.538 0.389 0.389 0.389 
0.452 0.788 0.537 0.774 0.538 0.389 0.389 0.389 
0.431 0.797 0.535 0.774 0.538 0.389 0.389 0.389 
0.448 0.802 0.535 0.774 0.538 0.389 0.389 0.389 
0.436 0.788 0.536 0.774 0.538 0.389 0.389 0.389 
0.434 0.802 0.534 0.774 0.538 0.389 0.389 0.389 
0.457 0.802 0.533 0.774 0.538 0.389 0.389 0.389 
0.429 0.792 0.534 0.774 0.538 0.389 0.389 0.389 
0.445 0.778 0.535 0.774 0.538 0.389 0.389 0.389 
0.467 0.797 0.534 0.774 0.538 0.389 0.389 0.389 
0.452 0.792 0.534 0.774 0.538 0.389 0.389 0.389 
0.434 0.783 0.534 0.774 0.538 0.389 0.389 0.389 
0.481 0.788 0.536 0.774 0.538 0.333 0.278 0.333 
0.445 0.788 0.537 0.774 0.538 0.333 0.333 0.333 
0.441 0.783 0.536 0.774 0.538 0.333 0.278 0.333 
0.472 0.797 0.536 0.774 0.538 0.333 0.333 0.333 
0.434 0.792 0.536 0.774 0.538 0.389 0.389 0.389 
0.448 0.783 0.538 0.774 0.538 0.389 0.389 0.389 
0.446 0.788 0.535 0.774 0.538 0.389 0.389 0.389 
0.459 0.788 0.540 0.755 0.538 0.333 0.333 0.333 
0.449 0.797 0.540 0.755 0.538 0.333 0.333 0.333 
0.440 0.802 0.538 0.755 0.538 0.333 0.333 0.333 
0.441 0.797 0.535 0.774 0.538 0.389 0.389 0.333 
0.453 0.788 0.534 0.774 0.538 0.389 0.389 0.389 
0.449 0.797 0.533 0.774 0.538 0.389 0.389 0.389 
0.458 0.797 0.534 0.774 0.538 0.389 0.389 0.389 
0.473 0.792 0.534 0.774 0.538 0.389 0.389 0.389 
0.454 0.802 0.533 0.774 0.538 0.389 0.389 0.333 
0.442 0.792 0.535 0.774 0.538 0.333 0.333 0.333 
0.439 0.792 0.534 0.774 0.538 0.333 0.333 0.333 
0.438 0.797 0.536 0.792 0.385 0.278 0.278 0.278 
0.437 0.792 0.535 0.792 0.385 0.278 0.278 0.278 
0.464 0.774 0.535 0.811 0.385 0.278 0.278 0.278 
0.436 0.788 0.533 0.792 0.462 0.333 0.278 0.278 
0.459 0.797 0.533 0.774 0.538 0.389 0.389 0.389 
0.446 0.792 0.532 0.774 0.538 0.389 0.389 0.389 
0.458 0.788 0.533 0.774 0.538 0.389 0.389 0.389 
0.493 0.788 0.533 0.774 0.538 0.389 0.389 0.389 
0.450 0.807 0.535 0.774 0.538 0.333 0.333 0.333 
0.443 0.778 0.536 0.774 0.385 0.278 0.278 0.278 
0.448 0.792 0.536 0.774 0.462 0.333 0.278 0.278 
0.466 0.783 0.536 0.774 0.385 0.278 0.278 0.278 
0.445 0.783 0.535 0.755 0.538 0.389 0.389 0.389 
0.438 0.797 0.536 0.755 0.538 0.333 0.333 0.333 
0.454 0.802 0.533 0.774 0.538 0.389 0.389 0.389 
0.452 0.807 0.533 0.774 0.538 0.389 0.389 0.389 
0.445 0.792 0.534 0.792 0.538 0.389 0.389 0.389 
0.434 0.788 0.533 0.774 0.538 0.389 0.389 0.389 
0.436 0.778 0.532 0.774 0.538 0.389 0.389 0.389 
0.445 0.788 0.532 0.774 0.538 0.389 0.389 0.389 
0.455 0.788 0.533 0.774 0.538 0.389 0.389 0.389 
0.448 0.792 0.531 0.774 0.538 0.389 0.389 0.389 
0.447 0.797 0.532 0.774 0.538 0.389 0.389 0.389 
0.435 0.792 0.532 0.774 0.538 0.389 0.389 0.389 
0.451 0.802 0.532 0.774 0.538 0.389 0.389 0.389 
0.457 0.783 0.534 0.774 0.538 0.389 0.389 0.389 
0.460 0.778 0.535 0.774 0.538 0.389 0.389 0.389 
0.466 0.807 0.535 0.774 0.538 0.389 0.389 0.389 
0.457 0.788 0.534 0.774 0.538 0.333 0.333 0.333 
0.461 0.788 0.536 0.774 0.538 0.333 0.333 0.333 
0.444 0.792 0.534 0.774 0.538 0.389 0.333 0.333 
0.454 0.802 0.535 0.774 0.538 0.389 0.389 0.389 
0.452 0.802 0.536 0.755 0.538 0.333 0.278 0.333 
0.442 0.792 0.536 0.755 0.538 0.333 0.333 0.333 
0.435 0.792 0.535 0.774 0.538 0.389 0.389 0.389 
0.446 0.783 0.535 0.774 0.538 0.389 0.389 0.389 
0.459 0.797 0.534 0.774 0.538 0.389 0.389 0.389 
0.461 0.792 0.535 0.774 0.538 0.389 0.389 0.389 
0.455 0.788 0.533 0.774 0.538 0.389 0.389 0.389 
0.446 0.792 0.533 0.774 0.538 0.389 0.389 0.389 
0.437 0.797 0.533 0.792 0.538 0.389 0.389 0.389 
0.450 0.797 0.534 0.774 0.538 0.389 0.389 0.389 
0.432 0.802 0.532 0.774 0.538 0.389 0.389 0.389 
0.443 0.802 0.533 0.774 0.538 0.389 0.389 0.389 
0.440 0.802 0.532 0.774 0.538 0.389 0.389 0.389 
0.442 0.788 0.533 0.774 0.538 0.389 0.389 0.389 
0.450 0.802 0.532 0.774 0.538 0.389 0.389 0.389 
0.449 0.792 0.531 0.774 0.538 0.389 0.389 0.389 
0.454 0.792 0.532 0.774 0.538 0.389 0.389 0.389 
0.442 0.788 0.532 0.774 0.538 0.389 0.389 0.389 
0.439 0.792 0.532 0.774 0.538 0.389 0.389 0.389 
0.450 0.802 0.533 0.774 0.538 0.389 0.389 0.389 
0.442 0.802 0.532 0.774 0.538 0.389 0.389 0.389 
0.443 0.797 0.533 0.774 0.538 0.389 0.389 0.389 
0.447 0.797 0.532 0.774 0.538 0.389 0.389 0.389 
0.464 0.797 0.531 0.774 0.538 0.389 0.389 0.389 
0.453 0.788 0.532 0.774 0.538 0.389 0.389 0.389 
0.442 0.792 0.531 0.774 0.538 0.389 0.389 0.389 
0.436 0.802 0.532 0.774 0.538 0.389 0.389 0.389 
0.446 0.802 0.534 0.774 0.538 0.389 0.389 0.389 
0.460 0.797 0.534 0.774 0.538 0.389 0.389 0.389 
0.458 0.797 0.534 0.774 0.538 0.389 0.389 0.389 
0.423 0.792 0.534 0.774 0.538 0.389 0.389 0.389 
0.434 0.792 0.535 0.774 0.538 0.389 0.389 0.389 
0.440 0.788 0.532 0.774 0.538 0.389 0.389 0.389 
0.453 0.788 0.532 0.774 0.538 0.389 0.389 0.389 
0.463 0.792 0.532 0.774 0.538 0.389 0.389 0.389 
0.457 0.792 0.531 0.774 0.538 0.389 0.389 0.389 
0.443 0.797 0.532 0.774 0.538 0.389 0.389 0.389 
0.437 0.792 0.532 0.774 0.538 0.389 0.389 0.333 
0.437 0.792 0.531 0.774 0.538 0.389 0.389 0.389 
0.443 0.783 0.531 0.774 0.538 0.389 0.389 0.389 
0.443 0.797 0.530 0.774 0.538 0.389 0.389 0.389 
0.463 0.807 0.530 0.774 0.538 0.389 0.389 0.389 
0.444 0.792 0.531 0.774 0.538 0.389 0.389 0.389 
0.461 0.792 0.530 0.774 0.538 0.389 0.389 0.389 
0.446 0.807 0.531 0.774 0.538 0.389 0.389 0.389 
0.458 0.802 0.531 0.774 0.538 0.389 0.389 0.389 
0.451 0.792 0.533 0.774 0.538 0.389 0.389 0.389 
0.452 0.769 0.532 0.774 0.538 0.389 0.389 0.389 
0.442 0.792 0.532 0.774 0.538 0.389 0.389 0.389 
0.444 0.797 0.532 0.774 0.538 0.389 0.389 0.389 
0.453 0.797 0.532 0.774 0.538 0.389 0.389 0.389 
0.446 0.783 0.531 0.774 0.538 0.389 0.389 0.389 
0.437 0.792 0.532 0.774 0.538 0.333 0.278 0.333 
0.436 0.792 0.531 0.774 0.538 0.333 0.333 0.333 
0.429 0.792 0.531 0.774 0.538 0.389 0.389 0.389 
0.425 0.792 0.530 0.774 0.538 0.389 0.389 0.333 
0.455 0.788 0.532 0.774 0.538 0.333 0.389 0.333 
0.440 0.802 0.531 0.774 0.538 0.389 0.389 0.389 
0.431 0.788 0.531 0.774 0.538 0.389 0.389 0.389 
0.447 0.797 0.533 0.774 0.538 0.389 0.389 0.389 
0.444 0.802 0.531 0.792 0.538 0.389 0.389 0.389 
0.431 0.797 0.530 0.774 0.538 0.389 0.389 0.389 
0.453 0.788 0.531 0.792 0.538 0.389 0.389 0.389 
0.472 0.792 0.530 0.774 0.538 0.389 0.389 0.389 
0.435 0.783 0.529 0.774 0.538 0.389 0.389 0.389 
0.469 0.783 0.529 0.774 0.538 0.389 0.389 0.389 
0.448 0.778 0.529 0.774 0.538 0.389 0.389 0.389 
0.459 0.788 0.530 0.774 0.538 0.389 0.389 0.389 
0.441 0.792 0.529 0.774 0.538 0.389 0.389 0.389 
0.449 0.792 0.530 0.774 0.538 0.389 0.389 0.389 
0.445 0.797 0.530 0.774 0.538 0.389 0.389 0.389 
0.449 0.797 0.529 0.774 0.538 0.389 0.389 0.389 
0.435 0.802 0.528 0.774 0.538 0.389 0.389 0.389 
0.459 0.792 0.529 0.774 0.538 0.389 0.389 0.389 
0.452 0.788 0.530 0.774 0.538 0.389 0.389 0.389 
0.449 0.797 0.529 0.774 0.538 0.389 0.389 0.389 
0.447 0.788 0.529 0.774 0.538 0.389 0.389 0.389 
0.447 0.802 0.528 0.774 0.538 0.389 0.389 0.389 
0.443 0.797 0.530 0.774 0.538 0.389 0.389 0.389 
0.450 0.783 0.530 0.774 0.538 0.389 0.389 0.389 
0.461 0.797 0.529 0.774 0.538 0.333 0.333 0.333 
0.428 0.811 0.529 0.774 0.538 0.333 0.278 0.333 
