4.918 0.453 2.005 0.585 0.846 0.833 0.833 0.833 
1.632 0.604 2.491 0.623 1.000 1.000 1.000 1.000 
2.230 0.604 2.200 0.623 1.000 1.000 1.000 1.000 
1.711 0.604 1.230 0.623 1.000 1.000 1.000 1.000 
0.892 0.613 1.091 0.396 0.538 0.444 0.444 0.444 
1.160 0.448 0.992 0.528 0.385 0.278 0.278 0.278 
0.565 0.679 1.239 0.660 0.846 0.778 0.778 0.778 
0.632 0.698 1.380 0.642 0.846 0.778 0.778 0.778 
0.821 0.689 1.313 0.642 0.846 0.722 0.722 0.722 
0.709 0.708 1.105 0.736 0.615 0.444 0.444 0.444 
0.624 0.693 0.893 0.679 0.308 0.222 0.222 0.222 
0.582 0.637 0.698 0.660 0.231 0.167 0.167 0.167 
0.588 0.679 0.612 0.717 0.462 0.333 0.333 0.333 
0.563 0.736 0.652 0.774 0.538 0.389 0.389 0.389 
0.567 0.774 0.765 0.679 0.769 0.611 0.611 0.611 
0.532 0.783 0.819 0.717 0.615 0.444 0.444 0.444 
0.525 0.764 0.846 0.755 0.385 0.333 0.333 0.333 
0.507 0.792 0.800 0.755 0.462 0.333 0.333 0.333 
0.493 0.792 0.756 0.736 0.538 0.389 0.389 0.389 
0.522 0.774 0.738 0.717 0.615 0.500 0.500 0.500 
0.545 0.759 0.791 0.774 0.308 0.222 0.222 0.222 
0.517 0.769 0.790 0.774 0.308 0.222 0.222 0.222 
0.502 0.759 0.808 0.755 0.385 0.278 0.278 0.278 
0.493 0.778 0.822 0.755 0.385 0.278 0.278 0.278 
0.513 0.755 0.788 0.717 0.615 0.444 0.444 0.444 
0.495 0.778 0.722 0.736 0.462 0.333 0.333 0.333 
0.511 0.769 0.730 0.736 0.462 0.333 0.333 0.333 
0.492 0.774 0.725 0.736 0.462 0.333 0.333 0.333 
0.505 0.755 0.773 0.736 0.462 0.333 0.333 0.333 
0.505 0.759 0.773 0.717 0.538 0.389 0.389 0.389 
0.488 0.769 0.776 0.736 0.462 0.333 0.333 0.333 
0.492 0.759 0.751 0.755 0.385 0.278 0.278 0.278 
0.502 0.736 0.770 0.774 0.308 0.222 0.222 0.222 
0.485 0.759 0.757 0.736 0.462 0.333 0.333 0.333 
0.506 0.764 0.809 0.755 0.385 0.278 0.278 0.278 
0.480 0.759 0.801 0.774 0.308 0.222 0.222 0.222 
0.484 0.755 0.833 0.774 0.308 0.222 0.222 0.222 
0.484 0.736 0.828 0.774 0.308 0.222 0.222 0.222 
0.497 0.755 0.815 0.736 0.462 0.333 0.333 0.333 
0.476 0.778 0.766 0.736 0.462 0.333 0.333 0.333 
0.496 0.783 0.772 0.774 0.308 0.222 0.222 0.222 
0.464 0.755 0.748 0.755 0.385 0.278 0.278 0.278 
4.918 0.453 2.005 0.585 0.846 0.833 0.833 0.833 
1.632 0.604 2.491 0.623 1.000 1.000 1.000 1.000 
2.231 0.604 2.200 0.623 1.000 1.000 1.000 1.000 
1.712 0.604 1.231 0.623 1.000 1.000 1.000 1.000 
0.892 0.613 1.094 0.396 0.538 0.444 0.444 0.444 
1.167 0.453 0.994 0.547 0.308 0.222 0.222 0.222 
0.565 0.684 1.240 0.660 0.846 0.778 0.778 0.778 
0.634 0.693 1.384 0.642 0.846 0.778 0.778 0.778 
0.824 0.679 1.316 0.642 0.846 0.722 0.722 0.722 
0.711 0.712 1.109 0.736 0.615 0.444 0.444 0.444 
0.624 0.703 0.898 0.660 0.308 0.222 0.222 0.222 
0.581 0.632 0.699 0.679 0.231 0.167 0.167 0.167 
0.588 0.689 0.610 0.717 0.385 0.333 0.333 0.333 
0.563 0.736 0.650 0.774 0.538 0.389 0.389 0.389 
0.567 0.774 0.766 0.679 0.769 0.611 0.611 0.611 
0.532 0.783 0.822 0.717 0.615 0.444 0.444 0.444 
0.526 0.764 0.849 0.774 0.385 0.333 0.333 0.333 
0.507 0.797 0.799 0.755 0.462 0.333 0.333 0.333 
0.494 0.797 0.753 0.736 0.538 0.389 0.389 0.389 
0.523 0.778 0.734 0.717 0.692 0.500 0.500 0.500 
0.546 0.759 0.791 0.755 0.385 0.278 0.278 0.278 
0.517 0.764 0.793 0.774 0.308 0.222 0.222 0.222 
0.501 0.769 0.812 0.755 0.385 0.278 0.278 0.278 
0.492 0.788 0.822 0.755 0.385 0.278 0.278 0.278 
0.512 0.755 0.784 0.717 0.462 0.444 0.444 0.444 
0.495 0.774 0.719 0.736 0.462 0.333 0.333 0.333 
0.512 0.774 0.738 0.774 0.308 0.222 0.222 0.222 
0.492 0.774 0.732 0.755 0.385 0.278 0.278 0.278 
0.506 0.741 0.779 0.774 0.308 0.222 0.222 0.222 
0.506 0.755 0.779 0.717 0.538 0.389 0.389 0.389 
0.489 0.769 0.786 0.774 0.308 0.222 0.222 0.222 
0.490 0.764 0.768 0.774 0.308 0.222 0.222 0.222 
0.505 0.745 0.796 0.736 0.308 0.222 0.222 0.222 
0.487 0.764 0.763 0.774 0.308 0.222 0.222 0.222 
0.507 0.759 0.818 0.774 0.308 0.222 0.222 0.222 
0.479 0.764 0.820 0.774 0.308 0.222 0.222 0.222 
0.485 0.750 0.856 0.736 0.308 0.222 0.222 0.222 
0.489 0.736 0.835 0.774 0.308 0.222 0.222 0.222 
0.494 0.759 0.820 0.774 0.385 0.278 0.278 0.278 
0.477 0.774 0.788 0.774 0.308 0.222 0.222 0.222 
0.509 0.755 0.802 0.774 0.308 0.222 0.222 0.222 
0.467 0.745 0.761 0.774 0.308 0.222 0.222 0.222 
0.485 0.759 0.820 0.774 0.308 0.222 0.222 0.222 
0.479 0.759 0.836 0.774 0.308 0.222 0.222 0.222 
0.489 0.750 0.841 0.755 0.385 0.278 0.278 0.278 
0.473 0.755 0.792 0.755 0.385 0.278 0.278 0.278 
0.491 0.759 0.794 0.774 0.308 0.222 0.222 0.222 
0.470 0.764 0.770 0.755 0.385 0.333 0.333 0.278 
0.483 0.745 0.836 0.774 0.308 0.222 0.222 0.222 
0.477 0.774 0.900 0.774 0.308 0.222 0.222 0.222 
0.491 0.764 0.875 0.774 0.308 0.222 0.222 0.222 
0.476 0.731 0.866 0.774 0.308 0.222 0.222 0.222 
0.469 0.745 0.818 0.755 0.385 0.278 0.278 0.278 
0.485 0.745 0.855 0.774 0.308 0.222 0.222 0.222 
0.479 0.764 0.828 0.774 0.308 0.222 0.222 0.222 
0.460 0.745 0.821 0.774 0.308 0.222 0.222 0.222 
0.463 0.788 0.779 0.774 0.308 0.222 0.222 0.222 
0.455 0.788 0.777 0.774 0.308 0.222 0.222 0.222 
0.478 0.783 0.859 0.774 0.308 0.222 0.222 0.222 
0.470 0.741 0.819 0.774 0.308 0.222 0.222 0.222 
0.470 0.759 0.814 0.774 0.308 0.222 0.222 0.222 
0.474 0.745 0.815 0.755 0.385 0.278 0.278 0.278 
0.450 0.755 0.781 0.736 0.462 0.333 0.333 0.333 
0.460 0.764 0.770 0.755 0.385 0.278 0.278 0.278 
0.492 0.759 0.802 0.774 0.308 0.222 0.222 0.222 
0.467 0.755 0.795 0.755 0.385 0.278 0.278 0.278 
0.458 0.769 0.841 0.774 0.308 0.222 0.222 0.222 
0.506 0.741 0.852 0.774 0.308 0.222 0.222 0.222 
0.457 0.755 0.829 0.755 0.385 0.278 0.278 0.278 
0.454 0.764 0.793 0.755 0.385 0.278 0.278 0.278 
0.440 0.769 0.770 0.736 0.462 0.333 0.333 0.333 
0.471 0.774 0.862 0.774 0.308 0.222 0.222 0.222 
0.470 0.769 0.822 0.755 0.385 0.278 0.278 0.278 
0.440 0.788 0.734 0.736 0.462 0.333 0.333 0.333 
0.450 0.792 0.783 0.755 0.385 0.278 0.278 0.278 
0.472 0.788 0.863 0.755 0.308 0.222 0.222 0.222 
0.462 0.759 0.796 0.774 0.308 0.222 0.222 0.222 
0.452 0.759 0.801 0.774 0.308 0.222 0.222 0.222 
0.450 0.759 0.778 0.774 0.308 0.222 0.222 0.222 
0.452 0.769 0.730 0.755 0.385 0.278 0.278 0.278 
0.462 0.783 0.789 0.774 0.308 0.278 0.278 0.222 
0.464 0.745 0.808 0.755 0.385 0.278 0.278 0.278 
0.460 0.778 0.752 0.736 0.462 0.333 0.333 0.333 
0.470 0.755 0.782 0.755 0.385 0.278 0.278 0.278 
0.458 0.788 0.791 0.755 0.308 0.222 0.222 0.222 
0.438 0.792 0.785 0.755 0.308 0.222 0.222 0.222 
0.448 0.778 0.871 0.755 0.308 0.222 0.222 0.222 
0.461 0.741 0.907 0.755 0.308 0.222 0.222 0.222 
0.456 0.774 0.902 0.774 0.308 0.222 0.222 0.222 
0.461 0.764 0.914 0.774 0.308 0.278 0.222 0.222 
0.463 0.764 0.889 0.755 0.385 0.278 0.278 0.278 
0.443 0.783 0.838 0.755 0.385 0.278 0.278 0.278 
0.461 0.769 0.838 0.774 0.308 0.278 0.222 0.222 
0.451 0.792 0.749 0.755 0.385 0.278 0.278 0.278 
0.472 0.778 0.845 0.755 0.308 0.222 0.222 0.222 
0.468 0.769 0.896 0.755 0.308 0.222 0.222 0.222 
0.449 0.759 0.798 0.755 0.308 0.278 0.222 0.222 
0.438 0.788 0.794 0.755 0.385 0.278 0.278 0.278 
0.468 0.764 0.863 0.755 0.308 0.222 0.222 0.222 
0.418 0.788 0.864 0.755 0.308 0.222 0.222 0.222 
0.442 0.783 0.781 0.736 0.462 0.333 0.333 0.333 
0.464 0.774 0.798 0.755 0.385 0.278 0.278 0.278 
0.457 0.764 0.857 0.736 0.308 0.222 0.222 0.222 
0.475 0.764 0.856 0.755 0.308 0.222 0.222 0.222 
0.419 0.797 0.796 0.755 0.385 0.278 0.278 0.278 
0.435 0.788 0.771 0.755 0.385 0.278 0.278 0.278 
0.463 0.778 0.821 0.755 0.308 0.222 0.222 0.222 
0.455 0.774 0.852 0.755 0.308 0.222 0.222 0.222 
0.436 0.788 0.812 0.755 0.385 0.278 0.278 0.278 
0.446 0.802 0.756 0.717 0.538 0.389 0.389 0.389 
0.473 0.774 0.783 0.755 0.385 0.278 0.278 0.278 
0.435 0.778 0.811 0.755 0.385 0.278 0.278 0.278 
0.423 0.792 0.828 0.755 0.385 0.278 0.278 0.278 
0.433 0.807 0.813 0.755 0.385 0.278 0.278 0.278 
0.452 0.788 0.806 0.755 0.385 0.278 0.278 0.278 
0.454 0.778 0.775 0.736 0.385 0.278 0.222 0.278 
0.433 0.788 0.745 0.736 0.385 0.278 0.278 0.278 
0.453 0.788 0.798 0.736 0.385 0.278 0.278 0.278 
0.447 0.774 0.805 0.736 0.385 0.278 0.278 0.278 
0.447 0.802 0.825 0.736 0.385 0.278 0.222 0.278 
0.452 0.783 0.857 0.736 0.308 0.222 0.222 0.222 
0.463 0.769 0.772 0.736 0.462 0.333 0.333 0.333 
0.453 0.783 0.746 0.717 0.538 0.389 0.389 0.389 
0.467 0.783 0.797 0.755 0.385 0.278 0.278 0.278 
0.432 0.802 0.811 0.736 0.308 0.278 0.222 0.222 
0.449 0.783 0.830 0.755 0.308 0.222 0.222 0.222 
0.439 0.769 0.818 0.736 0.385 0.278 0.278 0.278 
0.434 0.797 0.810 0.755 0.385 0.278 0.278 0.278 
0.452 0.769 0.838 0.755 0.308 0.222 0.222 0.222 
0.443 0.792 0.878 0.755 0.308 0.222 0.222 0.222 
0.426 0.778 0.840 0.736 0.385 0.278 0.278 0.278 
0.440 0.783 0.849 0.736 0.385 0.278 0.278 0.278 
0.440 0.797 0.797 0.736 0.385 0.278 0.278 0.278 
0.447 0.783 0.825 0.717 0.308 0.278 0.222 0.222 
0.442 0.783 0.744 0.755 0.385 0.278 0.278 0.278 
0.456 0.778 0.771 0.736 0.385 0.278 0.278 0.278 
0.438 0.807 0.806 0.736 0.385 0.278 0.278 0.278 
0.437 0.759 0.829 0.736 0.385 0.278 0.278 0.278 
0.440 0.802 0.772 0.736 0.385 0.278 0.278 0.278 
0.452 0.769 0.779 0.736 0.385 0.278 0.278 0.278 
0.448 0.778 0.800 0.736 0.385 0.278 0.278 0.278 
0.449 0.788 0.825 0.736 0.385 0.278 0.278 0.278 
0.438 0.783 0.778 0.736 0.385 0.278 0.278 0.278 
0.449 0.792 0.787 0.736 0.385 0.278 0.278 0.278 
0.437 0.788 0.759 0.736 0.385 0.278 0.278 0.278 
0.443 0.792 0.798 0.736 0.385 0.278 0.278 0.278 
0.442 0.797 0.789 0.736 0.385 0.278 0.278 0.278 
0.447 0.778 0.819 0.755 0.308 0.222 0.222 0.222 
0.429 0.792 0.790 0.755 0.308 0.222 0.222 0.222 
0.423 0.802 0.810 0.755 0.308 0.222 0.222 0.222 
0.454 0.778 0.832 0.755 0.308 0.222 0.222 0.222 
0.429 0.788 0.771 0.736 0.385 0.278 0.278 0.278 
0.431 0.783 0.821 0.755 0.308 0.222 0.222 0.222 
0.439 0.783 0.870 0.755 0.308 0.222 0.222 0.222 
0.423 0.788 0.863 0.755 0.308 0.222 0.222 0.222 
0.444 0.788 0.908 0.755 0.308 0.222 0.222 0.222 
0.433 0.774 0.911 0.755 0.308 0.222 0.222 0.222 
0.441 0.797 0.843 0.755 0.308 0.222 0.222 0.222 
0.433 0.792 0.813 0.736 0.385 0.278 0.278 0.278 
0.444 0.788 0.776 0.736 0.385 0.278 0.278 0.278 
0.426 0.792 0.834 0.698 0.308 0.222 0.222 0.222 
0.477 0.755 0.846 0.755 0.308 0.222 0.222 0.222 
0.436 0.792 0.834 0.698 0.538 0.389 0.389 0.389 
0.451 0.774 0.859 0.736 0.385 0.278 0.278 0.278 
0.462 0.783 0.906 0.755 0.308 0.222 0.222 0.222 
0.435 0.792 0.808 0.755 0.308 0.222 0.222 0.222 
0.423 0.792 0.762 0.736 0.385 0.278 0.278 0.278 
0.465 0.774 0.779 0.736 0.385 0.278 0.278 0.278 
0.459 0.802 0.841 0.755 0.308 0.222 0.222 0.222 
0.455 0.783 0.839 0.755 0.308 0.222 0.222 0.222 
0.435 0.774 0.776 0.755 0.308 0.222 0.222 0.222 
0.435 0.792 0.708 0.717 0.462 0.333 0.333 0.333 
0.434 0.783 0.676 0.736 0.462 0.333 0.333 0.333 
0.443 0.778 0.703 0.736 0.308 0.222 0.222 0.222 
0.443 0.783 0.791 0.755 0.308 0.222 0.222 0.222 
0.439 0.778 0.800 0.755 0.308 0.222 0.222 0.222 
0.451 0.764 0.810 0.736 0.385 0.278 0.278 0.278 
0.436 0.807 0.738 0.736 0.385 0.278 0.278 0.278 
0.432 0.792 0.749 0.736 0.308 0.222 0.222 0.222 
0.448 0.769 0.821 0.755 0.308 0.222 0.222 0.222 
0.436 0.769 0.831 0.755 0.308 0.222 0.222 0.222 
0.423 0.783 0.806 0.736 0.385 0.278 0.222 0.278 
0.418 0.783 0.798 0.736 0.308 0.222 0.222 0.222 
0.433 0.783 0.766 0.698 0.385 0.278 0.222 0.222 
0.448 0.769 0.815 0.755 0.308 0.222 0.222 0.222 
0.450 0.788 0.778 0.755 0.308 0.222 0.222 0.222 
0.424 0.802 0.730 0.736 0.385 0.278 0.278 0.278 
0.430 0.778 0.692 0.736 0.385 0.278 0.278 0.278 
0.446 0.783 0.682 0.736 0.308 0.222 0.222 0.222 
0.449 0.792 0.757 0.755 0.308 0.222 0.222 0.222 
0.435 0.778 0.822 0.755 0.308 0.222 0.222 0.222 
0.437 0.774 0.793 0.736 0.308 0.278 0.222 0.222 
0.470 0.759 0.764 0.717 0.462 0.333 0.333 0.333 
0.432 0.797 0.789 0.717 0.462 0.333 0.333 0.333 
0.449 0.769 0.861 0.755 0.308 0.222 0.222 0.222 
0.430 0.788 0.806 0.736 0.385 0.278 0.278 0.278 
0.431 0.792 0.722 0.717 0.462 0.333 0.333 0.333 
0.431 0.778 0.673 0.717 0.462 0.333 0.333 0.333 
0.448 0.769 0.786 0.755 0.308 0.222 0.222 0.222 
0.428 0.774 0.783 0.755 0.308 0.222 0.222 0.222 
0.432 0.792 0.710 0.717 0.462 0.333 0.333 0.333 
0.454 0.783 0.745 0.736 0.385 0.278 0.278 0.278 
0.468 0.750 0.741 0.717 0.462 0.333 0.333 0.333 
0.432 0.778 0.724 0.698 0.615 0.444 0.444 0.444 
0.448 0.788 0.767 0.736 0.385 0.278 0.278 0.278 
0.448 0.792 0.774 0.755 0.308 0.222 0.222 0.222 
0.433 0.797 0.774 0.755 0.308 0.222 0.222 0.222 
0.428 0.802 0.716 0.717 0.462 0.333 0.333 0.333 
0.442 0.783 0.732 0.736 0.385 0.278 0.278 0.278 
0.426 0.788 0.775 0.755 0.308 0.222 0.222 0.222 
0.434 0.788 0.763 0.755 0.308 0.222 0.222 0.222 
0.418 0.807 0.754 0.736 0.385 0.278 0.278 0.278 
0.422 0.802 0.712 0.736 0.385 0.278 0.278 0.278 
0.457 0.755 0.774 0.755 0.308 0.222 0.222 0.222 
0.440 0.797 0.755 0.736 0.385 0.278 0.222 0.222 
0.428 0.774 0.756 0.755 0.308 0.222 0.222 0.222 
0.443 0.797 0.762 0.755 0.308 0.222 0.222 0.222 
0.432 0.783 0.755 0.755 0.308 0.222 0.222 0.222 
0.428 0.783 0.754 0.755 0.308 0.222 0.222 0.222 
0.440 0.788 0.775 0.755 0.308 0.222 0.222 0.222 
0.438 0.788 0.771 0.755 0.308 0.222 0.222 0.222 
0.429 0.802 0.741 0.717 0.462 0.333 0.333 0.333 
0.436 0.811 0.723 0.755 0.308 0.222 0.222 0.222 
0.422 0.792 0.728 0.755 0.308 0.222 0.222 0.222 
0.441 0.774 0.754 0.755 0.308 0.222 0.222 0.222 
0.438 0.797 0.758 0.755 0.308 0.222 0.222 0.222 
0.425 0.802 0.739 0.755 0.308 0.222 0.222 0.222 
0.436 0.811 0.774 0.755 0.308 0.222 0.222 0.222 
0.432 0.792 0.739 0.755 0.308 0.222 0.222 0.222 
0.426 0.797 0.696 0.755 0.308 0.222 0.222 0.222 
0.426 0.797 0.711 0.755 0.308 0.222 0.222 0.222 
0.449 0.778 0.781 0.755 0.308 0.222 0.222 0.222 
0.429 0.788 0.797 0.755 0.308 0.222 0.222 0.222 
0.435 0.802 0.785 0.755 0.308 0.222 0.222 0.222 
0.416 0.797 0.717 0.755 0.308 0.222 0.222 0.222 
0.438 0.807 0.688 0.755 0.308 0.222 0.222 0.222 
0.430 0.788 0.691 0.755 0.308 0.222 0.222 0.222 
0.419 0.792 0.692 0.755 0.308 0.222 0.222 0.222 
0.420 0.797 0.686 0.755 0.308 0.222 0.222 0.222 
0.422 0.792 0.677 0.755 0.308 0.222 0.222 0.222 
0.450 0.769 0.747 0.755 0.308 0.222 0.222 0.222 
0.423 0.783 0.709 0.755 0.308 0.222 0.222 0.222 
0.431 0.788 0.739 0.755 0.308 0.222 0.222 0.222 
0.423 0.788 0.710 0.717 0.462 0.333 0.333 0.333 
0.440 0.769 0.736 0.755 0.308 0.222 0.222 0.222 
0.452 0.769 0.759 0.755 0.308 0.222 0.222 0.222 
0.426 0.788 0.746 0.755 0.308 0.222 0.222 0.222 
0.437 0.769 0.788 0.755 0.308 0.222 0.222 0.222 
0.422 0.807 0.730 0.755 0.308 0.222 0.222 0.222 
0.429 0.792 0.775 0.755 0.308 0.222 0.222 0.222 
0.419 0.788 0.749 0.755 0.308 0.222 0.222 0.222 
0.432 0.792 0.727 0.755 0.308 0.222 0.222 0.222 
0.437 0.769 0.769 0.755 0.308 0.222 0.222 0.222 
0.430 0.792 0.734 0.755 0.308 0.222 0.222 0.222 
0.409 0.788 0.710 0.698 0.538 0.389 0.389 0.389 
0.447 0.783 0.694 0.736 0.385 0.278 0.278 0.278 
0.437 0.788 0.727 0.755 0.308 0.222 0.222 0.222 
0.429 0.792 0.734 0.755 0.308 0.222 0.222 0.222 
0.421 0.797 0.673 0.717 0.462 0.333 0.333 0.333 
0.432 0.788 0.728 0.755 0.308 0.222 0.222 0.222 
0.431 0.783 0.760 0.755 0.308 0.222 0.222 0.222 
0.418 0.802 0.804 0.755 0.308 0.222 0.222 0.222 
0.428 0.778 0.802 0.755 0.308 0.222 0.222 0.222 
0.428 0.797 0.740 0.717 0.462 0.333 0.278 0.278 
0.428 0.788 0.760 0.755 0.308 0.222 0.222 0.222 
0.428 0.774 0.746 0.755 0.308 0.222 0.222 0.222 
0.426 0.797 0.713 0.736 0.308 0.222 0.222 0.278 
0.420 0.792 0.698 0.755 0.308 0.222 0.222 0.222 
0.437 0.797 0.743 0.755 0.308 0.222 0.222 0.222 
0.426 0.807 0.702 0.717 0.462 0.333 0.333 0.333 
0.441 0.769 0.767 0.698 0.538 0.389 0.389 0.389 
0.448 0.783 0.792 0.736 0.308 0.278 0.222 0.278 
0.440 0.788 0.748 0.755 0.308 0.222 0.222 0.222 
0.440 0.783 0.756 0.755 0.308 0.222 0.222 0.222 
0.441 0.797 0.737 0.736 0.385 0.278 0.278 0.278 
0.414 0.816 0.696 0.717 0.462 0.333 0.333 0.333 
0.442 0.797 0.751 0.755 0.308 0.222 0.222 0.222 
0.415 0.802 0.747 0.755 0.308 0.222 0.222 0.222 
0.446 0.783 0.747 0.736 0.385 0.278 0.278 0.278 
0.439 0.802 0.739 0.717 0.462 0.333 0.333 0.333 
0.413 0.778 0.712 0.717 0.462 0.333 0.333 0.333 
0.469 0.755 0.763 0.717 0.462 0.333 0.333 0.333 
0.436 0.783 0.781 0.736 0.385 0.278 0.278 0.278 
0.440 0.788 0.783 0.736 0.308 0.222 0.222 0.278 
0.431 0.802 0.745 0.755 0.308 0.222 0.222 0.222 
0.430 0.778 0.754 0.717 0.462 0.333 0.278 0.278 
0.438 0.778 0.784 0.717 0.462 0.333 0.333 0.333 
0.417 0.788 0.762 0.736 0.385 0.278 0.278 0.278 
0.447 0.788 0.755 0.755 0.308 0.222 0.222 0.222 
0.437 0.792 0.759 0.717 0.462 0.333 0.278 0.278 
0.440 0.807 0.776 0.755 0.308 0.222 0.222 0.222 
0.428 0.788 0.799 0.755 0.308 0.222 0.222 0.222 
0.444 0.783 0.807 0.755 0.308 0.222 0.222 0.222 
0.424 0.788 0.797 0.755 0.308 0.222 0.222 0.222 
0.463 0.764 0.785 0.755 0.308 0.222 0.222 0.222 
0.436 0.769 0.775 0.755 0.308 0.222 0.222 0.222 
0.446 0.774 0.796 0.717 0.462 0.333 0.333 0.333 
0.426 0.783 0.803 0.717 0.462 0.333 0.333 0.333 
0.426 0.792 0.800 0.717 0.462 0.333 0.333 0.333 
0.416 0.788 0.749 0.717 0.462 0.333 0.333 0.333 
0.435 0.797 0.695 0.717 0.462 0.333 0.333 0.333 
0.432 0.792 0.700 0.717 0.385 0.278 0.278 0.278 
0.421 0.816 0.683 0.717 0.385 0.278 0.278 0.278 
0.438 0.788 0.717 0.755 0.308 0.222 0.222 0.222 
0.415 0.792 0.662 0.755 0.308 0.222 0.222 0.222 
0.440 0.778 0.683 0.736 0.385 0.278 0.222 0.278 
0.419 0.797 0.713 0.736 0.308 0.222 0.222 0.222 
0.413 0.797 0.741 0.755 0.308 0.222 0.222 0.222 
0.420 0.788 0.707 0.736 0.385 0.278 0.278 0.278 
0.416 0.792 0.704 0.736 0.385 0.278 0.278 0.278 
0.442 0.783 0.708 0.736 0.385 0.278 0.278 0.278 
0.442 0.774 0.726 0.755 0.308 0.222 0.222 0.222 
0.427 0.797 0.695 0.717 0.462 0.333 0.333 0.333 
0.445 0.788 0.703 0.717 0.462 0.333 0.333 0.333 
0.443 0.802 0.702 0.717 0.462 0.333 0.333 0.333 
0.431 0.774 0.716 0.755 0.308 0.222 0.222 0.222 
0.435 0.802 0.742 0.755 0.308 0.222 0.222 0.222 
0.429 0.816 0.792 0.736 0.308 0.222 0.222 0.222 
0.436 0.807 0.757 0.755 0.308 0.222 0.222 0.222 
0.424 0.792 0.701 0.736 0.385 0.278 0.278 0.278 
0.441 0.783 0.711 0.755 0.308 0.222 0.222 0.222 
0.437 0.774 0.730 0.755 0.308 0.222 0.222 0.222 
0.409 0.788 0.697 0.736 0.385 0.278 0.222 0.278 
0.415 0.807 0.702 0.717 0.462 0.333 0.333 0.333 
0.411 0.797 0.689 0.736 0.385 0.278 0.222 0.278 
0.420 0.802 0.716 0.755 0.308 0.222 0.222 0.222 
0.414 0.816 0.692 0.755 0.308 0.222 0.222 0.222 
0.426 0.811 0.708 0.755 0.308 0.222 0.222 0.222 
0.432 0.783 0.717 0.717 0.462 0.333 0.333 0.333 
0.412 0.816 0.694 0.717 0.462 0.333 0.333 0.333 
0.429 0.788 0.727 0.755 0.308 0.222 0.222 0.222 
0.426 0.792 0.723 0.755 0.308 0.222 0.222 0.222 
0.433 0.792 0.729 0.755 0.308 0.222 0.222 0.222 
0.429 0.797 0.713 0.717 0.462 0.333 0.333 0.333 
0.430 0.792 0.726 0.755 0.308 0.222 0.222 0.222 
0.426 0.797 0.693 0.717 0.462 0.333 0.278 0.333 
0.431 0.797 0.681 0.717 0.462 0.333 0.333 0.333 
0.428 0.788 0.689 0.717 0.462 0.333 0.333 0.333 
0.406 0.802 0.680 0.717 0.462 0.333 0.333 0.333 
0.433 0.792 0.704 0.717 0.462 0.333 0.333 0.333 
0.431 0.792 0.713 0.717 0.462 0.333 0.333 0.333 
0.416 0.797 0.704 0.717 0.462 0.333 0.333 0.333 
0.439 0.783 0.718 0.717 0.462 0.333 0.333 0.333 
0.417 0.802 0.723 0.736 0.385 0.278 0.278 0.278 
0.415 0.792 0.692 0.717 0.462 0.333 0.333 0.333 
0.426 0.783 0.654 0.717 0.462 0.333 0.333 0.333 
0.426 0.788 0.662 0.717 0.462 0.333 0.278 0.333 
0.447 0.759 0.709 0.736 0.308 0.222 0.222 0.222 
0.433 0.783 0.730 0.717 0.462 0.333 0.333 0.333 
0.414 0.797 0.715 0.717 0.462 0.333 0.333 0.333 
0.410 0.797 0.703 0.717 0.462 0.333 0.333 0.333 
0.409 0.802 0.663 0.717 0.462 0.333 0.333 0.333 
0.430 0.792 0.659 0.717 0.462 0.333 0.333 0.333 
0.424 0.802 0.648 0.717 0.462 0.333 0.333 0.333 
0.427 0.788 0.650 0.717 0.462 0.333 0.333 0.333 
0.416 0.802 0.631 0.736 0.462 0.333 0.333 0.333 
0.434 0.788 0.656 0.717 0.462 0.333 0.333 0.333 
0.425 0.797 0.682 0.736 0.462 0.333 0.333 0.333 
0.422 0.788 0.703 0.717 0.462 0.333 0.333 0.333 
0.429 0.783 0.734 0.736 0.385 0.333 0.278 0.333 
0.416 0.802 0.707 0.717 0.462 0.333 0.333 0.333 
0.425 0.797 0.712 0.755 0.308 0.222 0.222 0.222 
0.419 0.816 0.686 0.736 0.385 0.278 0.278 0.278 
0.460 0.778 0.720 0.755 0.308 0.222 0.222 0.222 
0.407 0.807 0.697 0.698 0.538 0.389 0.389 0.389 
0.431 0.811 0.729 0.736 0.308 0.278 0.278 0.278 
0.441 0.797 0.733 0.755 0.308 0.222 0.222 0.222 
0.416 0.797 0.713 0.755 0.308 0.222 0.222 0.222 
0.416 0.802 0.670 0.717 0.462 0.333 0.333 0.333 
0.411 0.792 0.644 0.717 0.462 0.333 0.333 0.333 
0.408 0.792 0.646 0.717 0.462 0.333 0.333 0.333 
0.422 0.802 0.696 0.736 0.385 0.278 0.278 0.278 
0.421 0.797 0.735 0.755 0.308 0.222 0.222 0.222 
0.430 0.788 0.727 0.717 0.385 0.278 0.278 0.278 
0.445 0.769 0.720 0.717 0.462 0.333 0.333 0.333 
0.429 0.783 0.712 0.717 0.462 0.333 0.333 0.333 
0.427 0.792 0.741 0.755 0.308 0.222 0.222 0.222 
0.423 0.807 0.765 0.755 0.308 0.222 0.222 0.222 
0.410 0.821 0.729 0.755 0.308 0.222 0.222 0.222 
0.418 0.797 0.686 0.755 0.308 0.222 0.222 0.222 
0.426 0.802 0.683 0.755 0.308 0.222 0.222 0.222 
0.432 0.783 0.715 0.755 0.308 0.222 0.222 0.222 
0.439 0.788 0.750 0.755 0.308 0.222 0.222 0.222 
0.429 0.807 0.753 0.755 0.308 0.222 0.222 0.222 
0.430 0.797 0.751 0.755 0.308 0.222 0.222 0.222 
0.421 0.816 0.720 0.755 0.308 0.222 0.222 0.222 
0.419 0.802 0.699 0.755 0.308 0.222 0.222 0.222 
0.447 0.774 0.709 0.755 0.308 0.222 0.222 0.222 
0.435 0.788 0.729 0.755 0.308 0.222 0.222 0.222 
0.446 0.792 0.729 0.717 0.385 0.278 0.278 0.278 
0.409 0.811 0.688 0.717 0.385 0.278 0.278 0.278 
0.432 0.802 0.708 0.755 0.308 0.222 0.222 0.222 
0.407 0.802 0.672 0.717 0.462 0.333 0.333 0.333 
0.428 0.821 0.700 0.717 0.385 0.278 0.278 0.278 
0.434 0.811 0.685 0.717 0.462 0.333 0.333 0.333 
0.431 0.783 0.677 0.736 0.385 0.278 0.278 0.278 
0.443 0.778 0.711 0.755 0.308 0.222 0.222 0.222 
0.418 0.807 0.708 0.736 0.308 0.278 0.278 0.278 
0.435 0.788 0.726 0.717 0.462 0.333 0.278 0.278 
0.416 0.792 0.723 0.717 0.462 0.333 0.333 0.333 
0.441 0.802 0.666 0.736 0.462 0.333 0.333 0.333 
0.423 0.788 0.663 0.736 0.385 0.278 0.278 0.278 
0.416 0.802 0.645 0.736 0.385 0.278 0.278 0.278 
0.422 0.802 0.631 0.755 0.385 0.278 0.278 0.278 
0.407 0.811 0.628 0.755 0.385 0.278 0.278 0.278 
0.436 0.792 0.656 0.736 0.385 0.278 0.278 0.278 
0.416 0.802 0.645 0.755 0.385 0.278 0.278 0.278 
0.414 0.792 0.646 0.774 0.308 0.222 0.222 0.222 
0.421 0.797 0.657 0.755 0.308 0.222 0.222 0.222 
0.418 0.802 0.660 0.755 0.308 0.222 0.222 0.222 
0.430 0.792 0.657 0.736 0.385 0.278 0.278 0.278 
0.434 0.792 0.668 0.717 0.385 0.278 0.278 0.278 
0.416 0.816 0.652 0.755 0.385 0.278 0.278 0.278 
0.410 0.802 0.647 0.736 0.385 0.278 0.278 0.278 
0.422 0.807 0.643 0.755 0.385 0.278 0.278 0.278 
0.422 0.792 0.660 0.736 0.385 0.278 0.278 0.278 
0.415 0.802 0.641 0.755 0.385 0.278 0.278 0.278 
0.425 0.797 0.659 0.736 0.385 0.278 0.278 0.278 
0.422 0.811 0.673 0.755 0.308 0.222 0.222 0.222 
0.438 0.802 0.679 0.736 0.385 0.278 0.278 0.278 
0.431 0.792 0.679 0.717 0.462 0.333 0.278 0.278 
0.418 0.821 0.646 0.755 0.462 0.333 0.333 0.333 
0.403 0.811 0.656 0.755 0.385 0.278 0.278 0.278 
0.425 0.774 0.677 0.736 0.308 0.278 0.222 0.278 
0.420 0.797 0.684 0.736 0.308 0.278 0.222 0.278 
0.394 0.811 0.643 0.736 0.462 0.333 0.278 0.278 
0.423 0.792 0.661 0.755 0.385 0.278 0.278 0.278 
0.421 0.792 0.670 0.736 0.462 0.333 0.333 0.333 
0.415 0.797 0.657 0.736 0.462 0.333 0.333 0.333 
0.421 0.802 0.686 0.736 0.385 0.278 0.278 0.278 
0.411 0.816 0.661 0.755 0.385 0.278 0.278 0.278 
0.435 0.802 0.675 0.736 0.385 0.278 0.278 0.278 
0.440 0.788 0.674 0.717 0.462 0.333 0.333 0.333 
0.437 0.792 0.674 0.755 0.462 0.333 0.333 0.333 
0.416 0.797 0.673 0.736 0.462 0.333 0.333 0.333 
0.428 0.816 0.688 0.717 0.462 0.333 0.278 0.333 
0.422 0.792 0.691 0.736 0.385 0.278 0.278 0.278 
0.405 0.807 0.682 0.717 0.462 0.333 0.333 0.333 
0.416 0.816 0.675 0.755 0.462 0.333 0.333 0.333 
0.427 0.802 0.673 0.755 0.462 0.333 0.333 0.333 
0.402 0.797 0.652 0.755 0.462 0.333 0.333 0.333 
0.421 0.792 0.649 0.736 0.462 0.333 0.333 0.333 
0.422 0.811 0.668 0.736 0.385 0.278 0.278 0.278 
0.433 0.797 0.690 0.755 0.308 0.222 0.222 0.222 
0.426 0.788 0.657 0.755 0.385 0.278 0.278 0.278 
0.427 0.788 0.653 0.736 0.462 0.333 0.278 0.333 
0.426 0.807 0.656 0.736 0.385 0.278 0.278 0.278 
0.428 0.788 0.671 0.736 0.385 0.278 0.278 0.278 
0.418 0.802 0.689 0.717 0.385 0.278 0.278 0.278 
0.430 0.807 0.694 0.717 0.462 0.333 0.278 0.278 
0.426 0.802 0.682 0.717 0.462 0.333 0.278 0.278 
0.431 0.788 0.683 0.717 0.462 0.333 0.278 0.278 
0.406 0.802 0.668 0.755 0.385 0.278 0.278 0.278 
0.428 0.807 0.650 0.755 0.385 0.278 0.278 0.278 
0.428 0.797 0.641 0.755 0.385 0.278 0.278 0.278 
0.427 0.792 0.665 0.755 0.308 0.222 0.222 0.222 
0.415 0.797 0.652 0.774 0.308 0.222 0.222 0.222 
0.434 0.783 0.676 0.755 0.308 0.222 0.222 0.222 
0.427 0.797 0.656 0.736 0.462 0.333 0.333 0.333 
0.426 0.802 0.665 0.736 0.385 0.278 0.278 0.278 
0.428 0.797 0.670 0.736 0.462 0.333 0.278 0.333 
0.434 0.788 0.688 0.755 0.308 0.222 0.222 0.222 
0.411 0.807 0.675 0.755 0.308 0.222 0.222 0.222 
0.419 0.797 0.661 0.774 0.308 0.222 0.222 0.222 
0.414 0.802 0.662 0.774 0.308 0.222 0.222 0.222 
0.421 0.792 0.670 0.755 0.308 0.278 0.278 0.278 
0.421 0.802 0.678 0.755 0.308 0.222 0.222 0.222 
0.410 0.788 0.668 0.755 0.308 0.222 0.222 0.222 
0.408 0.797 0.647 0.755 0.385 0.278 0.278 0.278 
0.417 0.821 0.658 0.755 0.385 0.278 0.278 0.278 
0.418 0.802 0.672 0.755 0.385 0.278 0.278 0.278 
0.423 0.797 0.693 0.736 0.385 0.278 0.278 0.278 
0.421 0.797 0.669 0.755 0.385 0.278 0.278 0.278 
0.425 0.807 0.677 0.755 0.385 0.278 0.278 0.278 
0.416 0.797 0.682 0.736 0.385 0.278 0.278 0.278 
0.416 0.807 0.659 0.755 0.385 0.278 0.278 0.278 
0.417 0.802 0.632 0.755 0.462 0.333 0.333 0.333 
0.409 0.811 0.627 0.755 0.462 0.333 0.333 0.333 
0.425 0.783 0.658 0.755 0.385 0.278 0.278 0.278 
0.418 0.811 0.647 0.755 0.385 0.278 0.278 0.278 
0.413 0.811 0.639 0.755 0.385 0.278 0.278 0.278 
0.425 0.797 0.673 0.755 0.308 0.222 0.222 0.222 
0.431 0.797 0.678 0.736 0.385 0.278 0.278 0.278 
0.420 0.797 0.671 0.755 0.385 0.278 0.278 0.278 
0.427 0.797 0.673 0.755 0.385 0.278 0.278 0.278 
0.423 0.807 0.685 0.755 0.308 0.222 0.222 0.222 
0.411 0.807 0.652 0.755 0.385 0.278 0.278 0.278 
0.433 0.802 0.639 0.736 0.385 0.278 0.278 0.278 
0.415 0.797 0.658 0.755 0.385 0.278 0.278 0.278 
0.424 0.811 0.658 0.774 0.308 0.222 0.222 0.222 
0.431 0.807 0.679 0.755 0.308 0.222 0.222 0.222 
0.414 0.797 0.659 0.774 0.308 0.222 0.222 0.222 
0.438 0.797 0.680 0.755 0.308 0.222 0.222 0.222 
0.409 0.802 0.651 0.755 0.385 0.278 0.278 0.278 
0.428 0.797 0.660 0.755 0.385 0.278 0.278 0.278 
0.411 0.816 0.643 0.755 0.385 0.278 0.278 0.278 
0.438 0.778 0.679 0.736 0.385 0.278 0.278 0.278 
0.412 0.792 0.697 0.736 0.385 0.278 0.278 0.278 
0.435 0.797 0.706 0.736 0.385 0.278 0.278 0.278 
0.398 0.821 0.667 0.736 0.385 0.278 0.278 0.278 
0.419 0.788 0.622 0.755 0.462 0.333 0.333 0.333 
0.425 0.788 0.635 0.755 0.462 0.333 0.333 0.333 
0.404 0.825 0.627 0.755 0.462 0.333 0.278 0.278 
0.424 0.797 0.626 0.755 0.385 0.278 0.278 0.278 
0.417 0.792 0.629 0.755 0.385 0.278 0.278 0.278 
0.428 0.788 0.632 0.755 0.385 0.278 0.278 0.278 
0.426 0.807 0.629 0.736 0.385 0.278 0.278 0.278 
0.404 0.802 0.618 0.755 0.462 0.333 0.278 0.278 
0.430 0.807 0.629 0.755 0.462 0.333 0.278 0.333 
0.412 0.811 0.623 0.736 0.385 0.278 0.278 0.278 
0.414 0.802 0.622 0.755 0.385 0.278 0.278 0.278 
0.424 0.802 0.608 0.755 0.385 0.278 0.278 0.278 
0.422 0.807 0.614 0.755 0.385 0.278 0.278 0.278 
0.423 0.807 0.622 0.755 0.385 0.278 0.278 0.278 
0.434 0.792 0.627 0.755 0.385 0.278 0.278 0.278 
0.427 0.797 0.634 0.755 0.385 0.278 0.278 0.278 
0.418 0.792 0.650 0.755 0.385 0.278 0.278 0.278 
0.414 0.797 0.648 0.736 0.385 0.278 0.278 0.278 
0.412 0.811 0.645 0.755 0.385 0.278 0.278 0.278 
0.409 0.816 0.642 0.736 0.385 0.278 0.278 0.278 
0.415 0.802 0.624 0.736 0.385 0.278 0.278 0.278 
0.406 0.802 0.633 0.755 0.385 0.278 0.278 0.278 
0.415 0.807 0.646 0.755 0.385 0.278 0.278 0.278 
0.408 0.802 0.635 0.755 0.385 0.278 0.278 0.278 
0.421 0.802 0.647 0.755 0.385 0.278 0.278 0.278 
0.414 0.802 0.647 0.755 0.385 0.278 0.278 0.278 
0.399 0.792 0.623 0.755 0.385 0.278 0.278 0.278 
0.407 0.802 0.612 0.755 0.462 0.333 0.333 0.333 
0.427 0.792 0.622 0.736 0.462 0.333 0.278 0.333 
0.437 0.802 0.630 0.736 0.462 0.333 0.278 0.333 
0.414 0.802 0.644 0.755 0.385 0.278 0.278 0.278 
0.411 0.802 0.634 0.755 0.385 0.278 0.278 0.278 
0.423 0.802 0.622 0.755 0.385 0.278 0.278 0.278 
0.429 0.797 0.617 0.755 0.385 0.278 0.278 0.278 
0.410 0.797 0.608 0.755 0.462 0.333 0.333 0.333 
0.428 0.816 0.614 0.755 0.385 0.278 0.278 0.278 
0.415 0.788 0.636 0.755 0.385 0.278 0.278 0.278 
0.416 0.802 0.648 0.755 0.385 0.278 0.278 0.278 
0.423 0.802 0.647 0.755 0.385 0.278 0.278 0.278 
0.407 0.792 0.621 0.755 0.462 0.333 0.278 0.278 
0.401 0.816 0.618 0.755 0.462 0.333 0.333 0.333 
0.424 0.797 0.622 0.755 0.462 0.333 0.333 0.333 
0.429 0.811 0.630 0.755 0.462 0.278 0.278 0.278 
0.421 0.802 0.649 0.755 0.385 0.278 0.278 0.278 
0.419 0.807 0.652 0.755 0.385 0.278 0.278 0.278 
0.412 0.802 0.648 0.755 0.385 0.278 0.278 0.278 
0.414 0.797 0.642 0.755 0.385 0.278 0.278 0.278 
0.419 0.821 0.615 0.774 0.385 0.278 0.278 0.278 
0.420 0.788 0.620 0.755 0.385 0.278 0.278 0.278 
0.429 0.802 0.621 0.755 0.385 0.278 0.278 0.278 
0.426 0.811 0.637 0.755 0.385 0.278 0.278 0.278 
0.422 0.792 0.642 0.755 0.385 0.278 0.278 0.278 
0.410 0.816 0.623 0.755 0.462 0.333 0.333 0.333 
0.403 0.825 0.615 0.755 0.462 0.333 0.278 0.333 
0.411 0.807 0.630 0.755 0.385 0.278 0.278 0.278 
0.419 0.802 0.640 0.755 0.385 0.278 0.278 0.278 
0.402 0.802 0.627 0.755 0.385 0.278 0.278 0.278 
0.419 0.811 0.623 0.755 0.385 0.278 0.278 0.278 
0.426 0.788 0.640 0.755 0.385 0.278 0.278 0.278 
0.406 0.802 0.632 0.736 0.385 0.278 0.278 0.278 
0.416 0.788 0.619 0.755 0.385 0.278 0.278 0.278 
0.432 0.802 0.629 0.755 0.385 0.278 0.278 0.278 
0.421 0.816 0.617 0.755 0.385 0.278 0.278 0.278 
0.424 0.807 0.645 0.755 0.385 0.278 0.278 0.278 
0.418 0.778 0.652 0.755 0.385 0.278 0.278 0.278 
0.429 0.802 0.654 0.755 0.385 0.278 0.278 0.278 
0.413 0.802 0.620 0.755 0.385 0.278 0.278 0.278 
0.431 0.807 0.604 0.755 0.462 0.333 0.333 0.333 
0.424 0.811 0.611 0.736 0.385 0.278 0.278 0.278 
0.420 0.807 0.640 0.755 0.385 0.278 0.278 0.278 
0.423 0.788 0.641 0.755 0.385 0.278 0.278 0.278 
0.420 0.778 0.632 0.755 0.385 0.278 0.278 0.278 
0.415 0.792 0.630 0.755 0.462 0.333 0.333 0.333 
0.433 0.792 0.628 0.755 0.462 0.333 0.333 0.333 
0.420 0.811 0.631 0.755 0.462 0.333 0.333 0.333 
0.423 0.811 0.640 0.755 0.385 0.278 0.278 0.278 
0.423 0.816 0.633 0.755 0.385 0.278 0.278 0.278 
0.398 0.807 0.643 0.755 0.385 0.278 0.278 0.278 
0.415 0.811 0.632 0.755 0.385 0.278 0.278 0.278 
0.415 0.797 0.626 0.774 0.385 0.278 0.278 0.278 
0.433 0.802 0.635 0.755 0.385 0.278 0.278 0.278 
0.412 0.811 0.626 0.755 0.385 0.278 0.278 0.278 
0.413 0.811 0.648 0.755 0.385 0.278 0.278 0.278 
0.412 0.792 0.632 0.755 0.385 0.278 0.278 0.278 
0.424 0.802 0.624 0.755 0.385 0.278 0.278 0.278 
0.414 0.797 0.611 0.755 0.385 0.278 0.278 0.278 
0.411 0.792 0.610 0.755 0.385 0.278 0.278 0.278 
0.430 0.807 0.609 0.774 0.385 0.278 0.278 0.278 
0.402 0.816 0.608 0.774 0.385 0.278 0.278 0.278 
0.430 0.816 0.626 0.755 0.385 0.278 0.278 0.278 
0.423 0.797 0.615 0.755 0.385 0.278 0.278 0.278 
0.414 0.802 0.612 0.755 0.385 0.278 0.278 0.278 
0.401 0.807 0.617 0.755 0.385 0.278 0.278 0.278 
0.424 0.797 0.634 0.755 0.385 0.278 0.278 0.278 
0.402 0.802 0.618 0.755 0.385 0.278 0.278 0.278 
0.426 0.802 0.632 0.755 0.385 0.278 0.278 0.278 
0.415 0.802 0.618 0.755 0.385 0.278 0.278 0.278 
0.421 0.802 0.626 0.755 0.385 0.278 0.278 0.278 
0.413 0.811 0.624 0.755 0.385 0.278 0.278 0.278 
0.413 0.792 0.618 0.755 0.385 0.278 0.278 0.278 
0.411 0.792 0.592 0.755 0.462 0.333 0.333 0.333 
0.414 0.807 0.597 0.755 0.462 0.333 0.333 0.333 
0.409 0.816 0.594 0.755 0.462 0.333 0.333 0.333 
0.423 0.797 0.601 0.774 0.385 0.278 0.278 0.278 
0.417 0.807 0.605 0.774 0.385 0.278 0.278 0.278 
0.412 0.792 0.605 0.755 0.385 0.278 0.278 0.278 
0.410 0.797 0.600 0.774 0.385 0.278 0.278 0.278 
0.425 0.811 0.592 0.755 0.462 0.333 0.278 0.278 
0.423 0.788 0.591 0.774 0.385 0.278 0.278 0.278 
0.414 0.807 0.586 0.755 0.385 0.278 0.278 0.278 
0.420 0.807 0.593 0.755 0.385 0.278 0.278 0.278 
0.409 0.811 0.598 0.774 0.385 0.278 0.278 0.278 
0.425 0.774 0.607 0.755 0.385 0.278 0.278 0.278 
0.414 0.811 0.605 0.755 0.385 0.278 0.278 0.278 
0.423 0.816 0.613 0.755 0.385 0.278 0.278 0.278 
0.411 0.802 0.616 0.755 0.385 0.278 0.278 0.278 
0.410 0.802 0.609 0.774 0.385 0.278 0.278 0.278 
0.422 0.807 0.602 0.774 0.385 0.278 0.278 0.278 
0.427 0.792 0.605 0.774 0.385 0.278 0.278 0.278 
0.421 0.807 0.604 0.774 0.385 0.278 0.278 0.278 
0.406 0.807 0.595 0.774 0.385 0.278 0.278 0.278 
0.403 0.807 0.592 0.774 0.385 0.278 0.278 0.278 
0.424 0.811 0.601 0.774 0.385 0.278 0.278 0.278 
0.414 0.821 0.592 0.774 0.385 0.278 0.278 0.278 
0.420 0.811 0.601 0.774 0.385 0.278 0.278 0.278 
0.404 0.807 0.592 0.755 0.385 0.278 0.278 0.278 
0.425 0.807 0.603 0.755 0.385 0.278 0.278 0.278 
0.415 0.816 0.596 0.755 0.385 0.278 0.278 0.278 
0.412 0.802 0.601 0.755 0.385 0.278 0.278 0.278 
0.415 0.807 0.599 0.774 0.385 0.278 0.278 0.278 
0.421 0.802 0.608 0.755 0.385 0.278 0.278 0.278 
0.416 0.792 0.606 0.774 0.385 0.278 0.278 0.278 
0.410 0.802 0.600 0.755 0.385 0.278 0.278 0.278 
0.449 0.807 0.605 0.755 0.385 0.278 0.278 0.278 
0.424 0.792 0.606 0.774 0.385 0.278 0.278 0.278 
0.422 0.802 0.599 0.755 0.385 0.278 0.278 0.278 
0.407 0.816 0.590 0.755 0.385 0.278 0.278 0.278 
0.409 0.797 0.589 0.755 0.462 0.333 0.278 0.278 
0.422 0.792 0.601 0.755 0.385 0.278 0.278 0.278 
0.432 0.811 0.598 0.774 0.385 0.278 0.278 0.278 
0.409 0.802 0.601 0.755 0.385 0.278 0.278 0.278 
0.421 0.797 0.601 0.755 0.385 0.278 0.278 0.278 
0.418 0.816 0.600 0.755 0.385 0.278 0.278 0.278 
0.406 0.816 0.608 0.755 0.385 0.278 0.278 0.278 
0.426 0.802 0.610 0.755 0.385 0.278 0.278 0.278 
0.418 0.788 0.611 0.755 0.385 0.278 0.278 0.278 
0.408 0.811 0.602 0.755 0.385 0.278 0.278 0.278 
0.433 0.783 0.609 0.755 0.385 0.278 0.278 0.278 
0.412 0.802 0.610 0.755 0.385 0.278 0.278 0.278 
0.406 0.811 0.599 0.755 0.385 0.278 0.278 0.278 
0.404 0.816 0.595 0.755 0.462 0.333 0.278 0.278 
0.415 0.807 0.606 0.755 0.385 0.278 0.278 0.278 
0.425 0.797 0.611 0.755 0.385 0.278 0.278 0.278 
0.415 0.816 0.600 0.755 0.385 0.278 0.278 0.278 
0.430 0.797 0.611 0.755 0.385 0.278 0.278 0.278 
0.421 0.797 0.607 0.755 0.385 0.278 0.278 0.278 
0.426 0.807 0.609 0.755 0.385 0.278 0.278 0.278 
0.418 0.802 0.601 0.774 0.385 0.278 0.278 0.278 
0.424 0.792 0.608 0.755 0.385 0.278 0.278 0.278 
0.419 0.821 0.600 0.755 0.462 0.333 0.278 0.278 
0.418 0.807 0.597 0.755 0.385 0.278 0.278 0.278 
0.409 0.811 0.608 0.755 0.385 0.278 0.278 0.278 
0.414 0.807 0.599 0.755 0.385 0.278 0.278 0.278 
0.420 0.797 0.598 0.755 0.385 0.278 0.278 0.278 
0.414 0.807 0.610 0.755 0.385 0.278 0.278 0.278 
0.410 0.807 0.608 0.755 0.385 0.278 0.278 0.278 
0.413 0.821 0.608 0.755 0.385 0.278 0.278 0.278 
0.404 0.811 0.602 0.755 0.385 0.278 0.278 0.278 
0.418 0.811 0.614 0.755 0.385 0.278 0.278 0.278 
0.426 0.797 0.612 0.755 0.385 0.278 0.278 0.278 
0.422 0.797 0.609 0.755 0.385 0.278 0.278 0.278 
0.432 0.788 0.616 0.755 0.385 0.278 0.278 0.278 
0.405 0.807 0.611 0.755 0.385 0.278 0.278 0.278 
0.424 0.783 0.621 0.755 0.385 0.278 0.278 0.278 
0.411 0.797 0.608 0.755 0.385 0.278 0.278 0.278 
0.422 0.811 0.609 0.755 0.385 0.278 0.278 0.278 
0.412 0.802 0.597 0.774 0.385 0.278 0.278 0.278 
0.418 0.811 0.596 0.755 0.462 0.333 0.278 0.333 
0.426 0.792 0.605 0.755 0.385 0.278 0.278 0.278 
0.409 0.811 0.603 0.774 0.385 0.278 0.278 0.278 
0.402 0.811 0.598 0.755 0.385 0.278 0.278 0.278 
0.425 0.811 0.604 0.755 0.385 0.278 0.278 0.278 
0.411 0.797 0.597 0.755 0.385 0.278 0.278 0.278 
0.420 0.797 0.605 0.755 0.385 0.278 0.278 0.278 
0.406 0.797 0.611 0.755 0.385 0.278 0.278 0.278 
0.428 0.788 0.612 0.755 0.385 0.278 0.278 0.278 
0.416 0.811 0.601 0.755 0.462 0.333 0.278 0.333 
0.406 0.802 0.606 0.755 0.462 0.333 0.278 0.333 
0.426 0.797 0.605 0.755 0.462 0.333 0.333 0.333 
0.416 0.811 0.602 0.755 0.462 0.278 0.278 0.278 
0.415 0.807 0.618 0.755 0.385 0.278 0.278 0.278 
0.417 0.807 0.620 0.755 0.385 0.278 0.278 0.278 
0.440 0.783 0.622 0.755 0.385 0.278 0.278 0.278 
0.411 0.816 0.616 0.755 0.385 0.278 0.278 0.278 
0.422 0.797 0.612 0.755 0.385 0.278 0.278 0.278 
0.416 0.811 0.604 0.755 0.385 0.278 0.278 0.278 
0.427 0.788 0.607 0.755 0.385 0.278 0.278 0.278 
0.420 0.802 0.605 0.755 0.385 0.278 0.278 0.278 
0.414 0.807 0.613 0.755 0.385 0.278 0.278 0.278 
0.420 0.792 0.620 0.755 0.385 0.278 0.278 0.278 
0.409 0.807 0.581 0.755 0.385 0.278 0.278 0.278 
0.413 0.807 0.580 0.755 0.462 0.333 0.278 0.278 
0.423 0.807 0.578 0.755 0.462 0.333 0.278 0.278 
0.419 0.797 0.589 0.774 0.385 0.278 0.278 0.278 
0.414 0.797 0.588 0.774 0.385 0.278 0.278 0.278 
0.406 0.802 0.580 0.774 0.385 0.278 0.278 0.278 
0.424 0.816 0.586 0.755 0.385 0.278 0.278 0.278 
0.428 0.797 0.582 0.774 0.385 0.278 0.278 0.278 
0.407 0.811 0.582 0.774 0.385 0.278 0.278 0.278 
0.422 0.807 0.585 0.755 0.385 0.278 0.278 0.278 
0.422 0.792 0.585 0.755 0.385 0.278 0.278 0.278 
0.409 0.797 0.585 0.755 0.462 0.278 0.278 0.278 
0.409 0.807 0.581 0.755 0.462 0.333 0.333 0.333 
0.415 0.802 0.584 0.755 0.462 0.333 0.278 0.278 
0.419 0.802 0.589 0.774 0.385 0.278 0.278 0.278 
0.432 0.792 0.587 0.774 0.385 0.278 0.278 0.278 
0.421 0.811 0.585 0.774 0.385 0.278 0.278 0.278 
0.406 0.807 0.587 0.755 0.385 0.278 0.278 0.278 
0.408 0.792 0.585 0.774 0.385 0.278 0.278 0.278 
0.412 0.811 0.585 0.755 0.385 0.278 0.278 0.278 
0.406 0.802 0.584 0.755 0.462 0.333 0.278 0.278 
0.415 0.811 0.588 0.755 0.385 0.278 0.278 0.278 
0.411 0.807 0.587 0.755 0.385 0.278 0.278 0.278 
0.421 0.807 0.587 0.755 0.385 0.278 0.278 0.278 
0.415 0.792 0.586 0.774 0.385 0.278 0.278 0.278 
0.423 0.802 0.584 0.774 0.385 0.278 0.278 0.278 
0.421 0.797 0.577 0.755 0.385 0.278 0.278 0.278 
0.413 0.792 0.580 0.774 0.385 0.278 0.278 0.278 
0.406 0.797 0.577 0.755 0.462 0.278 0.278 0.278 
0.428 0.807 0.582 0.774 0.385 0.278 0.278 0.278 
0.410 0.788 0.586 0.774 0.385 0.278 0.278 0.278 
0.422 0.807 0.583 0.774 0.385 0.278 0.278 0.278 
0.417 0.807 0.582 0.774 0.385 0.278 0.278 0.278 
0.415 0.788 0.590 0.755 0.385 0.278 0.278 0.278 
0.424 0.807 0.585 0.774 0.385 0.278 0.278 0.278 
0.405 0.807 0.580 0.774 0.385 0.278 0.278 0.278 
0.432 0.788 0.585 0.774 0.385 0.278 0.278 0.278 
0.413 0.797 0.584 0.774 0.385 0.278 0.278 0.278 
0.411 0.811 0.584 0.774 0.385 0.278 0.278 0.278 
0.418 0.802 0.589 0.755 0.385 0.278 0.278 0.278 
0.414 0.816 0.593 0.755 0.385 0.278 0.278 0.278 
0.423 0.783 0.588 0.755 0.385 0.278 0.278 0.278 
0.402 0.811 0.585 0.755 0.385 0.278 0.278 0.278 
0.406 0.802 0.589 0.755 0.385 0.278 0.278 0.278 
0.421 0.807 0.586 0.755 0.385 0.278 0.278 0.278 
0.419 0.797 0.589 0.774 0.385 0.278 0.278 0.278 
0.407 0.797 0.582 0.774 0.385 0.278 0.278 0.278 
0.426 0.811 0.590 0.774 0.385 0.278 0.278 0.278 
0.413 0.797 0.589 0.774 0.385 0.278 0.278 0.278 
0.415 0.797 0.592 0.774 0.385 0.278 0.278 0.278 
0.403 0.811 0.586 0.774 0.385 0.278 0.278 0.278 
0.415 0.792 0.587 0.755 0.385 0.278 0.278 0.278 
0.411 0.816 0.587 0.774 0.385 0.278 0.278 0.278 
0.417 0.792 0.583 0.755 0.462 0.333 0.278 0.278 
0.420 0.807 0.581 0.755 0.462 0.278 0.278 0.278 
0.402 0.797 0.577 0.774 0.385 0.278 0.278 0.278 
0.419 0.816 0.584 0.774 0.385 0.278 0.278 0.278 
0.402 0.816 0.591 0.774 0.385 0.278 0.278 0.278 
0.413 0.802 0.592 0.755 0.385 0.278 0.278 0.278 
0.413 0.811 0.596 0.755 0.385 0.278 0.278 0.278 
0.418 0.802 0.596 0.755 0.385 0.278 0.278 0.278 
0.421 0.797 0.593 0.774 0.385 0.278 0.278 0.278 
0.417 0.792 0.590 0.774 0.385 0.278 0.278 0.278 
0.415 0.807 0.587 0.774 0.385 0.278 0.278 0.278 
0.422 0.797 0.586 0.774 0.385 0.278 0.278 0.278 
0.399 0.792 0.580 0.774 0.385 0.278 0.278 0.278 
0.412 0.807 0.582 0.774 0.385 0.278 0.278 0.278 
0.418 0.816 0.589 0.774 0.385 0.278 0.278 0.278 
0.407 0.811 0.587 0.774 0.385 0.278 0.278 0.278 
0.423 0.797 0.591 0.755 0.385 0.278 0.278 0.278 
0.417 0.825 0.596 0.755 0.385 0.278 0.278 0.278 
0.418 0.807 0.601 0.755 0.385 0.278 0.278 0.278 
0.424 0.797 0.600 0.755 0.385 0.278 0.278 0.278 
0.411 0.816 0.593 0.774 0.385 0.278 0.278 0.278 
0.408 0.797 0.586 0.774 0.385 0.278 0.278 0.278 
0.417 0.797 0.585 0.774 0.385 0.278 0.278 0.278 
0.407 0.802 0.578 0.755 0.385 0.278 0.278 0.278 
0.433 0.802 0.589 0.755 0.385 0.278 0.278 0.278 
0.428 0.797 0.593 0.774 0.385 0.278 0.278 0.278 
0.423 0.797 0.602 0.755 0.385 0.278 0.278 0.278 
0.419 0.792 0.603 0.755 0.385 0.278 0.278 0.278 
0.411 0.821 0.593 0.774 0.385 0.278 0.278 0.278 
0.411 0.811 0.596 0.774 0.385 0.278 0.278 0.278 
0.425 0.797 0.591 0.774 0.385 0.278 0.278 0.278 
0.409 0.797 0.583 0.774 0.385 0.278 0.278 0.278 
0.430 0.792 0.587 0.774 0.385 0.278 0.278 0.278 
0.420 0.797 0.590 0.774 0.385 0.278 0.278 0.278 
0.422 0.792 0.596 0.774 0.385 0.278 0.278 0.278 
0.406 0.797 0.590 0.755 0.385 0.278 0.278 0.278 
0.402 0.797 0.590 0.755 0.462 0.278 0.278 0.278 
0.420 0.807 0.589 0.755 0.462 0.278 0.278 0.278 
0.412 0.807 0.591 0.755 0.385 0.278 0.278 0.278 
0.412 0.802 0.590 0.755 0.385 0.278 0.278 0.278 
0.406 0.807 0.589 0.755 0.385 0.278 0.278 0.278 
0.423 0.807 0.591 0.774 0.385 0.278 0.278 0.278 
0.409 0.797 0.587 0.774 0.385 0.278 0.278 0.278 
0.411 0.807 0.586 0.774 0.385 0.278 0.278 0.278 
0.421 0.807 0.597 0.755 0.385 0.278 0.278 0.278 
0.423 0.802 0.591 0.755 0.385 0.278 0.278 0.278 
0.409 0.797 0.598 0.755 0.385 0.278 0.278 0.278 
0.421 0.802 0.567 0.774 0.385 0.278 0.278 0.278 
0.419 0.802 0.577 0.774 0.385 0.278 0.278 0.278 
0.413 0.802 0.578 0.774 0.385 0.278 0.278 0.278 
0.421 0.802 0.577 0.774 0.385 0.278 0.278 0.278 
0.416 0.807 0.575 0.774 0.385 0.278 0.278 0.278 
0.416 0.802 0.571 0.774 0.385 0.278 0.278 0.278 
0.408 0.807 0.568 0.774 0.385 0.278 0.278 0.278 
0.433 0.802 0.569 0.774 0.385 0.278 0.278 0.278 
0.422 0.811 0.575 0.774 0.385 0.278 0.278 0.278 
0.419 0.802 0.576 0.774 0.385 0.278 0.278 0.278 
0.420 0.788 0.575 0.774 0.385 0.278 0.278 0.278 
0.433 0.778 0.574 0.774 0.385 0.278 0.278 0.278 
0.425 0.811 0.575 0.774 0.385 0.278 0.278 0.278 
0.423 0.802 0.570 0.774 0.385 0.278 0.278 0.278 
0.409 0.807 0.572 0.774 0.385 0.278 0.278 0.278 
0.410 0.797 0.572 0.774 0.385 0.278 0.278 0.278 
0.411 0.797 0.579 0.774 0.385 0.278 0.278 0.278 
0.415 0.816 0.578 0.774 0.385 0.278 0.278 0.278 
0.422 0.788 0.577 0.774 0.385 0.278 0.278 0.278 
0.408 0.807 0.576 0.774 0.385 0.278 0.278 0.278 
0.421 0.797 0.576 0.774 0.385 0.278 0.278 0.278 
0.418 0.792 0.570 0.774 0.385 0.278 0.278 0.278 
0.412 0.821 0.573 0.774 0.385 0.278 0.278 0.278 
0.406 0.797 0.569 0.774 0.385 0.278 0.278 0.278 
0.412 0.811 0.573 0.774 0.385 0.278 0.278 0.278 
0.414 0.802 0.571 0.774 0.385 0.278 0.278 0.278 
0.408 0.816 0.573 0.774 0.385 0.278 0.278 0.278 
0.413 0.816 0.571 0.774 0.385 0.278 0.278 0.278 
0.410 0.807 0.570 0.774 0.385 0.278 0.278 0.278 
0.412 0.807 0.573 0.774 0.385 0.278 0.278 0.278 
0.419 0.797 0.577 0.774 0.385 0.278 0.278 0.278 
0.409 0.811 0.575 0.774 0.385 0.278 0.278 0.278 
0.405 0.792 0.572 0.774 0.385 0.278 0.278 0.278 
0.421 0.802 0.571 0.774 0.385 0.278 0.278 0.278 
0.415 0.797 0.573 0.774 0.385 0.278 0.278 0.278 
0.424 0.807 0.573 0.774 0.385 0.278 0.278 0.278 
0.423 0.802 0.570 0.774 0.385 0.278 0.278 0.278 
0.420 0.816 0.575 0.774 0.385 0.278 0.278 0.278 
0.420 0.811 0.574 0.774 0.385 0.278 0.278 0.278 
0.415 0.816 0.574 0.774 0.385 0.278 0.278 0.278 
0.414 0.807 0.570 0.774 0.385 0.278 0.278 0.278 
0.416 0.807 0.569 0.774 0.385 0.278 0.278 0.278 
0.408 0.797 0.571 0.774 0.385 0.278 0.278 0.278 
0.416 0.811 0.566 0.755 0.385 0.278 0.278 0.278 
0.395 0.783 0.567 0.774 0.385 0.278 0.278 0.278 
0.420 0.802 0.571 0.774 0.385 0.278 0.278 0.278 
0.406 0.811 0.571 0.774 0.385 0.278 0.278 0.278 
0.414 0.802 0.569 0.774 0.385 0.278 0.278 0.278 
0.415 0.807 0.567 0.774 0.385 0.278 0.278 0.278 
0.419 0.797 0.573 0.774 0.385 0.278 0.278 0.278 
0.404 0.797 0.571 0.774 0.385 0.278 0.278 0.278 
0.408 0.807 0.576 0.774 0.385 0.278 0.278 0.278 
0.408 0.802 0.573 0.774 0.385 0.278 0.278 0.278 
0.410 0.807 0.574 0.774 0.385 0.278 0.278 0.278 
0.412 0.811 0.572 0.774 0.385 0.278 0.278 0.278 
0.412 0.807 0.571 0.774 0.385 0.278 0.278 0.278 
0.416 0.807 0.569 0.774 0.385 0.278 0.278 0.278 
0.418 0.797 0.568 0.774 0.385 0.278 0.278 0.278 
0.414 0.807 0.572 0.774 0.385 0.278 0.278 0.278 
0.412 0.788 0.571 0.774 0.385 0.278 0.278 0.278 
0.413 0.792 0.568 0.774 0.385 0.278 0.278 0.278 
0.418 0.802 0.572 0.774 0.385 0.278 0.278 0.278 
0.420 0.807 0.570 0.774 0.385 0.278 0.278 0.278 
0.411 0.811 0.567 0.774 0.385 0.278 0.278 0.278 
0.426 0.802 0.567 0.774 0.385 0.278 0.278 0.278 
0.428 0.797 0.568 0.774 0.385 0.278 0.278 0.278 
0.413 0.802 0.567 0.774 0.385 0.278 0.278 0.278 
0.411 0.802 0.570 0.774 0.385 0.278 0.278 0.278 
0.416 0.792 0.571 0.774 0.385 0.278 0.278 0.278 
0.415 0.811 0.569 0.774 0.385 0.278 0.278 0.278 
0.419 0.802 0.566 0.774 0.385 0.278 0.278 0.278 
0.420 0.807 0.565 0.755 0.385 0.278 0.278 0.278 
0.404 0.802 0.566 0.755 0.385 0.278 0.278 0.278 
0.420 0.802 0.563 0.755 0.385 0.278 0.278 0.278 
0.399 0.816 0.567 0.774 0.385 0.278 0.278 0.278 
0.422 0.802 0.569 0.774 0.385 0.278 0.278 0.278 
0.404 0.802 0.573 0.774 0.385 0.278 0.278 0.278 
0.408 0.797 0.572 0.774 0.385 0.278 0.278 0.278 
0.411 0.807 0.575 0.774 0.385 0.278 0.278 0.278 
0.403 0.802 0.568 0.774 0.385 0.278 0.278 0.278 
0.405 0.807 0.567 0.755 0.385 0.278 0.278 0.278 
0.413 0.797 0.567 0.755 0.385 0.278 0.278 0.278 
0.422 0.802 0.569 0.755 0.385 0.278 0.278 0.278 
0.414 0.807 0.567 0.755 0.385 0.278 0.278 0.278 
0.417 0.797 0.567 0.755 0.385 0.278 0.278 0.278 
0.424 0.807 0.566 0.755 0.385 0.278 0.278 0.278 
0.418 0.811 0.568 0.774 0.385 0.278 0.278 0.278 
0.420 0.807 0.570 0.774 0.385 0.278 0.278 0.278 
0.399 0.802 0.564 0.774 0.385 0.278 0.278 0.278 
0.417 0.811 0.568 0.774 0.385 0.278 0.278 0.278 
0.404 0.802 0.568 0.774 0.385 0.278 0.278 0.278 
0.423 0.816 0.566 0.774 0.385 0.278 0.278 0.278 
0.420 0.802 0.559 0.755 0.385 0.278 0.278 0.278 
0.437 0.774 0.564 0.774 0.385 0.278 0.278 0.278 
0.416 0.797 0.562 0.774 0.385 0.278 0.278 0.278 
0.412 0.807 0.562 0.774 0.385 0.278 0.278 0.278 
0.414 0.802 0.569 0.774 0.385 0.278 0.278 0.278 
0.406 0.792 0.565 0.774 0.385 0.278 0.278 0.278 
0.430 0.816 0.569 0.774 0.385 0.278 0.278 0.278 
0.395 0.802 0.563 0.755 0.385 0.278 0.278 0.278 
0.419 0.802 0.551 0.755 0.538 0.333 0.333 0.333 
0.420 0.792 0.551 0.755 0.538 0.333 0.333 0.333 
0.405 0.807 0.551 0.755 0.538 0.333 0.333 0.333 
0.417 0.811 0.550 0.755 0.538 0.333 0.333 0.333 
0.408 0.802 0.549 0.774 0.538 0.333 0.278 0.333 
0.408 0.807 0.550 0.774 0.385 0.278 0.278 0.278 
0.412 0.807 0.549 0.774 0.385 0.278 0.278 0.278 
0.418 0.807 0.552 0.774 0.385 0.278 0.278 0.278 
0.413 0.797 0.551 0.774 0.385 0.278 0.278 0.278 
0.407 0.797 0.550 0.774 0.385 0.278 0.278 0.278 
0.403 0.811 0.552 0.774 0.385 0.278 0.278 0.278 
0.421 0.816 0.554 0.774 0.385 0.278 0.278 0.278 
0.420 0.807 0.552 0.774 0.385 0.278 0.278 0.278 
0.402 0.802 0.553 0.774 0.385 0.278 0.278 0.278 
0.423 0.788 0.557 0.774 0.385 0.278 0.278 0.278 
0.416 0.797 0.556 0.774 0.385 0.278 0.278 0.278 
0.413 0.797 0.555 0.792 0.385 0.278 0.278 0.278 
0.419 0.802 0.553 0.774 0.385 0.278 0.278 0.278 
0.409 0.807 0.554 0.774 0.385 0.278 0.278 0.278 
0.409 0.816 0.557 0.792 0.385 0.278 0.278 0.278 
0.416 0.792 0.557 0.774 0.385 0.278 0.278 0.278 
0.416 0.807 0.552 0.755 0.538 0.333 0.278 0.278 
0.406 0.797 0.554 0.755 0.538 0.333 0.333 0.333 
0.422 0.802 0.551 0.755 0.538 0.389 0.389 0.389 
0.427 0.792 0.550 0.755 0.538 0.389 0.389 0.333 
0.405 0.807 0.552 0.755 0.538 0.333 0.333 0.333 
0.409 0.797 0.550 0.755 0.538 0.333 0.333 0.333 
0.418 0.802 0.548 0.755 0.538 0.333 0.333 0.333 
0.410 0.807 0.552 0.774 0.385 0.278 0.278 0.278 
0.409 0.811 0.552 0.774 0.385 0.278 0.278 0.278 
0.409 0.792 0.552 0.774 0.385 0.278 0.278 0.278 
0.414 0.811 0.551 0.755 0.538 0.333 0.278 0.333 
0.415 0.802 0.552 0.774 0.385 0.278 0.278 0.278 
0.419 0.811 0.554 0.774 0.385 0.278 0.278 0.278 
0.405 0.811 0.553 0.774 0.385 0.278 0.278 0.278 
0.427 0.802 0.552 0.774 0.385 0.278 0.278 0.278 
0.414 0.811 0.549 0.774 0.385 0.278 0.278 0.278 
0.414 0.797 0.550 0.774 0.385 0.278 0.278 0.278 
0.417 0.811 0.549 0.774 0.385 0.278 0.278 0.278 
0.433 0.802 0.547 0.774 0.385 0.278 0.278 0.278 
0.415 0.807 0.545 0.755 0.538 0.333 0.278 0.278 
0.423 0.802 0.547 0.774 0.385 0.278 0.278 0.278 
0.418 0.807 0.544 0.755 0.538 0.333 0.333 0.333 
0.431 0.802 0.548 0.755 0.538 0.333 0.278 0.278 
0.422 0.797 0.547 0.755 0.538 0.333 0.278 0.333 
0.410 0.788 0.548 0.774 0.385 0.278 0.278 0.278 
0.405 0.807 0.550 0.774 0.385 0.278 0.278 0.278 
0.412 0.802 0.553 0.774 0.385 0.278 0.278 0.278 
0.413 0.807 0.551 0.774 0.385 0.278 0.278 0.278 
0.422 0.802 0.550 0.755 0.538 0.333 0.278 0.333 
0.418 0.807 0.551 0.774 0.385 0.278 0.278 0.278 
0.408 0.807 0.549 0.774 0.385 0.278 0.278 0.278 
0.424 0.807 0.552 0.792 0.385 0.278 0.278 0.278 
0.418 0.802 0.552 0.792 0.385 0.278 0.278 0.278 
0.411 0.807 0.551 0.792 0.385 0.278 0.278 0.278 
0.423 0.802 0.550 0.792 0.385 0.278 0.278 0.278 
0.417 0.807 0.546 0.792 0.385 0.278 0.278 0.278 
0.404 0.807 0.548 0.774 0.385 0.278 0.278 0.278 
0.416 0.816 0.547 0.774 0.385 0.278 0.278 0.278 
0.411 0.802 0.545 0.774 0.462 0.278 0.278 0.278 
0.419 0.802 0.548 0.774 0.385 0.278 0.278 0.278 
0.407 0.802 0.548 0.755 0.538 0.333 0.278 0.278 
0.422 0.807 0.547 0.755 0.538 0.333 0.333 0.333 
0.404 0.802 0.548 0.774 0.385 0.278 0.278 0.278 
0.410 0.802 0.548 0.755 0.538 0.333 0.278 0.278 
0.410 0.797 0.547 0.755 0.538 0.333 0.278 0.278 
0.411 0.807 0.549 0.755 0.538 0.333 0.278 0.333 
0.423 0.792 0.550 0.774 0.385 0.278 0.278 0.278 
0.418 0.807 0.551 0.792 0.385 0.278 0.278 0.278 
0.418 0.802 0.553 0.792 0.385 0.278 0.278 0.278 
0.419 0.816 0.553 0.792 0.385 0.278 0.278 0.278 
0.410 0.792 0.551 0.792 0.385 0.278 0.278 0.278 
0.403 0.811 0.550 0.792 0.385 0.278 0.278 0.278 
0.407 0.802 0.551 0.792 0.385 0.278 0.278 0.278 
0.410 0.802 0.549 0.792 0.385 0.278 0.278 0.278 
0.413 0.802 0.552 0.792 0.385 0.278 0.278 0.278 
0.422 0.792 0.551 0.792 0.385 0.278 0.278 0.278 
0.408 0.783 0.550 0.774 0.385 0.278 0.278 0.278 
0.415 0.807 0.551 0.774 0.385 0.278 0.278 0.278 
0.414 0.802 0.550 0.774 0.385 0.278 0.278 0.278 
0.417 0.807 0.548 0.774 0.385 0.278 0.278 0.278 
0.416 0.811 0.548 0.774 0.385 0.278 0.278 0.278 
0.417 0.807 0.547 0.774 0.385 0.278 0.278 0.278 
0.422 0.807 0.550 0.792 0.385 0.278 0.278 0.278 
0.430 0.807 0.549 0.792 0.385 0.278 0.278 0.278 
0.419 0.797 0.549 0.792 0.385 0.278 0.278 0.278 
0.412 0.807 0.547 0.774 0.385 0.278 0.278 0.278 
0.420 0.807 0.549 0.792 0.385 0.278 0.278 0.278 
0.411 0.802 0.548 0.792 0.385 0.278 0.278 0.278 
0.408 0.783 0.547 0.774 0.385 0.278 0.278 0.278 
0.423 0.802 0.548 0.792 0.385 0.278 0.278 0.278 
0.408 0.802 0.546 0.792 0.385 0.278 0.278 0.278 
0.409 0.807 0.546 0.774 0.385 0.278 0.278 0.278 
0.417 0.811 0.546 0.774 0.385 0.278 0.278 0.278 
0.409 0.797 0.545 0.774 0.385 0.278 0.278 0.278 
0.436 0.797 0.545 0.755 0.538 0.333 0.278 0.278 
0.427 0.811 0.544 0.774 0.385 0.278 0.278 0.278 
0.409 0.807 0.544 0.792 0.385 0.278 0.278 0.278 
0.402 0.797 0.547 0.792 0.385 0.278 0.278 0.278 
0.429 0.797 0.549 0.792 0.385 0.278 0.278 0.278 
