6.812 0.321 1.910 0.585 0.846 0.833 0.833 0.833 
0.948 0.759 3.109 0.623 1.000 1.000 1.000 1.000 
1.016 0.774 3.036 0.623 1.000 1.000 1.000 1.000 
0.810 0.774 1.973 0.623 1.000 1.000 1.000 1.000 
0.463 0.774 0.815 0.642 0.923 0.944 0.944 0.944 
0.694 0.547 0.769 0.623 1.000 1.000 1.000 1.000 
0.587 0.665 1.130 0.623 1.000 1.000 1.000 1.000 
0.564 0.840 1.438 0.623 1.000 1.000 1.000 1.000 
0.507 0.816 1.464 0.623 1.000 1.000 1.000 1.000 
0.423 0.840 1.281 0.623 1.000 1.000 1.000 1.000 
0.446 0.821 1.077 0.623 1.000 1.000 1.000 1.000 
0.522 0.797 0.960 0.660 1.000 0.944 0.944 0.944 
0.496 0.722 0.963 0.642 1.000 1.000 1.000 1.000 
0.426 0.835 1.102 0.623 1.000 1.000 1.000 1.000 
0.422 0.849 1.167 0.623 1.000 1.000 1.000 1.000 
0.417 0.863 1.108 0.623 1.000 1.000 1.000 1.000 
0.430 0.840 1.046 0.623 1.000 1.000 1.000 1.000 
0.485 0.830 1.049 0.623 1.000 1.000 1.000 1.000 
0.417 0.802 1.109 0.623 1.000 1.000 1.000 1.000 
0.358 0.849 1.122 0.623 1.000 1.000 1.000 1.000 
0.381 0.863 1.097 0.623 1.000 1.000 1.000 1.000 
0.482 0.783 1.049 0.660 1.000 0.944 0.944 0.944 
0.447 0.774 1.014 0.660 1.000 0.944 0.944 0.944 
0.467 0.750 1.046 0.660 1.000 0.944 0.944 0.944 
0.421 0.840 1.060 0.660 1.000 0.944 0.944 0.944 
0.400 0.825 1.039 0.660 1.000 0.944 0.944 0.944 
0.413 0.825 1.030 0.660 1.000 0.944 0.944 0.944 
0.405 0.844 1.025 0.660 1.000 0.944 0.944 0.944 
0.411 0.844 1.050 0.660 1.000 0.944 0.944 0.944 
0.395 0.849 1.073 0.660 1.000 0.944 0.944 0.944 
0.429 0.858 1.062 0.660 1.000 0.944 0.944 0.944 
0.387 0.849 1.031 0.660 1.000 0.944 0.944 0.944 
0.403 0.844 1.061 0.660 1.000 0.944 0.944 0.944 
0.452 0.835 1.085 0.660 1.000 0.944 0.944 0.944 
0.415 0.825 1.079 0.660 1.000 0.944 0.944 0.944 
0.401 0.840 1.057 0.660 1.000 0.944 0.889 0.889 
0.389 0.825 1.032 0.679 1.000 0.889 0.889 0.889 
0.394 0.844 1.055 0.679 1.000 0.889 0.889 0.889 
0.386 0.840 1.107 0.660 1.000 0.944 0.944 0.944 
0.398 0.844 1.120 0.660 1.000 0.944 0.944 0.944 
0.389 0.849 1.092 0.660 1.000 0.944 0.944 0.944 
0.367 0.849 1.076 0.679 1.000 0.889 0.889 0.889 
6.811 0.321 1.910 0.585 0.846 0.833 0.833 0.889 
0.949 0.759 3.109 0.623 1.000 1.000 1.000 1.000 
1.016 0.774 3.037 0.623 1.000 1.000 1.000 1.000 
0.811 0.774 1.974 0.623 1.000 1.000 1.000 1.000 
0.463 0.774 0.815 0.642 0.923 0.944 0.944 0.944 
0.695 0.538 0.768 0.623 1.000 1.000 1.000 1.000 
0.588 0.670 1.132 0.623 1.000 1.000 1.000 1.000 
0.564 0.835 1.443 0.623 1.000 1.000 1.000 1.000 
0.506 0.811 1.468 0.623 1.000 1.000 1.000 1.000 
0.423 0.840 1.283 0.623 1.000 1.000 1.000 1.000 
0.446 0.821 1.077 0.623 1.000 1.000 1.000 1.000 
0.522 0.792 0.960 0.660 1.000 0.944 0.944 0.944 
0.496 0.722 0.963 0.642 1.000 1.000 1.000 1.000 
0.426 0.835 1.102 0.623 1.000 1.000 1.000 1.000 
0.421 0.844 1.169 0.623 1.000 1.000 1.000 1.000 
0.417 0.868 1.111 0.623 1.000 1.000 1.000 1.000 
0.431 0.835 1.047 0.623 1.000 1.000 1.000 1.000 
0.485 0.830 1.045 0.623 1.000 1.000 1.000 1.000 
0.418 0.792 1.103 0.623 1.000 1.000 1.000 1.000 
0.359 0.849 1.120 0.623 1.000 1.000 1.000 1.000 
0.381 0.863 1.097 0.623 1.000 1.000 1.000 1.000 
0.481 0.783 1.050 0.660 1.000 0.944 0.944 0.944 
0.448 0.774 1.013 0.660 1.000 0.944 0.944 0.944 
0.468 0.755 1.045 0.660 1.000 0.944 0.944 0.944 
0.421 0.840 1.061 0.642 1.000 0.944 1.000 0.944 
0.399 0.825 1.043 0.642 1.000 0.944 1.000 0.944 
0.413 0.830 1.036 0.660 1.000 0.944 0.944 0.944 
0.406 0.849 1.035 0.660 1.000 0.944 0.944 0.944 
0.411 0.849 1.067 0.660 1.000 0.944 0.944 0.944 
0.395 0.854 1.094 0.660 1.000 0.944 0.944 0.944 
0.430 0.863 1.085 0.660 1.000 0.944 0.944 0.944 
0.387 0.854 1.055 0.660 1.000 0.944 0.944 0.944 
0.403 0.840 1.089 0.660 1.000 0.944 0.944 0.944 
0.455 0.840 1.119 0.660 1.000 0.944 0.944 0.944 
0.414 0.825 1.114 0.660 1.000 0.944 0.944 0.944 
0.400 0.844 1.091 0.660 1.000 0.944 0.944 0.944 
0.391 0.835 1.070 0.660 1.000 0.889 0.944 0.889 
0.395 0.849 1.103 0.660 1.000 0.944 0.944 0.944 
0.383 0.849 1.163 0.660 1.000 0.944 0.944 0.944 
0.396 0.844 1.176 0.660 1.000 0.944 0.944 0.944 
0.388 0.858 1.142 0.660 1.000 0.944 0.944 0.944 
0.370 0.854 1.131 0.660 1.000 0.944 0.944 0.944 
0.398 0.854 1.166 0.660 1.000 0.944 0.944 0.944 
0.403 0.840 1.179 0.660 1.000 0.944 0.944 0.944 
0.405 0.863 1.163 0.660 1.000 0.944 0.944 0.944 
0.388 0.863 1.158 0.660 1.000 0.944 0.944 0.944 
0.391 0.835 1.158 0.660 1.000 0.944 0.944 0.944 
0.371 0.835 1.175 0.660 1.000 0.944 0.944 0.944 
0.392 0.854 1.191 0.660 1.000 0.944 0.944 0.944 
0.376 0.863 1.162 0.660 1.000 0.889 0.944 0.889 
0.398 0.830 1.176 0.660 1.000 0.944 0.944 0.944 
0.405 0.840 1.187 0.679 1.000 0.944 0.944 0.944 
0.383 0.873 1.181 0.698 1.000 0.889 0.889 0.889 
0.389 0.840 1.197 0.698 1.000 0.889 0.889 0.889 
0.387 0.858 1.201 0.698 1.000 0.889 0.889 0.889 
0.388 0.873 1.206 0.679 1.000 0.944 0.944 0.944 
0.387 0.835 1.214 0.679 1.000 0.944 0.944 0.944 
0.414 0.844 1.209 0.679 1.000 0.944 0.944 0.944 
0.428 0.840 1.198 0.679 1.000 0.889 0.944 0.889 
0.401 0.811 1.185 0.698 1.000 0.889 0.889 0.889 
0.416 0.849 1.204 0.698 1.000 0.889 0.889 0.889 
0.412 0.840 1.194 0.698 1.000 0.889 0.889 0.889 
0.418 0.849 1.162 0.698 1.000 0.889 0.889 0.889 
0.403 0.844 1.144 0.698 1.000 0.889 0.889 0.889 
0.386 0.849 1.119 0.698 1.000 0.889 0.889 0.889 
0.366 0.854 1.155 0.698 1.000 0.889 0.889 0.889 
0.402 0.849 1.233 0.698 1.000 0.889 0.889 0.889 
0.354 0.854 1.201 0.698 1.000 0.889 0.889 0.889 
0.374 0.858 1.182 0.698 1.000 0.889 0.889 0.889 
0.382 0.849 1.192 0.698 1.000 0.889 0.889 0.889 
0.396 0.844 1.188 0.698 1.000 0.889 0.889 0.889 
0.365 0.849 1.144 0.698 1.000 0.889 0.889 0.889 
0.371 0.835 1.179 0.698 1.000 0.889 0.889 0.889 
0.394 0.844 1.247 0.698 1.000 0.889 0.889 0.889 
0.420 0.830 1.230 0.698 1.000 0.889 0.889 0.889 
0.378 0.844 1.159 0.698 1.000 0.889 0.889 0.889 
0.393 0.844 1.156 0.698 1.000 0.889 0.889 0.889 
0.414 0.840 1.182 0.698 1.000 0.889 0.889 0.889 
0.376 0.835 1.189 0.698 1.000 0.889 0.889 0.889 
0.369 0.873 1.191 0.698 1.000 0.889 0.889 0.889 
0.360 0.849 1.184 0.698 1.000 0.889 0.889 0.889 
0.405 0.835 1.171 0.698 1.000 0.889 0.889 0.889 
0.382 0.830 1.199 0.698 1.000 0.889 0.889 0.889 
0.393 0.844 1.237 0.698 1.000 0.889 0.889 0.889 
0.353 0.863 1.159 0.698 1.000 0.889 0.889 0.889 
0.372 0.854 1.169 0.698 1.000 0.889 0.889 0.889 
0.388 0.835 1.208 0.698 1.000 0.889 0.889 0.889 
0.396 0.854 1.213 0.698 1.000 0.889 0.889 0.889 
0.391 0.844 1.204 0.698 1.000 0.889 0.889 0.889 
0.373 0.849 1.180 0.698 1.000 0.889 0.889 0.889 
0.415 0.840 1.200 0.698 1.000 0.889 0.889 0.889 
0.369 0.830 1.173 0.698 1.000 0.889 0.889 0.889 
0.353 0.835 1.185 0.698 1.000 0.889 0.889 0.889 
0.360 0.854 1.230 0.698 1.000 0.889 0.889 0.889 
0.369 0.840 1.243 0.698 1.000 0.889 0.889 0.889 
0.374 0.835 1.212 0.698 1.000 0.889 0.889 0.889 
0.451 0.830 1.231 0.698 1.000 0.889 0.889 0.889 
0.364 0.854 1.177 0.698 1.000 0.889 0.889 0.889 
0.351 0.835 1.158 0.698 1.000 0.889 0.889 0.889 
0.435 0.825 1.177 0.698 1.000 0.889 0.889 0.889 
0.387 0.835 1.033 0.698 1.000 0.889 0.889 0.889 
0.366 0.830 1.033 0.698 1.000 0.889 0.889 0.889 
0.366 0.854 0.991 0.698 1.000 0.889 0.889 0.889 
0.378 0.840 1.016 0.698 1.000 0.889 0.889 0.889 
0.391 0.825 1.106 0.698 1.000 0.889 0.889 0.889 
0.375 0.854 1.142 0.698 1.000 0.889 0.889 0.889 
0.372 0.849 1.091 0.698 1.000 0.889 0.889 0.889 
0.377 0.840 1.034 0.698 1.000 0.889 0.889 0.889 
0.431 0.811 1.082 0.698 1.000 0.889 0.889 0.889 
0.345 0.858 1.100 0.698 1.000 0.889 0.889 0.889 
0.376 0.849 1.123 0.698 1.000 0.889 0.889 0.889 
0.408 0.830 1.079 0.698 1.000 0.889 0.889 0.889 
0.365 0.854 1.045 0.698 1.000 0.889 0.889 0.889 
0.382 0.821 1.085 0.698 1.000 0.889 0.889 0.889 
0.413 0.844 1.098 0.698 1.000 0.889 0.889 0.889 
0.389 0.844 1.053 0.698 1.000 0.889 0.889 0.889 
0.384 0.835 1.024 0.698 1.000 0.889 0.889 0.889 
0.357 0.854 1.042 0.698 1.000 0.889 0.889 0.889 
0.371 0.854 1.092 0.698 1.000 0.889 0.889 0.889 
0.408 0.849 1.090 0.698 1.000 0.889 0.889 0.889 
0.370 0.825 1.068 0.698 1.000 0.889 0.889 0.889 
0.390 0.858 1.076 0.698 1.000 0.889 0.889 0.889 
0.386 0.840 1.117 0.698 1.000 0.889 0.889 0.889 
0.334 0.854 1.093 0.698 1.000 0.889 0.889 0.889 
0.356 0.858 1.073 0.698 1.000 0.889 0.889 0.889 
0.384 0.849 1.046 0.698 1.000 0.889 0.889 0.889 
0.402 0.830 1.116 0.698 1.000 0.889 0.889 0.889 
0.366 0.840 1.125 0.698 1.000 0.889 0.889 0.889 
0.358 0.892 1.078 0.698 1.000 0.889 0.889 0.889 
0.365 0.849 1.042 0.698 1.000 0.889 0.889 0.889 
0.377 0.830 1.099 0.698 1.000 0.889 0.889 0.889 
0.364 0.863 1.125 0.698 1.000 0.889 0.889 0.889 
0.321 0.844 1.089 0.698 1.000 0.889 0.889 0.889 
0.386 0.858 1.066 0.698 1.000 0.889 0.889 0.889 
0.362 0.844 1.078 0.698 1.000 0.889 0.889 0.889 
0.393 0.840 1.134 0.698 1.000 0.889 0.889 0.889 
0.341 0.868 1.078 0.698 1.000 0.889 0.889 0.889 
0.365 0.830 1.096 0.698 1.000 0.889 0.889 0.889 
0.354 0.849 1.108 0.698 1.000 0.889 0.889 0.889 
0.392 0.835 1.111 0.698 1.000 0.889 0.889 0.889 
0.357 0.849 1.087 0.698 1.000 0.889 0.889 0.889 
0.372 0.840 1.088 0.698 1.000 0.889 0.889 0.889 
0.407 0.840 1.109 0.698 1.000 0.889 0.889 0.889 
0.381 0.873 1.099 0.698 1.000 0.889 0.889 0.889 
0.380 0.849 1.078 0.698 1.000 0.889 0.889 0.889 
0.374 0.840 1.048 0.698 1.000 0.889 0.889 0.889 
0.370 0.840 1.051 0.698 1.000 0.889 0.889 0.889 
0.397 0.854 1.091 0.698 1.000 0.889 0.889 0.889 
0.386 0.849 1.066 0.698 1.000 0.889 0.889 0.889 
0.372 0.849 1.049 0.698 1.000 0.889 0.889 0.889 
0.379 0.849 1.042 0.698 1.000 0.889 0.889 0.889 
0.361 0.863 1.047 0.698 1.000 0.889 0.889 0.889 
0.395 0.863 1.045 0.698 1.000 0.889 0.889 0.889 
0.344 0.849 1.026 0.698 1.000 0.889 0.889 0.889 
0.378 0.830 1.083 0.698 1.000 0.889 0.889 0.889 
0.399 0.849 1.093 0.698 1.000 0.889 0.889 0.889 
0.349 0.844 1.059 0.698 1.000 0.889 0.889 0.889 
0.379 0.835 1.085 0.698 1.000 0.889 0.889 0.889 
0.398 0.844 1.115 0.698 1.000 0.889 0.889 0.889 
0.366 0.854 1.080 0.698 1.000 0.889 0.889 0.889 
0.372 0.854 1.025 0.698 1.000 0.889 0.889 0.889 
0.360 0.858 1.019 0.698 1.000 0.889 0.889 0.889 
0.387 0.877 1.080 0.698 1.000 0.889 0.889 0.889 
0.399 0.858 1.092 0.698 1.000 0.889 0.889 0.889 
0.412 0.825 1.028 0.698 1.000 0.889 0.889 0.889 
0.434 0.783 1.019 0.698 1.000 0.889 0.889 0.889 
0.367 0.835 1.063 0.698 1.000 0.889 0.889 0.889 
0.349 0.844 1.113 0.698 1.000 0.889 0.889 0.889 
0.374 0.858 1.098 0.698 1.000 0.889 0.889 0.889 
0.392 0.854 1.040 0.698 1.000 0.889 0.889 0.889 
0.385 0.830 1.038 0.698 1.000 0.889 0.889 0.889 
0.380 0.854 1.101 0.698 1.000 0.889 0.889 0.889 
0.388 0.854 1.118 0.698 1.000 0.889 0.889 0.889 
0.333 0.854 1.065 0.698 1.000 0.889 0.889 0.889 
0.397 0.825 1.075 0.698 1.000 0.889 0.889 0.889 
0.368 0.877 1.091 0.698 1.000 0.889 0.889 0.889 
0.360 0.816 1.107 0.698 1.000 0.889 0.889 0.889 
0.388 0.854 1.089 0.698 1.000 0.889 0.889 0.889 
0.322 0.877 1.069 0.698 1.000 0.889 0.889 0.889 
0.378 0.849 1.099 0.698 1.000 0.889 0.889 0.889 
0.357 0.854 1.108 0.698 1.000 0.889 0.889 0.889 
0.353 0.840 1.134 0.698 1.000 0.889 0.889 0.889 
0.359 0.854 1.131 0.698 1.000 0.889 0.889 0.889 
0.375 0.844 1.136 0.698 1.000 0.889 0.889 0.889 
0.352 0.854 1.127 0.698 1.000 0.889 0.889 0.889 
0.376 0.840 1.113 0.698 1.000 0.889 0.889 0.889 
0.443 0.830 1.110 0.698 1.000 0.889 0.889 0.889 
0.378 0.830 1.071 0.698 1.000 0.889 0.889 0.889 
0.339 0.858 1.073 0.698 1.000 0.889 0.889 0.889 
0.345 0.840 1.092 0.698 1.000 0.889 0.889 0.889 
0.359 0.840 1.106 0.698 1.000 0.889 0.889 0.889 
0.346 0.849 1.129 0.698 1.000 0.889 0.889 0.889 
0.361 0.844 1.146 0.698 1.000 0.889 0.889 0.889 
0.356 0.844 1.145 0.698 1.000 0.889 0.889 0.889 
0.365 0.854 1.116 0.698 1.000 0.889 0.889 0.889 
0.382 0.840 1.084 0.698 1.000 0.889 0.889 0.889 
0.363 0.849 1.089 0.698 1.000 0.889 0.889 0.889 
0.327 0.858 1.106 0.698 1.000 0.889 0.889 0.889 
0.349 0.863 1.088 0.698 1.000 0.889 0.889 0.889 
0.421 0.821 1.097 0.698 1.000 0.889 0.889 0.889 
0.382 0.835 0.924 0.698 1.000 0.889 0.889 0.889 
0.356 0.858 0.946 0.698 1.000 0.889 0.889 0.889 
0.372 0.840 0.960 0.698 1.000 0.889 0.889 0.889 
0.352 0.849 0.977 0.698 1.000 0.889 0.889 0.889 
0.352 0.854 0.984 0.698 1.000 0.889 0.889 0.889 
0.374 0.849 0.968 0.698 1.000 0.889 0.889 0.889 
0.362 0.849 0.956 0.698 1.000 0.889 0.889 0.889 
0.354 0.858 1.005 0.698 1.000 0.889 0.889 0.889 
0.357 0.849 1.019 0.698 1.000 0.889 0.889 0.889 
0.363 0.849 0.995 0.698 1.000 0.889 0.889 0.889 
0.419 0.792 1.012 0.698 1.000 0.889 0.889 0.889 
0.380 0.854 1.009 0.698 1.000 0.889 0.889 0.889 
0.357 0.868 1.004 0.698 1.000 0.889 0.889 0.889 
0.371 0.844 0.985 0.698 1.000 0.889 0.889 0.889 
0.374 0.849 0.958 0.698 1.000 0.889 0.889 0.889 
0.370 0.854 0.980 0.698 1.000 0.889 0.889 0.889 
0.425 0.811 1.039 0.698 1.000 0.889 0.889 0.889 
0.366 0.854 1.020 0.698 1.000 0.889 0.889 0.889 
0.395 0.849 1.001 0.698 1.000 0.889 0.889 0.889 
0.369 0.840 0.973 0.698 1.000 0.889 0.889 0.889 
0.359 0.835 1.001 0.698 1.000 0.889 0.889 0.889 
0.366 0.863 1.026 0.698 1.000 0.889 0.889 0.889 
0.355 0.863 0.996 0.698 1.000 0.889 0.889 0.889 
0.367 0.840 0.980 0.698 1.000 0.889 0.889 0.889 
0.365 0.840 0.972 0.698 1.000 0.889 0.889 0.889 
0.376 0.835 0.999 0.698 1.000 0.889 0.889 0.889 
0.329 0.858 1.017 0.698 1.000 0.889 0.889 0.889 
0.349 0.868 1.019 0.698 1.000 0.889 0.889 0.889 
0.347 0.844 1.027 0.698 1.000 0.889 0.889 0.889 
0.360 0.844 1.039 0.698 1.000 0.889 0.889 0.889 
0.363 0.844 1.026 0.698 1.000 0.889 0.889 0.889 
0.354 0.854 1.023 0.698 1.000 0.889 0.889 0.889 
0.372 0.840 1.014 0.698 1.000 0.889 0.889 0.889 
0.369 0.825 1.036 0.698 1.000 0.889 0.889 0.889 
0.393 0.844 1.059 0.698 1.000 0.889 0.889 0.889 
0.362 0.840 1.021 0.698 1.000 0.889 0.889 0.889 
0.356 0.849 0.974 0.698 1.000 0.889 0.889 0.889 
0.355 0.858 0.953 0.698 1.000 0.889 0.889 0.889 
0.384 0.840 0.991 0.698 1.000 0.889 0.889 0.889 
0.352 0.849 1.004 0.698 1.000 0.889 0.889 0.889 
0.377 0.849 1.012 0.698 1.000 0.889 0.889 0.889 
0.377 0.844 0.975 0.698 1.000 0.889 0.889 0.889 
0.363 0.830 0.965 0.698 1.000 0.889 0.889 0.889 
0.444 0.783 1.025 0.698 1.000 0.889 0.889 0.889 
0.364 0.858 1.020 0.698 1.000 0.889 0.889 0.889 
0.340 0.849 1.023 0.698 1.000 0.889 0.889 0.889 
0.339 0.863 1.012 0.698 1.000 0.889 0.889 0.889 
0.355 0.849 1.013 0.698 1.000 0.889 0.889 0.889 
0.384 0.854 1.027 0.698 1.000 0.889 0.889 0.889 
0.349 0.840 1.011 0.698 1.000 0.889 0.889 0.889 
0.334 0.844 0.996 0.698 1.000 0.889 0.889 0.889 
0.381 0.863 0.989 0.698 1.000 0.889 0.889 0.889 
0.341 0.854 0.977 0.698 1.000 0.889 0.889 0.889 
0.350 0.844 0.985 0.698 1.000 0.889 0.889 0.889 
0.392 0.840 1.020 0.698 1.000 0.889 0.889 0.889 
0.363 0.868 1.009 0.698 1.000 0.889 0.889 0.889 
0.385 0.868 0.990 0.698 1.000 0.889 0.889 0.889 
0.395 0.844 0.954 0.698 1.000 0.889 0.889 0.889 
0.373 0.858 0.959 0.698 1.000 0.889 0.889 0.889 
0.377 0.863 1.000 0.698 1.000 0.889 0.889 0.889 
0.349 0.863 1.001 0.698 1.000 0.889 0.889 0.889 
0.371 0.830 0.985 0.698 1.000 0.889 0.889 0.889 
0.374 0.811 1.011 0.698 1.000 0.889 0.889 0.889 
0.372 0.849 1.000 0.698 1.000 0.889 0.889 0.889 
0.361 0.844 1.010 0.698 1.000 0.889 0.889 0.889 
0.370 0.849 1.027 0.698 1.000 0.889 0.889 0.889 
0.393 0.849 1.008 0.698 1.000 0.889 0.889 0.889 
0.360 0.844 0.964 0.698 1.000 0.889 0.889 0.889 
0.371 0.849 0.954 0.698 1.000 0.889 0.889 0.889 
0.346 0.830 0.973 0.698 1.000 0.889 0.889 0.889 
0.406 0.830 1.033 0.698 1.000 0.889 0.889 0.889 
0.326 0.858 0.998 0.698 1.000 0.889 0.889 0.889 
0.341 0.863 1.013 0.698 1.000 0.889 0.889 0.889 
0.355 0.840 0.991 0.698 1.000 0.889 0.889 0.889 
0.366 0.830 1.011 0.698 1.000 0.889 0.889 0.889 
0.379 0.844 1.013 0.698 1.000 0.889 0.889 0.889 
0.348 0.840 0.995 0.698 1.000 0.889 0.889 0.889 
0.350 0.849 0.966 0.698 1.000 0.889 0.889 0.889 
0.358 0.840 0.979 0.698 1.000 0.889 0.889 0.889 
0.357 0.835 1.002 0.698 1.000 0.889 0.889 0.889 
0.386 0.854 1.033 0.698 1.000 0.889 0.889 0.889 
0.352 0.844 1.025 0.698 1.000 0.889 0.889 0.889 
0.389 0.849 1.026 0.698 1.000 0.889 0.889 0.889 
0.358 0.840 0.992 0.698 1.000 0.889 0.889 0.889 
0.343 0.854 0.970 0.698 1.000 0.889 0.889 0.889 
0.378 0.844 0.993 0.698 1.000 0.889 0.889 0.889 
0.332 0.844 0.985 0.698 1.000 0.889 0.889 0.889 
0.373 0.830 1.012 0.698 1.000 0.889 0.889 0.889 
0.360 0.830 1.011 0.698 1.000 0.889 0.889 0.889 
0.351 0.854 1.016 0.698 1.000 0.889 0.889 0.889 
0.361 0.849 1.033 0.698 1.000 0.889 0.889 0.889 
0.364 0.854 1.047 0.698 1.000 0.889 0.889 0.889 
0.344 0.849 1.042 0.698 1.000 0.889 0.889 0.889 
0.386 0.854 1.055 0.698 1.000 0.889 0.889 0.889 
0.399 0.844 1.033 0.698 1.000 0.889 0.889 0.889 
0.334 0.854 0.984 0.698 1.000 0.889 0.889 0.889 
0.353 0.854 0.989 0.698 1.000 0.889 0.889 0.889 
0.374 0.840 1.023 0.698 1.000 0.889 0.889 0.889 
0.404 0.849 1.021 0.698 1.000 0.889 0.889 0.889 
0.314 0.844 0.976 0.698 1.000 0.889 0.889 0.889 
0.369 0.840 0.840 0.698 1.000 0.889 0.889 0.889 
0.376 0.854 0.829 0.698 1.000 0.889 0.889 0.889 
0.367 0.844 0.843 0.698 1.000 0.889 0.889 0.889 
0.374 0.854 0.863 0.698 1.000 0.889 0.889 0.889 
0.373 0.849 0.887 0.698 1.000 0.889 0.889 0.889 
0.343 0.849 0.887 0.698 1.000 0.889 0.889 0.889 
0.359 0.840 0.911 0.698 1.000 0.889 0.889 0.889 
0.358 0.844 0.917 0.698 1.000 0.889 0.889 0.889 
0.356 0.854 0.919 0.698 1.000 0.889 0.889 0.889 
0.370 0.863 0.911 0.698 1.000 0.889 0.889 0.889 
0.346 0.849 0.905 0.698 1.000 0.889 0.889 0.889 
0.361 0.844 0.892 0.698 1.000 0.889 0.889 0.889 
0.383 0.811 0.898 0.698 1.000 0.889 0.889 0.889 
0.353 0.854 0.924 0.698 1.000 0.889 0.889 0.889 
0.348 0.844 0.944 0.698 1.000 0.889 0.889 0.889 
0.359 0.840 0.958 0.698 1.000 0.889 0.889 0.889 
0.383 0.835 0.931 0.698 1.000 0.889 0.889 0.889 
0.354 0.830 0.892 0.698 1.000 0.889 0.889 0.889 
0.394 0.844 0.922 0.698 1.000 0.889 0.889 0.889 
0.395 0.840 0.933 0.698 1.000 0.889 0.889 0.889 
0.365 0.849 0.894 0.698 1.000 0.889 0.889 0.889 
0.386 0.835 0.890 0.698 1.000 0.889 0.889 0.889 
0.366 0.840 0.888 0.698 1.000 0.889 0.889 0.889 
0.370 0.858 0.902 0.698 1.000 0.889 0.889 0.889 
0.378 0.844 0.894 0.698 1.000 0.889 0.889 0.889 
0.355 0.854 0.874 0.698 1.000 0.889 0.889 0.889 
0.373 0.858 0.878 0.698 1.000 0.889 0.889 0.889 
0.377 0.854 0.892 0.698 1.000 0.889 0.889 0.889 
0.372 0.844 0.908 0.698 1.000 0.889 0.889 0.889 
0.355 0.830 0.905 0.698 1.000 0.889 0.889 0.889 
0.367 0.868 0.912 0.698 1.000 0.889 0.889 0.889 
0.374 0.849 0.903 0.698 1.000 0.889 0.889 0.889 
0.354 0.858 0.896 0.698 1.000 0.889 0.889 0.889 
0.366 0.849 0.909 0.698 1.000 0.889 0.889 0.889 
0.321 0.854 0.907 0.698 1.000 0.889 0.889 0.889 
0.365 0.849 0.927 0.698 1.000 0.889 0.889 0.889 
0.345 0.835 0.927 0.698 1.000 0.889 0.889 0.889 
0.342 0.849 0.923 0.698 1.000 0.889 0.889 0.889 
0.393 0.849 0.927 0.698 1.000 0.889 0.889 0.889 
0.365 0.830 0.902 0.698 1.000 0.889 0.889 0.889 
0.351 0.854 0.900 0.698 1.000 0.889 0.889 0.889 
0.361 0.858 0.907 0.698 1.000 0.889 0.889 0.889 
0.366 0.844 0.910 0.698 1.000 0.889 0.889 0.889 
0.371 0.840 0.921 0.698 1.000 0.889 0.889 0.889 
0.386 0.858 0.916 0.698 1.000 0.889 0.889 0.889 
0.349 0.868 0.900 0.698 1.000 0.889 0.889 0.889 
0.385 0.858 0.907 0.698 1.000 0.889 0.889 0.889 
0.389 0.849 0.884 0.698 1.000 0.889 0.889 0.889 
0.382 0.830 0.883 0.698 1.000 0.889 0.889 0.889 
0.388 0.854 0.885 0.698 1.000 0.889 0.889 0.889 
0.386 0.840 0.886 0.698 1.000 0.889 0.889 0.889 
0.363 0.849 0.889 0.698 1.000 0.889 0.889 0.889 
0.344 0.854 0.878 0.698 1.000 0.889 0.889 0.889 
0.372 0.840 0.891 0.698 1.000 0.889 0.889 0.889 
0.358 0.854 0.888 0.698 1.000 0.889 0.889 0.889 
0.374 0.854 0.880 0.698 1.000 0.889 0.889 0.889 
0.357 0.863 0.873 0.698 1.000 0.889 0.889 0.889 
0.339 0.840 0.896 0.698 1.000 0.889 0.889 0.889 
0.332 0.854 0.904 0.698 1.000 0.889 0.889 0.889 
0.358 0.849 0.909 0.698 1.000 0.889 0.889 0.889 
0.376 0.849 0.920 0.698 1.000 0.889 0.889 0.889 
0.347 0.844 0.909 0.698 1.000 0.889 0.889 0.889 
0.344 0.835 0.889 0.698 1.000 0.889 0.889 0.889 
0.338 0.840 0.887 0.698 1.000 0.889 0.889 0.889 
0.336 0.863 0.926 0.698 1.000 0.889 0.889 0.889 
0.359 0.835 0.954 0.698 1.000 0.889 0.889 0.889 
0.356 0.863 0.925 0.698 1.000 0.889 0.889 0.889 
0.366 0.830 0.920 0.698 1.000 0.889 0.889 0.889 
0.371 0.863 0.915 0.698 1.000 0.889 0.889 0.889 
0.361 0.835 0.922 0.698 1.000 0.889 0.889 0.889 
0.335 0.863 0.919 0.698 1.000 0.889 0.889 0.889 
0.343 0.863 0.923 0.698 1.000 0.889 0.889 0.889 
0.392 0.835 0.926 0.698 1.000 0.889 0.889 0.889 
0.364 0.844 0.930 0.698 1.000 0.889 0.889 0.889 
0.347 0.840 0.944 0.698 1.000 0.889 0.889 0.889 
0.373 0.858 0.950 0.698 1.000 0.889 0.889 0.889 
0.365 0.844 0.921 0.698 1.000 0.889 0.889 0.889 
0.351 0.849 0.894 0.698 1.000 0.889 0.889 0.889 
0.381 0.835 0.906 0.698 1.000 0.889 0.889 0.889 
0.343 0.873 0.913 0.698 1.000 0.889 0.889 0.889 
0.346 0.863 0.911 0.698 1.000 0.889 0.889 0.889 
0.384 0.849 0.908 0.698 1.000 0.889 0.889 0.889 
0.389 0.835 0.913 0.698 1.000 0.889 0.889 0.889 
0.401 0.835 0.913 0.698 1.000 0.889 0.889 0.889 
0.339 0.854 0.892 0.698 1.000 0.889 0.889 0.889 
0.357 0.849 0.896 0.698 1.000 0.889 0.889 0.889 
0.382 0.835 0.915 0.698 1.000 0.889 0.889 0.889 
0.355 0.840 0.917 0.698 1.000 0.889 0.889 0.889 
0.381 0.840 0.925 0.698 1.000 0.889 0.889 0.889 
0.382 0.868 0.935 0.698 1.000 0.889 0.889 0.889 
0.358 0.844 0.913 0.698 1.000 0.889 0.889 0.889 
0.377 0.840 0.921 0.698 1.000 0.889 0.889 0.889 
0.369 0.849 0.915 0.698 1.000 0.889 0.889 0.889 
0.362 0.854 0.896 0.698 1.000 0.889 0.889 0.889 
0.357 0.858 0.906 0.698 1.000 0.889 0.889 0.889 
0.351 0.849 0.923 0.698 1.000 0.889 0.889 0.889 
0.378 0.868 0.924 0.698 1.000 0.889 0.889 0.889 
0.374 0.840 0.917 0.698 1.000 0.889 0.889 0.889 
0.355 0.854 0.916 0.698 1.000 0.889 0.889 0.889 
0.401 0.849 0.947 0.698 1.000 0.889 0.889 0.889 
0.362 0.854 0.804 0.698 1.000 0.889 0.889 0.889 
0.364 0.840 0.795 0.698 1.000 0.889 0.889 0.889 
0.364 0.844 0.782 0.698 1.000 0.889 0.889 0.889 
0.386 0.858 0.785 0.698 1.000 0.889 0.889 0.889 
0.365 0.844 0.799 0.698 1.000 0.889 0.889 0.889 
0.363 0.840 0.804 0.698 1.000 0.889 0.889 0.889 
0.351 0.849 0.791 0.698 1.000 0.889 0.889 0.889 
0.359 0.854 0.790 0.698 1.000 0.889 0.889 0.889 
0.362 0.858 0.800 0.698 1.000 0.889 0.889 0.889 
0.377 0.825 0.820 0.698 1.000 0.889 0.889 0.889 
0.363 0.858 0.820 0.698 1.000 0.889 0.889 0.889 
0.353 0.854 0.812 0.698 1.000 0.889 0.889 0.889 
0.355 0.844 0.811 0.698 1.000 0.889 0.889 0.889 
0.369 0.849 0.816 0.698 1.000 0.889 0.889 0.889 
0.349 0.844 0.810 0.698 1.000 0.889 0.889 0.889 
0.369 0.849 0.814 0.698 1.000 0.889 0.889 0.889 
0.375 0.840 0.816 0.698 1.000 0.889 0.889 0.889 
0.361 0.849 0.810 0.698 1.000 0.889 0.889 0.889 
0.371 0.844 0.806 0.698 1.000 0.889 0.889 0.889 
0.344 0.854 0.809 0.698 1.000 0.889 0.889 0.889 
0.370 0.849 0.828 0.698 1.000 0.889 0.889 0.889 
0.357 0.825 0.846 0.698 1.000 0.889 0.889 0.889 
0.352 0.868 0.847 0.698 1.000 0.889 0.889 0.889 
0.348 0.849 0.835 0.698 1.000 0.889 0.889 0.889 
0.369 0.849 0.817 0.698 1.000 0.889 0.889 0.889 
0.371 0.825 0.821 0.698 1.000 0.889 0.889 0.889 
0.364 0.844 0.821 0.698 1.000 0.889 0.889 0.889 
0.355 0.840 0.815 0.698 1.000 0.889 0.889 0.889 
0.344 0.854 0.815 0.698 1.000 0.889 0.889 0.889 
0.376 0.849 0.829 0.698 1.000 0.889 0.889 0.889 
0.375 0.840 0.827 0.698 1.000 0.889 0.889 0.889 
0.355 0.858 0.827 0.698 1.000 0.889 0.889 0.889 
0.381 0.858 0.825 0.698 1.000 0.889 0.889 0.889 
0.360 0.844 0.832 0.698 1.000 0.889 0.889 0.889 
0.368 0.835 0.840 0.698 1.000 0.889 0.889 0.889 
0.338 0.858 0.823 0.698 1.000 0.889 0.889 0.889 
0.364 0.835 0.821 0.698 1.000 0.889 0.889 0.889 
0.382 0.835 0.820 0.698 1.000 0.889 0.889 0.889 
0.363 0.844 0.818 0.698 1.000 0.889 0.889 0.889 
0.394 0.840 0.841 0.698 1.000 0.889 0.889 0.889 
0.339 0.849 0.815 0.698 1.000 0.889 0.889 0.889 
0.362 0.868 0.813 0.698 1.000 0.889 0.889 0.889 
0.392 0.840 0.820 0.698 1.000 0.889 0.889 0.889 
0.371 0.825 0.823 0.698 1.000 0.889 0.889 0.889 
0.373 0.844 0.827 0.698 1.000 0.889 0.889 0.889 
0.369 0.863 0.822 0.698 1.000 0.889 0.889 0.889 
0.360 0.868 0.793 0.698 1.000 0.889 0.889 0.889 
0.346 0.858 0.791 0.698 1.000 0.889 0.889 0.889 
0.343 0.849 0.806 0.698 1.000 0.889 0.889 0.889 
0.351 0.844 0.840 0.698 1.000 0.889 0.889 0.889 
0.362 0.844 0.853 0.698 1.000 0.889 0.889 0.889 
0.345 0.863 0.842 0.698 1.000 0.889 0.889 0.889 
0.381 0.840 0.844 0.698 1.000 0.889 0.889 0.889 
0.361 0.840 0.819 0.698 1.000 0.889 0.889 0.889 
0.372 0.849 0.834 0.698 1.000 0.889 0.889 0.889 
0.356 0.863 0.834 0.698 1.000 0.889 0.889 0.889 
0.362 0.849 0.823 0.698 1.000 0.889 0.889 0.889 
0.370 0.854 0.810 0.698 1.000 0.889 0.889 0.889 
0.357 0.854 0.794 0.698 1.000 0.889 0.889 0.889 
0.348 0.854 0.802 0.698 1.000 0.889 0.889 0.889 
0.360 0.863 0.818 0.698 1.000 0.889 0.889 0.889 
0.373 0.863 0.836 0.698 1.000 0.889 0.889 0.889 
0.369 0.835 0.826 0.698 1.000 0.889 0.889 0.889 
0.357 0.854 0.811 0.698 1.000 0.889 0.889 0.889 
0.371 0.854 0.796 0.698 1.000 0.889 0.889 0.889 
0.402 0.807 0.804 0.698 1.000 0.889 0.889 0.889 
0.370 0.854 0.803 0.698 1.000 0.889 0.889 0.889 
0.363 0.868 0.823 0.698 1.000 0.889 0.889 0.889 
0.393 0.849 0.828 0.698 1.000 0.889 0.889 0.889 
0.340 0.854 0.800 0.698 1.000 0.889 0.889 0.889 
0.371 0.854 0.820 0.698 1.000 0.889 0.889 0.889 
0.365 0.858 0.832 0.698 1.000 0.889 0.889 0.889 
0.365 0.849 0.838 0.698 1.000 0.889 0.889 0.889 
0.344 0.844 0.837 0.698 1.000 0.889 0.889 0.889 
0.364 0.821 0.829 0.698 1.000 0.889 0.889 0.889 
0.365 0.854 0.824 0.698 1.000 0.889 0.889 0.889 
0.366 0.868 0.826 0.698 1.000 0.889 0.889 0.889 
0.367 0.854 0.836 0.698 1.000 0.889 0.889 0.889 
0.364 0.858 0.830 0.698 1.000 0.889 0.889 0.889 
0.379 0.854 0.826 0.698 1.000 0.889 0.889 0.889 
0.341 0.840 0.798 0.698 1.000 0.889 0.889 0.889 
0.349 0.858 0.814 0.698 1.000 0.889 0.889 0.889 
0.375 0.863 0.833 0.698 1.000 0.889 0.889 0.889 
0.357 0.858 0.849 0.698 1.000 0.889 0.889 0.889 
0.358 0.854 0.844 0.698 1.000 0.889 0.889 0.889 
0.377 0.849 0.831 0.698 1.000 0.889 0.889 0.889 
0.362 0.858 0.829 0.698 1.000 0.889 0.889 0.889 
0.381 0.835 0.833 0.698 1.000 0.889 0.889 0.889 
0.377 0.844 0.823 0.698 1.000 0.889 0.889 0.889 
0.371 0.835 0.829 0.698 1.000 0.889 0.889 0.889 
0.341 0.830 0.824 0.698 1.000 0.889 0.889 0.889 
0.350 0.840 0.828 0.698 1.000 0.889 0.889 0.889 
0.367 0.840 0.839 0.698 1.000 0.889 0.889 0.889 
0.392 0.844 0.853 0.698 1.000 0.889 0.889 0.889 
0.345 0.863 0.846 0.698 1.000 0.889 0.889 0.889 
0.361 0.849 0.864 0.698 1.000 0.889 0.889 0.889 
0.361 0.849 0.859 0.698 1.000 0.889 0.889 0.889 
0.374 0.849 0.833 0.698 1.000 0.889 0.889 0.889 
0.355 0.840 0.820 0.698 1.000 0.889 0.889 0.889 
0.370 0.854 0.822 0.698 1.000 0.889 0.889 0.889 
0.374 0.849 0.723 0.698 1.000 0.889 0.889 0.889 
0.357 0.854 0.726 0.698 1.000 0.889 0.889 0.889 
0.368 0.849 0.729 0.698 1.000 0.889 0.889 0.889 
0.358 0.840 0.726 0.698 1.000 0.889 0.889 0.889 
0.381 0.835 0.745 0.698 1.000 0.889 0.889 0.889 
0.423 0.792 0.745 0.698 1.000 0.889 0.889 0.889 
0.387 0.854 0.742 0.698 1.000 0.889 0.889 0.889 
0.366 0.844 0.748 0.698 1.000 0.889 0.889 0.889 
0.365 0.849 0.749 0.698 1.000 0.889 0.889 0.889 
0.359 0.844 0.744 0.698 1.000 0.889 0.889 0.889 
0.388 0.854 0.739 0.698 1.000 0.889 0.889 0.889 
0.368 0.830 0.742 0.698 1.000 0.889 0.889 0.889 
0.373 0.844 0.742 0.698 1.000 0.889 0.889 0.889 
0.358 0.844 0.745 0.698 1.000 0.889 0.889 0.889 
0.364 0.858 0.757 0.698 1.000 0.889 0.889 0.889 
0.372 0.840 0.760 0.698 1.000 0.889 0.889 0.889 
0.370 0.854 0.752 0.698 1.000 0.889 0.889 0.889 
0.409 0.825 0.757 0.698 1.000 0.889 0.889 0.889 
0.395 0.849 0.752 0.698 1.000 0.889 0.889 0.889 
0.353 0.830 0.748 0.698 0.923 0.889 0.889 0.889 
0.352 0.854 0.751 0.698 0.923 0.889 0.889 0.889 
0.359 0.849 0.753 0.698 1.000 0.889 0.889 0.889 
0.356 0.849 0.750 0.698 1.000 0.889 0.889 0.889 
0.348 0.835 0.742 0.698 1.000 0.889 0.889 0.889 
0.361 0.858 0.753 0.698 1.000 0.889 0.889 0.889 
0.364 0.858 0.761 0.698 1.000 0.889 0.889 0.889 
0.350 0.854 0.766 0.698 1.000 0.889 0.889 0.889 
0.355 0.863 0.779 0.698 1.000 0.889 0.889 0.889 
0.356 0.844 0.772 0.698 1.000 0.889 0.889 0.889 
0.369 0.840 0.758 0.698 1.000 0.889 0.889 0.889 
0.386 0.821 0.749 0.698 1.000 0.889 0.889 0.889 
0.373 0.840 0.738 0.698 1.000 0.889 0.889 0.889 
0.347 0.849 0.745 0.698 1.000 0.889 0.889 0.889 
0.351 0.849 0.754 0.698 1.000 0.889 0.889 0.889 
0.370 0.854 0.762 0.698 1.000 0.889 0.889 0.889 
0.389 0.849 0.769 0.698 1.000 0.889 0.889 0.889 
0.368 0.849 0.759 0.698 1.000 0.889 0.889 0.889 
0.379 0.854 0.746 0.698 1.000 0.889 0.889 0.889 
0.354 0.854 0.744 0.698 1.000 0.889 0.889 0.889 
0.370 0.835 0.747 0.698 1.000 0.889 0.889 0.889 
0.350 0.858 0.750 0.698 1.000 0.889 0.889 0.889 
0.359 0.849 0.756 0.698 1.000 0.889 0.889 0.889 
0.354 0.844 0.739 0.698 0.923 0.889 0.889 0.889 
0.383 0.835 0.729 0.698 0.923 0.889 0.889 0.889 
0.369 0.830 0.723 0.736 0.923 0.889 0.889 0.889 
0.358 0.840 0.734 0.717 0.923 0.889 0.889 0.889 
0.382 0.844 0.747 0.698 0.923 0.889 0.889 0.889 
0.358 0.858 0.747 0.698 1.000 0.889 0.889 0.889 
0.365 0.840 0.754 0.698 1.000 0.889 0.889 0.889 
0.375 0.835 0.745 0.698 1.000 0.889 0.889 0.889 
0.352 0.868 0.733 0.698 1.000 0.889 0.889 0.889 
0.370 0.858 0.744 0.698 1.000 0.889 0.889 0.889 
0.367 0.844 0.750 0.698 1.000 0.889 0.889 0.889 
0.354 0.849 0.765 0.698 1.000 0.889 0.889 0.889 
0.380 0.840 0.765 0.698 1.000 0.889 0.889 0.889 
0.377 0.835 0.757 0.698 1.000 0.889 0.889 0.889 
0.362 0.840 0.742 0.698 0.923 0.889 0.889 0.889 
0.377 0.840 0.750 0.698 1.000 0.889 0.889 0.889 
0.376 0.849 0.750 0.698 1.000 0.889 0.889 0.889 
0.389 0.835 0.753 0.698 1.000 0.889 0.889 0.889 
0.336 0.849 0.755 0.698 1.000 0.889 0.889 0.889 
0.367 0.849 0.752 0.698 1.000 0.889 0.889 0.889 
0.370 0.854 0.743 0.698 1.000 0.889 0.889 0.889 
0.364 0.844 0.727 0.698 0.923 0.889 0.889 0.889 
0.376 0.840 0.736 0.698 1.000 0.889 0.889 0.889 
0.388 0.840 0.746 0.698 1.000 0.889 0.889 0.889 
0.353 0.849 0.769 0.698 1.000 0.889 0.889 0.889 
0.348 0.873 0.780 0.698 1.000 0.889 0.889 0.889 
0.366 0.849 0.762 0.698 1.000 0.889 0.889 0.889 
0.375 0.849 0.749 0.698 1.000 0.889 0.889 0.889 
0.361 0.840 0.737 0.698 1.000 0.889 0.889 0.889 
0.365 0.858 0.737 0.698 0.923 0.889 0.889 0.889 
0.359 0.835 0.747 0.698 1.000 0.889 0.889 0.889 
0.363 0.858 0.759 0.698 1.000 0.889 0.889 0.889 
0.366 0.858 0.762 0.698 1.000 0.889 0.889 0.889 
0.355 0.858 0.762 0.698 1.000 0.889 0.889 0.889 
0.343 0.844 0.755 0.698 1.000 0.889 0.889 0.889 
0.382 0.858 0.752 0.698 1.000 0.889 0.889 0.889 
0.360 0.835 0.735 0.698 0.923 0.889 0.889 0.889 
0.352 0.858 0.746 0.698 1.000 0.889 0.889 0.889 
0.380 0.854 0.757 0.698 1.000 0.889 0.889 0.889 
0.356 0.844 0.767 0.698 1.000 0.889 0.889 0.889 
0.377 0.840 0.758 0.698 1.000 0.889 0.889 0.889 
0.373 0.835 0.743 0.698 1.000 0.889 0.889 0.889 
0.372 0.849 0.742 0.698 0.923 0.889 0.889 0.889 
0.366 0.854 0.738 0.698 0.923 0.889 0.889 0.889 
0.355 0.849 0.748 0.698 0.923 0.889 0.889 0.889 
0.381 0.849 0.753 0.698 1.000 0.889 0.889 0.889 
0.353 0.854 0.748 0.698 1.000 0.889 0.889 0.889 
0.401 0.835 0.746 0.698 1.000 0.889 0.889 0.889 
0.356 0.840 0.743 0.698 1.000 0.889 0.889 0.889 
0.384 0.811 0.748 0.698 1.000 0.889 0.889 0.889 
0.350 0.830 0.743 0.698 1.000 0.889 0.889 0.889 
0.385 0.849 0.757 0.698 1.000 0.889 0.889 0.889 
0.380 0.840 0.754 0.698 1.000 0.889 0.889 0.889 
0.366 0.840 0.755 0.698 1.000 0.889 0.889 0.889 
0.356 0.849 0.752 0.698 1.000 0.889 0.889 0.889 
0.361 0.844 0.752 0.698 1.000 0.889 0.889 0.889 
0.364 0.849 0.748 0.698 0.923 0.889 0.889 0.889 
0.368 0.844 0.745 0.698 0.923 0.889 0.889 0.889 
0.380 0.840 0.681 0.736 0.923 0.778 0.778 0.778 
0.376 0.830 0.687 0.736 0.923 0.778 0.778 0.778 
0.379 0.830 0.697 0.736 0.923 0.833 0.833 0.833 
0.368 0.844 0.694 0.736 0.923 0.778 0.833 0.833 
0.363 0.854 0.688 0.736 0.923 0.833 0.833 0.778 
0.373 0.844 0.686 0.736 0.923 0.778 0.833 0.778 
0.387 0.844 0.681 0.736 0.923 0.778 0.778 0.778 
0.366 0.830 0.688 0.736 0.923 0.778 0.778 0.778 
0.374 0.840 0.693 0.755 0.923 0.778 0.778 0.778 
0.379 0.830 0.695 0.755 0.846 0.778 0.778 0.778 
0.364 0.863 0.697 0.755 0.846 0.778 0.778 0.778 
0.370 0.854 0.689 0.755 0.846 0.778 0.778 0.778 
0.374 0.835 0.682 0.755 0.846 0.778 0.778 0.778 
0.367 0.835 0.679 0.755 0.846 0.722 0.778 0.778 
0.386 0.825 0.682 0.755 0.846 0.778 0.778 0.778 
0.378 0.835 0.678 0.755 0.846 0.722 0.778 0.778 
0.365 0.849 0.683 0.755 0.846 0.722 0.778 0.778 
0.374 0.835 0.697 0.736 0.923 0.778 0.778 0.778 
0.377 0.858 0.696 0.755 0.846 0.778 0.778 0.778 
0.372 0.835 0.691 0.755 0.846 0.778 0.778 0.778 
0.372 0.830 0.685 0.755 0.846 0.778 0.778 0.778 
0.382 0.816 0.688 0.736 0.923 0.778 0.778 0.778 
0.375 0.844 0.689 0.736 0.923 0.778 0.833 0.778 
0.388 0.840 0.692 0.736 0.923 0.833 0.833 0.833 
0.402 0.840 0.694 0.717 0.923 0.833 0.833 0.889 
0.366 0.840 0.687 0.717 0.923 0.833 0.833 0.833 
0.373 0.844 0.678 0.736 0.923 0.833 0.833 0.833 
0.366 0.835 0.676 0.736 0.923 0.833 0.833 0.833 
0.379 0.844 0.675 0.755 0.846 0.778 0.833 0.778 
0.387 0.844 0.679 0.755 0.846 0.778 0.778 0.778 
0.375 0.854 0.684 0.755 0.846 0.778 0.778 0.778 
0.370 0.835 0.694 0.736 0.923 0.833 0.833 0.778 
0.372 0.849 0.695 0.736 0.923 0.833 0.833 0.833 
0.381 0.844 0.687 0.736 0.923 0.778 0.833 0.778 
0.366 0.830 0.694 0.736 0.923 0.833 0.833 0.833 
0.363 0.844 0.687 0.736 0.923 0.833 0.833 0.833 
0.363 0.840 0.701 0.717 0.923 0.833 0.833 0.833 
0.370 0.844 0.701 0.736 0.923 0.833 0.833 0.833 
0.380 0.830 0.709 0.736 0.923 0.833 0.833 0.833 
0.380 0.830 0.707 0.736 0.923 0.833 0.833 0.833 
0.352 0.844 0.698 0.736 0.923 0.778 0.833 0.778 
0.376 0.840 0.689 0.755 0.846 0.778 0.778 0.778 
0.360 0.835 0.685 0.736 0.923 0.778 0.833 0.778 
0.369 0.849 0.683 0.736 0.923 0.778 0.833 0.778 
0.370 0.835 0.685 0.736 0.923 0.833 0.833 0.778 
0.358 0.849 0.686 0.736 0.923 0.778 0.833 0.778 
0.356 0.854 0.691 0.755 0.846 0.778 0.833 0.778 
0.362 0.849 0.695 0.755 0.846 0.778 0.833 0.778 
0.376 0.835 0.692 0.755 0.846 0.778 0.833 0.778 
0.376 0.835 0.701 0.736 0.923 0.833 0.833 0.833 
0.374 0.844 0.697 0.736 0.923 0.833 0.833 0.833 
0.379 0.844 0.697 0.736 0.923 0.833 0.833 0.833 
0.369 0.840 0.693 0.736 0.923 0.833 0.833 0.833 
0.359 0.844 0.688 0.736 0.923 0.833 0.833 0.833 
0.394 0.821 0.687 0.736 0.923 0.833 0.833 0.778 
0.371 0.835 0.679 0.755 0.846 0.778 0.833 0.778 
0.367 0.854 0.680 0.755 0.846 0.778 0.778 0.778 
0.366 0.849 0.693 0.736 0.923 0.778 0.833 0.778 
0.355 0.849 0.696 0.736 0.923 0.778 0.833 0.778 
0.347 0.840 0.699 0.755 0.923 0.778 0.778 0.778 
0.360 0.835 0.705 0.736 0.923 0.778 0.778 0.778 
0.379 0.835 0.703 0.736 0.923 0.778 0.833 0.778 
0.384 0.825 0.703 0.736 0.923 0.778 0.833 0.778 
0.384 0.835 0.700 0.736 0.923 0.833 0.833 0.778 
0.386 0.835 0.694 0.736 0.923 0.778 0.833 0.778 
0.377 0.849 0.702 0.736 0.923 0.833 0.833 0.833 
0.356 0.835 0.700 0.736 0.923 0.833 0.833 0.778 
0.366 0.830 0.698 0.736 0.923 0.778 0.778 0.778 
0.369 0.844 0.701 0.736 0.923 0.778 0.778 0.778 
0.362 0.854 0.694 0.736 0.923 0.778 0.778 0.778 
0.377 0.825 0.692 0.736 0.923 0.778 0.778 0.778 
0.392 0.835 0.696 0.736 0.923 0.778 0.778 0.778 
0.373 0.835 0.694 0.736 0.923 0.778 0.778 0.778 
0.392 0.844 0.691 0.736 0.923 0.778 0.778 0.778 
0.376 0.849 0.678 0.755 0.846 0.778 0.778 0.778 
0.398 0.825 0.684 0.755 0.846 0.778 0.778 0.778 
0.344 0.844 0.680 0.755 0.846 0.778 0.778 0.778 
0.390 0.840 0.689 0.755 0.846 0.778 0.778 0.778 
0.357 0.849 0.691 0.755 0.846 0.778 0.778 0.778 
0.383 0.840 0.697 0.755 0.846 0.778 0.778 0.778 
0.369 0.835 0.699 0.755 0.846 0.778 0.778 0.778 
0.373 0.849 0.702 0.736 0.923 0.778 0.778 0.778 
0.364 0.844 0.697 0.736 0.923 0.778 0.778 0.778 
0.359 0.849 0.685 0.755 0.846 0.778 0.778 0.778 
0.380 0.825 0.686 0.755 0.846 0.778 0.778 0.778 
0.373 0.844 0.684 0.755 0.846 0.778 0.778 0.778 
0.377 0.825 0.690 0.755 0.846 0.778 0.778 0.778 
0.371 0.854 0.698 0.736 0.923 0.778 0.833 0.778 
0.381 0.849 0.709 0.736 0.923 0.889 0.889 0.889 
0.359 0.858 0.706 0.736 0.923 0.778 0.833 0.833 
0.361 0.835 0.697 0.736 0.923 0.778 0.833 0.778 
0.379 0.821 0.691 0.736 0.923 0.778 0.833 0.778 
0.377 0.844 0.681 0.755 0.846 0.778 0.778 0.778 
0.364 0.835 0.684 0.755 0.846 0.778 0.778 0.778 
0.394 0.844 0.693 0.755 0.846 0.778 0.778 0.778 
0.393 0.830 0.696 0.755 0.846 0.778 0.833 0.778 
0.374 0.825 0.702 0.736 0.923 0.833 0.833 0.833 
0.359 0.830 0.704 0.736 0.923 0.833 0.833 0.889 
0.381 0.840 0.708 0.736 0.923 0.889 0.889 0.889 
0.368 0.840 0.702 0.736 0.923 0.833 0.833 0.833 
0.367 0.854 0.638 0.774 0.769 0.611 0.611 0.611 
0.383 0.849 0.638 0.774 0.769 0.611 0.611 0.611 
0.377 0.840 0.642 0.774 0.769 0.611 0.611 0.611 
0.404 0.835 0.641 0.774 0.769 0.611 0.611 0.611 
0.374 0.849 0.642 0.774 0.769 0.611 0.611 0.611 
0.396 0.844 0.644 0.774 0.769 0.611 0.667 0.611 
0.365 0.849 0.642 0.774 0.769 0.611 0.667 0.611 
0.376 0.854 0.642 0.774 0.769 0.611 0.667 0.611 
0.372 0.835 0.642 0.774 0.769 0.611 0.667 0.611 
0.404 0.807 0.650 0.774 0.769 0.667 0.667 0.667 
0.379 0.835 0.650 0.774 0.769 0.667 0.667 0.667 
0.365 0.840 0.651 0.774 0.769 0.667 0.667 0.667 
0.386 0.840 0.653 0.755 0.769 0.667 0.667 0.667 
0.373 0.830 0.651 0.774 0.769 0.667 0.667 0.667 
0.394 0.830 0.644 0.774 0.769 0.611 0.667 0.667 
0.366 0.840 0.638 0.774 0.769 0.611 0.667 0.611 
0.387 0.821 0.639 0.774 0.769 0.611 0.667 0.611 
0.375 0.844 0.640 0.774 0.769 0.611 0.667 0.611 
0.370 0.849 0.645 0.774 0.769 0.611 0.667 0.667 
0.395 0.840 0.652 0.774 0.769 0.667 0.667 0.667 
0.404 0.816 0.655 0.774 0.846 0.667 0.722 0.722 
0.389 0.825 0.653 0.774 0.769 0.667 0.722 0.667 
0.376 0.854 0.651 0.792 0.769 0.667 0.722 0.722 
0.381 0.844 0.645 0.774 0.769 0.611 0.667 0.667 
0.379 0.835 0.646 0.774 0.769 0.611 0.667 0.611 
0.382 0.825 0.640 0.774 0.769 0.611 0.611 0.611 
0.381 0.825 0.643 0.774 0.769 0.611 0.667 0.611 
0.405 0.816 0.643 0.774 0.769 0.611 0.611 0.611 
0.364 0.835 0.643 0.774 0.769 0.611 0.667 0.611 
0.356 0.835 0.645 0.792 0.769 0.611 0.667 0.667 
0.374 0.830 0.648 0.792 0.769 0.667 0.722 0.667 
0.375 0.844 0.649 0.792 0.769 0.667 0.722 0.722 
0.375 0.840 0.646 0.792 0.769 0.667 0.722 0.667 
0.386 0.840 0.646 0.792 0.769 0.667 0.667 0.667 
0.388 0.830 0.646 0.792 0.769 0.667 0.667 0.667 
0.373 0.840 0.653 0.774 0.769 0.667 0.722 0.667 
0.377 0.844 0.648 0.774 0.769 0.611 0.667 0.667 
0.371 0.825 0.647 0.774 0.769 0.611 0.667 0.611 
0.388 0.835 0.645 0.774 0.769 0.611 0.667 0.611 
0.389 0.825 0.639 0.774 0.769 0.611 0.611 0.611 
0.389 0.840 0.637 0.774 0.769 0.611 0.611 0.611 
0.393 0.825 0.637 0.774 0.769 0.611 0.611 0.611 
0.379 0.840 0.641 0.774 0.769 0.611 0.611 0.611 
0.371 0.835 0.644 0.774 0.769 0.611 0.667 0.611 
0.374 0.830 0.647 0.774 0.769 0.611 0.667 0.611 
0.369 0.835 0.648 0.774 0.769 0.611 0.667 0.611 
0.367 0.835 0.647 0.774 0.769 0.611 0.667 0.611 
0.371 0.844 0.646 0.774 0.769 0.611 0.667 0.611 
0.363 0.835 0.642 0.774 0.769 0.611 0.667 0.611 
0.383 0.849 0.642 0.774 0.769 0.611 0.667 0.611 
0.382 0.821 0.642 0.774 0.769 0.611 0.667 0.667 
0.382 0.830 0.643 0.774 0.769 0.611 0.667 0.667 
0.393 0.854 0.652 0.774 0.769 0.667 0.722 0.667 
0.387 0.821 0.653 0.774 0.769 0.667 0.722 0.667 
0.371 0.835 0.649 0.792 0.769 0.667 0.667 0.667 
0.373 0.849 0.652 0.792 0.769 0.667 0.722 0.667 
0.369 0.840 0.645 0.774 0.769 0.667 0.667 0.667 
0.373 0.840 0.644 0.774 0.769 0.611 0.667 0.667 
0.385 0.840 0.641 0.774 0.769 0.611 0.667 0.611 
0.383 0.835 0.643 0.774 0.769 0.611 0.667 0.611 
0.384 0.830 0.647 0.774 0.769 0.611 0.667 0.611 
0.374 0.844 0.651 0.774 0.769 0.611 0.667 0.667 
0.376 0.854 0.653 0.774 0.769 0.611 0.667 0.667 
0.370 0.854 0.652 0.774 0.769 0.611 0.667 0.667 
0.362 0.835 0.652 0.774 0.769 0.611 0.667 0.611 
0.393 0.830 0.647 0.774 0.769 0.611 0.667 0.611 
0.380 0.830 0.645 0.774 0.769 0.611 0.667 0.667 
0.389 0.844 0.645 0.774 0.769 0.611 0.667 0.667 
0.390 0.811 0.650 0.774 0.769 0.667 0.667 0.667 
0.385 0.840 0.648 0.774 0.769 0.667 0.667 0.667 
0.425 0.835 0.648 0.755 0.769 0.667 0.667 0.667 
0.376 0.830 0.648 0.755 0.769 0.667 0.667 0.667 
0.396 0.835 0.643 0.755 0.769 0.667 0.667 0.667 
0.396 0.825 0.640 0.774 0.769 0.667 0.667 0.667 
0.368 0.844 0.640 0.774 0.769 0.667 0.667 0.667 
0.386 0.835 0.639 0.774 0.769 0.611 0.667 0.611 
0.367 0.840 0.641 0.774 0.769 0.611 0.667 0.611 
0.376 0.844 0.651 0.774 0.769 0.667 0.667 0.667 
0.370 0.844 0.652 0.774 0.769 0.667 0.667 0.667 
0.380 0.844 0.650 0.774 0.769 0.667 0.667 0.667 
0.374 0.840 0.640 0.774 0.769 0.611 0.667 0.611 
0.381 0.835 0.640 0.774 0.769 0.611 0.667 0.611 
0.398 0.835 0.646 0.774 0.769 0.611 0.667 0.611 
0.370 0.840 0.640 0.774 0.769 0.611 0.611 0.611 
0.388 0.844 0.643 0.774 0.769 0.611 0.667 0.611 
0.378 0.844 0.647 0.774 0.769 0.611 0.667 0.611 
0.394 0.821 0.650 0.774 0.769 0.667 0.667 0.667 
0.384 0.844 0.644 0.774 0.769 0.611 0.667 0.611 
0.365 0.840 0.640 0.774 0.769 0.611 0.611 0.611 
0.400 0.830 0.640 0.774 0.769 0.611 0.667 0.611 
0.371 0.835 0.641 0.774 0.769 0.611 0.667 0.611 
0.386 0.844 0.646 0.774 0.769 0.611 0.667 0.611 
0.400 0.835 0.641 0.774 0.769 0.611 0.611 0.611 
0.393 0.840 0.644 0.774 0.769 0.611 0.611 0.611 
0.385 0.802 0.645 0.774 0.769 0.611 0.667 0.611 
0.366 0.825 0.643 0.774 0.769 0.611 0.667 0.611 
0.366 0.835 0.646 0.774 0.769 0.611 0.667 0.667 
0.377 0.835 0.647 0.774 0.769 0.611 0.667 0.667 
0.371 0.849 0.647 0.774 0.769 0.611 0.667 0.667 
0.387 0.835 0.641 0.774 0.769 0.611 0.667 0.611 
0.380 0.835 0.602 0.792 0.769 0.556 0.611 0.556 
0.429 0.835 0.605 0.792 0.769 0.556 0.611 0.556 
0.424 0.821 0.605 0.792 0.769 0.556 0.611 0.556 
0.381 0.840 0.608 0.792 0.769 0.556 0.611 0.556 
0.421 0.825 0.610 0.792 0.769 0.556 0.611 0.556 
0.379 0.849 0.614 0.792 0.769 0.556 0.611 0.611 
0.373 0.840 0.611 0.792 0.769 0.556 0.611 0.556 
0.383 0.844 0.608 0.792 0.769 0.556 0.611 0.556 
0.404 0.835 0.608 0.792 0.769 0.556 0.611 0.556 
0.392 0.825 0.604 0.792 0.769 0.556 0.611 0.556 
0.386 0.835 0.607 0.792 0.769 0.556 0.611 0.556 
0.401 0.830 0.607 0.792 0.769 0.556 0.611 0.556 
0.379 0.840 0.603 0.792 0.769 0.556 0.611 0.556 
0.396 0.840 0.606 0.792 0.769 0.556 0.611 0.556 
0.400 0.840 0.607 0.792 0.769 0.556 0.611 0.556 
0.389 0.830 0.606 0.792 0.769 0.556 0.611 0.556 
0.380 0.830 0.606 0.792 0.769 0.556 0.611 0.556 
0.392 0.821 0.608 0.792 0.769 0.556 0.611 0.556 
0.410 0.811 0.607 0.792 0.769 0.556 0.611 0.556 
0.371 0.830 0.608 0.792 0.769 0.556 0.611 0.556 
0.382 0.835 0.609 0.792 0.769 0.556 0.611 0.556 
0.378 0.835 0.606 0.792 0.769 0.556 0.611 0.556 
0.381 0.840 0.611 0.792 0.769 0.556 0.611 0.556 
0.367 0.830 0.609 0.792 0.769 0.556 0.611 0.556 
0.388 0.835 0.609 0.792 0.769 0.556 0.611 0.556 
0.391 0.825 0.607 0.792 0.769 0.556 0.611 0.556 
0.377 0.844 0.606 0.792 0.769 0.556 0.611 0.556 
0.386 0.830 0.606 0.792 0.769 0.556 0.611 0.556 
0.396 0.835 0.604 0.792 0.769 0.556 0.611 0.556 
0.389 0.849 0.607 0.792 0.769 0.556 0.611 0.556 
0.398 0.821 0.607 0.792 0.769 0.556 0.611 0.556 
0.393 0.825 0.613 0.792 0.769 0.556 0.611 0.556 
0.393 0.835 0.613 0.792 0.769 0.556 0.611 0.556 
0.384 0.830 0.614 0.792 0.769 0.611 0.611 0.611 
0.386 0.830 0.610 0.792 0.769 0.556 0.611 0.556 
0.397 0.844 0.609 0.792 0.769 0.556 0.611 0.556 
0.387 0.821 0.606 0.792 0.769 0.556 0.611 0.556 
0.389 0.821 0.606 0.792 0.769 0.556 0.611 0.556 
0.398 0.835 0.604 0.792 0.769 0.556 0.611 0.556 
0.391 0.835 0.601 0.792 0.769 0.556 0.611 0.556 
0.401 0.821 0.603 0.792 0.769 0.556 0.611 0.556 
0.388 0.830 0.601 0.792 0.769 0.556 0.611 0.556 
0.388 0.835 0.601 0.792 0.769 0.556 0.611 0.556 
0.372 0.835 0.600 0.792 0.769 0.556 0.611 0.556 
0.412 0.830 0.604 0.792 0.769 0.556 0.611 0.556 
0.366 0.830 0.608 0.792 0.769 0.556 0.611 0.556 
0.379 0.835 0.608 0.792 0.769 0.556 0.611 0.556 
0.378 0.840 0.610 0.792 0.769 0.556 0.611 0.556 
0.377 0.835 0.610 0.792 0.769 0.556 0.611 0.556 
0.393 0.835 0.609 0.792 0.769 0.556 0.611 0.556 
0.386 0.821 0.607 0.792 0.769 0.556 0.611 0.556 
0.393 0.835 0.608 0.792 0.769 0.556 0.611 0.556 
0.365 0.830 0.604 0.792 0.769 0.556 0.611 0.556 
0.387 0.835 0.607 0.792 0.769 0.556 0.611 0.556 
0.393 0.830 0.604 0.792 0.769 0.556 0.611 0.556 
0.386 0.840 0.607 0.792 0.769 0.556 0.611 0.556 
0.380 0.849 0.607 0.792 0.769 0.556 0.611 0.556 
0.410 0.807 0.608 0.792 0.769 0.556 0.611 0.556 
0.386 0.840 0.607 0.792 0.769 0.556 0.611 0.556 
0.394 0.835 0.607 0.792 0.769 0.556 0.611 0.556 
0.395 0.840 0.604 0.792 0.769 0.556 0.611 0.556 
0.383 0.835 0.606 0.792 0.769 0.556 0.611 0.556 
0.392 0.816 0.607 0.792 0.769 0.556 0.611 0.556 
0.395 0.844 0.603 0.792 0.769 0.556 0.611 0.556 
0.386 0.830 0.605 0.792 0.769 0.556 0.611 0.556 
0.395 0.844 0.607 0.792 0.769 0.556 0.611 0.611 
0.404 0.830 0.605 0.792 0.769 0.556 0.611 0.556 
0.381 0.835 0.603 0.792 0.769 0.556 0.611 0.556 
0.400 0.816 0.601 0.792 0.769 0.556 0.611 0.556 
0.383 0.840 0.601 0.792 0.769 0.556 0.611 0.556 
0.373 0.821 0.602 0.792 0.769 0.556 0.611 0.556 
0.380 0.844 0.603 0.792 0.769 0.556 0.611 0.556 
0.388 0.825 0.607 0.792 0.769 0.556 0.611 0.556 
0.388 0.830 0.608 0.792 0.769 0.556 0.611 0.556 
0.392 0.830 0.605 0.792 0.769 0.556 0.611 0.556 
0.389 0.830 0.604 0.792 0.769 0.556 0.611 0.556 
0.393 0.844 0.600 0.792 0.769 0.556 0.611 0.556 
0.409 0.830 0.601 0.792 0.769 0.556 0.611 0.556 
0.413 0.825 0.597 0.792 0.769 0.556 0.611 0.556 
0.404 0.830 0.597 0.792 0.769 0.556 0.611 0.556 
0.395 0.830 0.600 0.792 0.769 0.556 0.611 0.556 
0.377 0.835 0.603 0.792 0.769 0.556 0.611 0.556 
0.388 0.825 0.606 0.792 0.769 0.556 0.611 0.556 
0.378 0.849 0.607 0.792 0.769 0.556 0.611 0.556 
0.389 0.830 0.605 0.792 0.769 0.556 0.611 0.556 
0.381 0.835 0.605 0.792 0.769 0.556 0.611 0.556 
0.384 0.849 0.602 0.792 0.769 0.556 0.611 0.556 
0.388 0.825 0.598 0.792 0.769 0.556 0.611 0.556 
0.423 0.825 0.598 0.792 0.769 0.556 0.611 0.556 
0.379 0.830 0.598 0.792 0.769 0.556 0.611 0.556 
0.387 0.830 0.601 0.792 0.769 0.556 0.611 0.556 
0.387 0.835 0.603 0.792 0.769 0.556 0.611 0.556 
0.380 0.844 0.603 0.792 0.769 0.556 0.611 0.556 
0.387 0.835 0.603 0.792 0.769 0.556 0.611 0.556 
0.377 0.835 0.601 0.792 0.769 0.556 0.611 0.556 
0.387 0.825 0.597 0.792 0.769 0.556 0.611 0.556 
0.377 0.825 0.597 0.792 0.769 0.556 0.611 0.556 
0.392 0.821 0.598 0.792 0.769 0.556 0.611 0.556 
0.398 0.830 0.597 0.792 0.769 0.556 0.611 0.556 
0.383 0.835 0.601 0.792 0.769 0.556 0.611 0.556 
0.399 0.816 0.579 0.811 0.692 0.500 0.500 0.500 
0.400 0.835 0.581 0.811 0.692 0.500 0.500 0.500 
0.398 0.830 0.580 0.811 0.692 0.500 0.556 0.500 
0.402 0.830 0.580 0.811 0.692 0.500 0.556 0.500 
0.397 0.844 0.580 0.811 0.692 0.500 0.500 0.500 
0.402 0.821 0.578 0.811 0.692 0.500 0.500 0.500 
0.396 0.821 0.578 0.811 0.692 0.500 0.500 0.500 
0.394 0.830 0.575 0.811 0.692 0.500 0.500 0.500 
0.399 0.816 0.577 0.811 0.692 0.500 0.500 0.500 
0.394 0.835 0.576 0.811 0.692 0.500 0.500 0.500 
0.389 0.811 0.577 0.811 0.692 0.500 0.500 0.500 
0.405 0.835 0.578 0.811 0.692 0.500 0.500 0.500 
0.376 0.835 0.579 0.811 0.692 0.500 0.500 0.500 
0.393 0.825 0.580 0.811 0.692 0.500 0.500 0.500 
0.394 0.835 0.579 0.811 0.692 0.500 0.500 0.500 
0.415 0.816 0.577 0.811 0.692 0.500 0.500 0.500 
0.396 0.835 0.575 0.811 0.692 0.500 0.500 0.500 
0.392 0.835 0.574 0.811 0.692 0.500 0.500 0.500 
0.405 0.840 0.576 0.811 0.692 0.500 0.500 0.500 
0.393 0.825 0.577 0.811 0.692 0.500 0.500 0.500 
0.399 0.821 0.577 0.811 0.692 0.500 0.500 0.500 
0.392 0.825 0.577 0.811 0.692 0.500 0.500 0.500 
0.408 0.807 0.578 0.811 0.692 0.500 0.500 0.500 
0.398 0.840 0.578 0.811 0.692 0.500 0.500 0.500 
0.399 0.835 0.580 0.811 0.692 0.500 0.500 0.500 
0.402 0.830 0.580 0.811 0.692 0.500 0.500 0.500 
0.383 0.825 0.579 0.811 0.692 0.500 0.500 0.500 
0.391 0.830 0.581 0.811 0.692 0.500 0.500 0.500 
0.404 0.840 0.580 0.811 0.692 0.500 0.500 0.500 
0.386 0.854 0.578 0.811 0.692 0.500 0.500 0.500 
0.394 0.830 0.578 0.811 0.692 0.500 0.500 0.500 
0.400 0.825 0.577 0.811 0.692 0.500 0.500 0.500 
0.387 0.830 0.575 0.811 0.692 0.500 0.500 0.500 
0.405 0.825 0.577 0.811 0.692 0.500 0.500 0.500 
0.385 0.830 0.577 0.811 0.692 0.500 0.500 0.500 
0.401 0.830 0.579 0.811 0.692 0.500 0.500 0.500 
0.393 0.844 0.580 0.811 0.692 0.500 0.500 0.500 
0.403 0.830 0.580 0.811 0.692 0.500 0.500 0.500 
0.406 0.821 0.577 0.811 0.692 0.500 0.500 0.500 
0.404 0.835 0.576 0.811 0.692 0.500 0.500 0.500 
0.396 0.821 0.575 0.811 0.692 0.500 0.500 0.500 
0.388 0.835 0.575 0.811 0.692 0.500 0.500 0.500 
0.380 0.825 0.575 0.811 0.692 0.500 0.500 0.500 
0.398 0.825 0.575 0.811 0.692 0.500 0.500 0.500 
0.408 0.844 0.575 0.811 0.692 0.500 0.500 0.500 
0.394 0.825 0.575 0.811 0.692 0.500 0.500 0.500 
0.384 0.825 0.576 0.811 0.692 0.500 0.500 0.500 
0.391 0.825 0.577 0.811 0.692 0.500 0.500 0.500 
0.391 0.830 0.577 0.811 0.692 0.500 0.500 0.500 
0.419 0.825 0.577 0.811 0.692 0.500 0.500 0.500 
0.396 0.830 0.577 0.811 0.692 0.500 0.500 0.500 
0.372 0.835 0.575 0.811 0.692 0.500 0.500 0.500 
0.391 0.830 0.574 0.811 0.692 0.500 0.500 0.500 
0.439 0.797 0.574 0.811 0.692 0.500 0.500 0.500 
0.384 0.825 0.572 0.811 0.692 0.500 0.500 0.500 
0.392 0.825 0.574 0.811 0.692 0.500 0.500 0.500 
0.415 0.825 0.577 0.811 0.692 0.500 0.500 0.500 
0.392 0.821 0.574 0.811 0.692 0.500 0.500 0.500 
0.396 0.835 0.576 0.811 0.692 0.500 0.500 0.500 
0.388 0.835 0.578 0.811 0.692 0.500 0.500 0.500 
0.397 0.835 0.578 0.811 0.692 0.500 0.500 0.500 
0.403 0.830 0.578 0.811 0.692 0.500 0.500 0.500 
0.382 0.830 0.578 0.811 0.692 0.500 0.500 0.500 
0.394 0.830 0.576 0.811 0.692 0.500 0.500 0.500 
0.389 0.849 0.575 0.811 0.692 0.500 0.500 0.500 
0.394 0.844 0.576 0.811 0.692 0.500 0.500 0.500 
0.400 0.830 0.573 0.811 0.692 0.500 0.500 0.500 
0.390 0.830 0.573 0.792 0.692 0.500 0.500 0.500 
0.392 0.821 0.573 0.792 0.692 0.500 0.500 0.500 
0.408 0.821 0.574 0.792 0.692 0.500 0.500 0.500 
0.401 0.825 0.573 0.792 0.692 0.500 0.500 0.500 
0.398 0.821 0.575 0.792 0.692 0.500 0.500 0.500 
0.404 0.807 0.575 0.811 0.692 0.500 0.500 0.500 
0.398 0.821 0.577 0.811 0.692 0.500 0.500 0.500 
0.408 0.825 0.578 0.811 0.692 0.500 0.500 0.500 
0.395 0.825 0.578 0.811 0.692 0.500 0.500 0.500 
0.383 0.830 0.575 0.811 0.692 0.500 0.500 0.500 
0.393 0.825 0.576 0.811 0.692 0.500 0.500 0.500 
0.393 0.825 0.575 0.792 0.692 0.500 0.500 0.500 
0.395 0.830 0.577 0.811 0.692 0.500 0.500 0.500 
0.389 0.840 0.578 0.811 0.692 0.500 0.500 0.500 
0.372 0.844 0.576 0.811 0.692 0.500 0.500 0.500 
0.383 0.830 0.576 0.811 0.692 0.500 0.500 0.500 
0.383 0.830 0.574 0.811 0.692 0.500 0.500 0.500 
0.409 0.816 0.575 0.811 0.692 0.500 0.500 0.500 
0.370 0.825 0.574 0.811 0.692 0.500 0.500 0.500 
0.378 0.830 0.576 0.811 0.692 0.500 0.500 0.500 
0.399 0.821 0.577 0.811 0.692 0.500 0.500 0.500 
0.388 0.821 0.575 0.811 0.692 0.500 0.500 0.500 
0.403 0.816 0.574 0.811 0.692 0.500 0.500 0.500 
0.392 0.835 0.573 0.811 0.692 0.500 0.500 0.500 
0.390 0.825 0.574 0.792 0.692 0.500 0.500 0.500 
0.393 0.816 0.574 0.811 0.692 0.500 0.500 0.500 
0.386 0.835 0.575 0.811 0.692 0.500 0.500 0.500 
0.381 0.835 0.576 0.811 0.692 0.500 0.500 0.500 
0.395 0.840 0.576 0.811 0.692 0.500 0.500 0.500 
0.401 0.830 0.577 0.811 0.692 0.500 0.500 0.500 
0.397 0.830 0.577 0.811 0.692 0.500 0.500 0.500 
0.416 0.816 0.576 0.811 0.692 0.500 0.500 0.500 
0.389 0.821 0.573 0.811 0.692 0.500 0.500 0.500 
